                    0                    0                    0                    0
  0.55267702936360619        4.8809615191078494E-002   5.8243377932829229E-002  -4.9820740401859923E-002   3.6060477721055163E-008   10.228736107977772     
   1.1053540587272124       0.10285424844796381        5.6079259808592810E-002 -0.10028180235213320        4.2392370919221594E-008   7.5636408426345572     
   1.6580310880908185       0.11809750926198399        4.5733839090724107E-002 -0.11229814919420508        4.3083940799974548E-008   6.9652037465823549     
   2.2107081174544247       0.11808870545526171        3.8391714216949563E-002 -0.11025163848605776        4.4135690080382480E-008   7.4006048487165899     
   2.7633851468180310       0.11262148058559165        3.3854327630683322E-002 -0.10395027161667716        4.6037390742943883E-008   8.2080203933299423     
   3.3160621761816369       0.10538194118880943        3.1199463994607751E-002  -9.6286469941739422E-002   4.5693219310793228E-008   9.3811180594661874     
   3.8687392055452432        9.8121665727040661E-002   2.9549285063932423E-002  -8.8959402604971941E-002   4.2731242754280396E-008   9.8615124329282562     
   4.4214162349088495        9.1673882519820046E-002   2.8489092298647174E-002  -8.2722635701262329E-002   4.1760968244167248E-008   10.798306748827782     
   4.9740932642724554        8.6269520861236682E-002   2.7709206692177704E-002  -7.7915793537438591E-002   4.5457622380285640E-008   10.705751962655960     
   5.5267702936360621        8.1426857661115723E-002   2.7096136225590609E-002  -7.3580471643913403E-002   3.9538398354400684E-008   10.514332677660446     
   6.0794473229996679        7.7346214363865184E-002   2.6884210604661035E-002  -6.9632027784788303E-002   4.3416450822992823E-008   11.827121520571612     
   6.6321243523632738        7.3878313156653289E-002   2.6501647772529283E-002  -6.6442411630274548E-002   4.4494362960395103E-008   11.771626454470979     
   7.1848013817268805        7.1020512652607448E-002   2.6181576030886541E-002  -6.4080992233497322E-002   4.4089376570521992E-008   11.103887979295886     
   7.7374784110904864        6.8584428094095734E-002   2.6097419490392695E-002  -6.2143758509164412E-002   4.3367372385718356E-008   11.748943948123131     
   8.2901554404540931        6.6434429916927343E-002   2.5910704336863183E-002  -6.0419041108714183E-002   4.5187534605239826E-008   11.488890162433439     
   8.8428324698176990        6.4514530324323999E-002   2.5681406639083377E-002  -5.8825472077746785E-002   3.9335033706582631E-008   11.183370792514788     
   9.3955094991813048        6.3060003627757336E-002   2.5695691114476598E-002  -5.7704845631792345E-002   4.7070269518281733E-008   12.503775966565556     
   9.9481865285449107        6.1824158531042228E-002   2.5586925055817680E-002  -5.6623681490860889E-002   4.3918809512204959E-008   11.396099251966140     
   10.500863557908518        6.0571769341269024E-002   2.5503671291453912E-002  -5.5425665789746836E-002   4.6866174223946333E-008   11.376806630273187     
   11.053540587272124        5.9288475757584481E-002   2.5421744220943225E-002  -5.4195619385737762E-002   4.3916196035700788E-008   11.798050022760590     
   11.606217616635730        5.8201191780878743E-002   2.5308364772324270E-002  -5.3274635304730644E-002   4.2590157751835722E-008   11.279543215255691     
   12.158894645999336        5.7389169114445110E-002   2.5304230285912149E-002  -5.2579102043712037E-002   4.4654230133473709E-008   11.128882861614542     
   12.711571675362942        5.6699935128038725E-002   2.5169384288548410E-002  -5.2008719757296172E-002   4.2284790896789565E-008   11.158137798005470     
   13.264248704726548        5.6279665494482337E-002   2.5106243325816031E-002  -5.1845752859019649E-002   4.2111310655168482E-008   10.827958921176227     
   13.816925734090155        5.6005728573014203E-002   2.5181067094001551E-002  -5.1711360821578983E-002   4.0969220071302464E-008   10.557161021542811     
   14.369602763453761        5.5749652141317475E-002   2.5215208361008851E-002  -5.1587840519386176E-002   3.4828072317720665E-008   13.618241253373791     
   14.922279792817367        5.5449354264612775E-002   2.5143239865541126E-002  -5.1237117278579616E-002   4.5501522411551491E-008   11.016647221970105     
   15.474956822180973        5.5091246564482228E-002   2.4991722220419003E-002  -5.0782328461397803E-002   4.5291084662212031E-008   10.548979463290848     
   16.027633851544579        5.4836481039938149E-002   2.4961859620631851E-002  -5.0447289911132891E-002   4.0107455415496983E-008   10.543781952394191     
   16.580310880908186        5.4677717431023232E-002   2.4863792705006986E-002  -5.0473670132861741E-002   4.1096354046602270E-008   10.481138320234006     
   17.132987910271790        5.4585466838083962E-002   2.4853039689055011E-002  -5.0514007675856266E-002   4.0767576910167999E-008   10.093956819425117     
   17.685664939635398        5.4428737420025811E-002   2.4953250429569515E-002  -5.0467553901331112E-002   4.2055912488389134E-008   10.323353612972932     
   18.238341968999006        5.4238432306817637E-002   2.4826568308807959E-002  -5.0073133216461202E-002   3.8478297530469551E-008   10.153267821587765     
   18.791018998362610        5.4179660963648964E-002   2.4760734186394601E-002  -5.0016274825822916E-002   4.2187538497663579E-008   10.380146028320755     
   19.343696027726217        5.4083632785854430E-002   2.4728175386932342E-002  -4.9839889689521188E-002   3.9946174087576505E-008   10.077080249044682     
   19.896373057089821        5.3993647268390794E-002   2.4999101014781380E-002  -4.9784465209957239E-002   4.2508207083880583E-008   10.536656348325861     
   20.449050086453429        5.3829193312798194E-002   2.5007781593198160E-002  -4.9704878181268043E-002   3.7708197832700080E-008   10.468957464845111     
   21.001727115817037        5.3969384668426830E-002   2.4992336857685298E-002  -4.9850792754864724E-002   4.0129067832518018E-008   10.393749332117565     
   21.554404145180641        5.4077692678113284E-002   2.5031728407145053E-002  -5.0058562103662954E-002   4.1597780996641620E-008   10.562966518899955     
   22.107081174544248        5.4283444961651883E-002   2.4978186593265537E-002  -5.0512859146345353E-002   3.9403188940675159E-008   10.470854842048617     
   22.659758203907852        5.4529136633124940E-002   2.5109680414096731E-002  -5.0918136875117592E-002   3.8889903028950883E-008   10.338901677770943     
   23.212435233271460        5.4724686249275435E-002   2.5234303071074587E-002  -5.1083253187040975E-002   4.2310720592906517E-008   10.660945444572024     
   23.765112262635068        5.4740178135127798E-002   2.5316872984893657E-002  -5.0932964792108119E-002   4.3415606056105176E-008   10.995943494910673     
   24.317789291998672        5.4828213862467307E-002   2.5247043935546356E-002  -5.0983474251969793E-002   4.3639135772860176E-008   10.384217778216621     
   24.870466321362279        5.4891080794271636E-002   2.5281852731296128E-002  -5.0922637010390799E-002   4.4313511845334139E-008   10.642759143824769     
   25.423143350725883        5.4650763306999570E-002   2.5400651151652395E-002  -5.0491962416208590E-002   4.2978964346754489E-008   11.116260633130846     
   25.975820380089491        5.4516441005303486E-002   2.5212816544815470E-002  -5.0174321301547989E-002   4.3761455209973611E-008   11.068794415111313     
   26.528497409453095        5.4509538157123547E-002   2.5378398685936328E-002  -5.0362074175371557E-002   4.0128105373768142E-008   10.925387368070561     
   27.081174438816703        5.4303580574487226E-002   2.5396188352937474E-002  -5.0327940455657486E-002   3.9857897199828296E-008   11.463634007361682     
   27.633851468180310        5.4210556250208597E-002   2.5311649890290899E-002  -5.0294495212320912E-002   4.1130096741992513E-008   11.013340651268283     
   28.186528497543915        5.4346153298580148E-002   2.5414551177389839E-002  -5.0376700581479222E-002   4.4285081852735423E-008   10.951068022055596     
   28.739205526907522        5.4378306530362228E-002   2.5352511719764961E-002  -5.0330326131334389E-002   3.9830536614509670E-008   10.894601796256721     
   29.291882556271126        5.4557495852328095E-002   2.5324912718307429E-002  -5.0506025570732561E-002   4.4659103763579575E-008   10.982699411140111     
   29.844559585634734        5.4641351553783704E-002   2.5340103799772074E-002  -5.0656033652179626E-002   4.5022147050759722E-008   11.216885089686889     
   30.397236614998342        5.4652751860592985E-002   2.5346627309355597E-002  -5.0792322656512991E-002   4.2706386181197589E-008   11.280528386528726     
   30.949913644361946        5.4633461840452681E-002   2.5245100279436071E-002  -5.0940214413805966E-002   4.4999411542190508E-008   11.294674012379968     
   31.502590673725553        5.4469937832794878E-002   2.5202178184167926E-002  -5.0665983086324667E-002   4.2947613287367754E-008   10.750482359943872     
   32.055267703089157        5.4282397906938132E-002   2.5209589731741915E-002  -5.0472365389600690E-002   4.1511146954793882E-008   11.090314876999633     
   32.607944732452765        5.4189856394132901E-002   2.5040312314409115E-002  -5.0616291453700647E-002   4.4448202690652772E-008   10.768994379667774     
   33.160621761816373        5.4051813719964981E-002   2.4989420992201566E-002  -5.0555677205367425E-002   4.1766604258804371E-008   10.704055868241392     
   33.713298791179980        5.4010653412304883E-002   2.4917337067529258E-002  -5.0595549114538230E-002   4.7945326411938746E-008   10.910021992379761     
   34.265975820543581        5.3767291722655500E-002   2.4978484086967720E-002  -5.0262248183156583E-002   3.9340035960994945E-008   10.997326927661806     
   34.818652849907188        5.3596417517017353E-002   2.4935895034173861E-002  -5.0080945559105888E-002   4.1519608546499124E-008   10.452753332834627     
   35.371329879270796        5.3544189438257991E-002   2.5036334738044494E-002  -5.0097083800291480E-002   4.2356181364066917E-008   10.974256354887620     
   35.924006908634404        5.3318417062525998E-002   2.5000653261095521E-002  -4.9613954034404856E-002   4.2992993857388608E-008   11.034526376040716     
   36.476683937998011        5.3166427454431210E-002   2.4935085094635243E-002  -4.9435051385708528E-002   3.6916890749420953E-008   10.424792669004383     
   37.029360967361612        5.3185470863216483E-002   2.4991681797787473E-002  -4.9599252639815967E-002   3.5671611517344466E-008   10.831900529752428     
   37.582037996725219        5.3168330236803209E-002   2.4953819500881960E-002  -4.9746523887883899E-002   3.7626011067821394E-008   10.698019318221437     
   38.134715026088827        5.3266132008972351E-002   2.4854987875129200E-002  -5.0059632374889133E-002   3.9769080888692320E-008   10.704361196024314     
   38.687392055452435        5.3319361656761072E-002   2.4715861630911658E-002  -4.9745604973396744E-002   3.7335686495778234E-008   10.182004395077815     
   39.240069084816042        5.3291839680103890E-002   2.4706029784528506E-002  -4.9648856340481849E-002   4.2802568953968029E-008   10.602381394333785     
   39.792746114179643        5.3128976483183481E-002   2.4763102909430505E-002  -4.9426900445629661E-002   3.7117494697398826E-008   10.503516816384758     
   40.345423143543250        5.2872391725472950E-002   2.4622140354224078E-002  -4.8973610193499467E-002   3.1599918653624268E-008   9.9565444729624577     
   40.898100172906858        5.2973050107653262E-002   2.4558774439431778E-002  -4.9267731096103176E-002   3.3400088404032264E-008   10.055250182759158     
   41.450777202270466        5.3161664427746433E-002   2.4506106449741778E-002  -4.9686038752738054E-002   3.2894063673034678E-008   10.046081198406247     
   42.003454231634073        5.3266325035608228E-002   2.4406222885427188E-002  -4.9938047373338602E-002   3.1572900743550564E-008   9.7821844772389319     
   42.556131260997674        5.3340085393962455E-002   2.4393312678261052E-002  -5.0075398703222737E-002   3.1418947620453465E-008   9.8747458231036465     
   43.108808290361281        5.3338964257894111E-002   2.4369968628068183E-002  -4.9896040235808126E-002   3.0584020472131775E-008   9.8664661885739360     
   43.661485319724889        5.3267467382971716E-002   2.4304626103457148E-002  -4.9643509077447252E-002   3.0797631710031966E-008   9.8122178742451176     
   44.214162349088497        5.3160979191217171E-002   2.4375392817857593E-002  -4.9238631999327119E-002   3.2761840201049869E-008   10.031495208601617     
   44.766839378452104        5.3053943772413431E-002   2.4308683410520848E-002  -4.8960476817214195E-002   3.0014709106958706E-008   10.229860100918579     
   45.319516407815705        5.3099901446465779E-002   2.4230697258330804E-002  -4.9039766871169885E-002   2.7608121968081758E-008   9.8351009955852291     
   45.872193437179313        5.3236307019155431E-002   2.4130529005981966E-002  -4.9311317037210256E-002   3.0295235143920116E-008   9.8332652043672724     
   46.424870466542920        5.3411047122452406E-002   2.4100593216108586E-002  -4.9618674908753296E-002   3.4895435069180442E-008   9.9444618748777209     
   46.977547495906528        5.3277041146866704E-002   2.3988052388421516E-002  -4.9528577357952928E-002   3.2374234833643544E-008   9.9158817086363733     
   47.530224525270135        5.3003375028030583E-002   2.3931970957019374E-002  -4.9094673161511435E-002   2.8989724544860562E-008   9.9644257486653292     
   48.082901554633736        5.2879814598790514E-002   2.3928341563909133E-002  -4.8862535400082667E-002   2.9709864598172115E-008   9.9046679105158812     
   48.635578583997344        5.2808054967837623E-002   2.3885113254160317E-002  -4.8990004002228547E-002   3.4347916588256107E-008   9.8967943466435635     
   49.188255613360951        5.2669096722841688E-002   2.3774648486354369E-002  -4.8761387076559679E-002   3.0635293559641259E-008   9.6318446413694527     
   49.740932642724559        5.2650833330474871E-002   2.3741402060666404E-002  -4.8608232753241568E-002   3.2047653801465045E-008   9.6146724739453742     
   50.293609672088166        5.2568832257575769E-002   2.3688067936568660E-002  -4.8523180932634823E-002   2.8057292105052886E-008   9.5591878413353335     
   50.846286701451767        5.2329758536442471E-002   2.3665558005718915E-002  -4.8155520532231995E-002   2.7714946273947994E-008   9.6285714380938376     
   51.398963730815375        5.2310903326990288E-002   2.3577913886780336E-002  -4.8103251313812684E-002   2.9682418308693708E-008   9.6240209607212321     
   51.951640760178982        5.2442920873762053E-002   2.3460557663584916E-002  -4.8399509612083925E-002   2.8532365721399724E-008   9.1990881576600234     
   52.504317789542590        5.2488850000088266E-002   2.3416244493304660E-002  -4.8438940929490006E-002   2.8029566658808307E-008   9.4688592835862249     
   53.056994818906190        5.2472758620998441E-002   2.3385543380205015E-002  -4.8490932342403079E-002   2.8613906596408776E-008   9.2359337255310390     
   53.609671848269798        5.2535077890550244E-002   2.3437733406205960E-002  -4.8779587682229737E-002   2.7927880194672919E-008   9.6251007325762341     
   54.162348877633406        5.2605964183646423E-002   2.3400619955506834E-002  -4.9030086793765394E-002   2.6796023074194171E-008   9.2791604827211565     
   54.715025906997013        5.2557631409894855E-002   2.3374744489086659E-002  -4.8854077975190258E-002   2.5919839753886344E-008   9.5683033696590236     
   55.267702936360621        5.2718952579469125E-002   2.3313114342106461E-002  -4.8965614019665586E-002   3.0770524587804071E-008   9.4425294321319893     
   55.820379965724221        5.2789170970733386E-002   2.3313220058257936E-002  -4.9043164349355281E-002   2.7145292586598473E-008   9.2890606565218192     
   56.373056995087829        5.2769634510357259E-002   2.3339081912820223E-002  -4.9035910756344385E-002   2.8588404402712174E-008   9.3100272737281973     
   56.925734024451437        5.2653089056767938E-002   2.3258011040101167E-002  -4.8866572639691172E-002   3.0597291866189315E-008   9.0935340065439316     
   57.478411053815044        5.2469336789590072E-002   2.3236074299259182E-002  -4.8359242904039472E-002   2.7317668490628075E-008   9.1904112414280075     
   58.031088083178652        5.2541271303288582E-002   2.3261344773141589E-002  -4.8312970056716670E-002   2.8444895768580260E-008   9.5024390713269611     
   58.583765112542252        5.2785569399424706E-002   2.3313621070371347E-002  -4.8994301252867675E-002   3.3598583121900334E-008   9.8276086631281245     
   59.136442141905860        5.2897818992841607E-002   2.3416972329970368E-002  -4.9364439075142943E-002   3.1496561884333747E-008   9.5248701707177315     
   59.689119171269468        5.3037504091974927E-002   2.3369494672858891E-002  -4.9493695820415545E-002   3.4593994077937708E-008   9.7963023724962142     
   60.241796200633075        5.3231816371828590E-002   2.3309987348376988E-002  -4.9459093084379055E-002   3.7419326762510815E-008   9.5588736690740728     
   60.794473229996683        5.3346488119386248E-002   2.3336165821880223E-002  -4.9443457696877545E-002   4.1198856234864479E-008   9.7320086626500526     
   61.347150259360284        5.3266884964143169E-002   2.3363535359208834E-002  -4.9088226414172750E-002   3.4235523374032670E-008   9.6211395558179866     
   61.899827288723891        5.3083188104340449E-002   2.3380466566075401E-002  -4.8694548158261644E-002   3.3051391111586471E-008   9.4315120819100855     
   62.452504318087499        5.2958393269414698E-002   2.3514692064103952E-002  -4.8567489390537871E-002   3.6418550884004399E-008   9.9600221994534621     
   63.005181347451106        5.2911801104181248E-002   2.3522398043025052E-002  -4.8760360238909964E-002   3.3855027843495684E-008   9.6231784274849765     
   63.557858376814714        5.2847839848350259E-002   2.3359472282544130E-002  -4.8744230749849703E-002   3.5923505489324266E-008   9.4426184520100414     
   64.110535406178315        5.2698256467138514E-002   2.3416903644937814E-002  -4.8688301107743914E-002   3.4094857715986832E-008   9.3800298785384122     
   64.663212435541922        5.2513405000340699E-002   2.3445697214929600E-002  -4.8721921029942467E-002   3.7364171080379987E-008   9.7169953993385754     
   65.215889464905530        5.9162953845760043E-002   2.5483433705123591E-002  -5.4182743489522192E-002   6.9713142587134873E-008   12.119947862949923     
   65.768566494269137        7.2646689920109780E-002   2.7553430884991216E-002  -6.5464830828569950E-002   1.1649357612200960E-007   14.077087392495265     
   66.321243523632745        7.6103804112369416E-002   2.5310978268258937E-002  -6.8558005051010007E-002   9.6004875727348292E-008   10.282585284769755     
   66.873920552996353        7.0166406832396555E-002   2.3964625982015309E-002  -6.3599136144371987E-002   6.9970325863337456E-008   9.9274843804333273     
   67.426597582359960        6.4733451859895305E-002   2.3423686714504906E-002  -5.9411752473901375E-002   5.7820131518137621E-008   10.043573475291220     
   67.979274611723568        6.0887431283368897E-002   2.3348505664934176E-002  -5.6390411471507362E-002   4.9079233546323973E-008   9.9574279657710090     
   68.531951641087161        5.8158324060045875E-002   2.3346729777162959E-002  -5.4111356857199824E-002   4.5667542195222773E-008   9.9386130417186092     
   69.084628670450769        5.6351114664188774E-002   2.3361416118067795E-002  -5.2436392181865986E-002   4.3767117192413346E-008   9.9582702164373007     
   69.637305699814377        5.5152554592140947E-002   2.3480375711905564E-002  -5.1277637183914308E-002   3.9815884029659024E-008   10.153342554817447     
   70.189982729177984        5.4406375994315095E-002   2.3541266861561383E-002  -5.0783256371331791E-002   4.0354540507469150E-008   10.151817754439882     
   70.742659758541592        5.3835161747706327E-002   2.3617144161363315E-002  -5.0119666340186463E-002   3.7678681612952087E-008   10.488913503399159     
   71.295336787905200        5.3419269252796074E-002   2.3489255377339167E-002  -4.9724199575825211E-002   4.0310827613185829E-008   10.482844639318946     
   71.848013817268807        5.3134257476740429E-002   2.3604296002792315E-002  -4.9571287188207504E-002   4.4125004347962922E-008   10.571954803020066     
   72.400690846632415        5.3028699383630307E-002   2.3638978118790097E-002  -4.9432410407575303E-002   3.8370919955532432E-008   10.329437166830811     
   72.953367875996022        5.2983192454198108E-002   2.3783206539015833E-002  -4.9677272540374753E-002   3.9423159667504820E-008   10.575299551172545     
   73.506044905359616        5.2944920611772035E-002   2.3830819111993595E-002  -4.9870183126666176E-002   4.3104111119975374E-008   10.543712926953583     
   74.058721934723224        5.3033664303956111E-002   2.3962929366085361E-002  -5.0057477046290155E-002   4.5242201929515147E-008   10.687392724700551     
   74.611398964086831        5.3019844985441857E-002   2.3984456256395680E-002  -5.0069284532070400E-002   4.6964968095353841E-008   10.380264189276676     
   75.164075993450439        5.2882772209630863E-002   2.3972553784227163E-002  -4.9702996131423788E-002   4.6403654377024045E-008   10.576185166213321     
   75.716753022814046        5.2805525542932677E-002   2.3944464921618752E-002  -4.9474060527755076E-002   4.4383608715099509E-008   10.385323460236943     
   76.269430052177654        5.2823483317024626E-002   2.3995478514464659E-002  -4.9496518502786815E-002   4.4019676180987458E-008   10.555023386348703     
   76.822107081541262        5.2890728126176137E-002   2.4127548626442751E-002  -4.9543356698943622E-002   4.2706899802193608E-008   10.856253525665339     
   77.374784110904869        5.2961884378145946E-002   2.4035717392031787E-002  -4.9502449874835833E-002   4.7062822413367992E-008   10.574340884022631     
   77.927461140268477        5.2942241150891717E-002   2.4148772699013627E-002  -4.9261261608976016E-002   4.5054857185826654E-008   10.835345183584161     
   78.480138169632085        5.3104034753005236E-002   2.4209656486242209E-002  -4.9296120421237252E-002   4.8503191843698244E-008   10.917799345908147     
   79.032815198995678        5.3131297120462627E-002   2.4190416616784071E-002  -4.9169848015437528E-002   4.6924157410737305E-008   10.903542299049070     
   79.585492228359286        5.3074040833947900E-002   2.4101551147904667E-002  -4.9111526418792420E-002   4.6845611594694791E-008   11.071439215405809     
   80.138169257722893        5.2882147111600761E-002   2.4223717848420249E-002  -4.8714455236682691E-002   4.2140803810492766E-008   10.893552483376867     
   80.690846287086501        5.2687035767283175E-002   2.4261068326640194E-002  -4.8404867899306578E-002   4.2410914874136136E-008   11.108193982792377     
   81.243523316450108        5.2822270027608059E-002   2.4276106339312910E-002  -4.8694678914511541E-002   5.1524643486193678E-008   11.634691418317948     
   81.796200345813716        5.2911115094122968E-002   2.4458170439467818E-002  -4.8993972376364908E-002   5.4619418602048607E-008   11.615910754103894     
   82.348877375177324        5.2675950624154359E-002   2.4457641849194467E-002  -4.8959716724660027E-002   4.7759752394281945E-008   11.840961150534682     
   82.901554404540931        5.2542321994288051E-002   2.4350436307434428E-002  -4.8687564073055786E-002   5.0830363295554279E-008   11.398952569725092     
   83.454231433904539        5.2592563270384148E-002   2.4503597471757590E-002  -4.8650207388951434E-002   4.5794560826574514E-008   11.702006454985522     
   84.006908463268147        5.2769146867827729E-002   2.4586573352012739E-002  -4.8670534092931664E-002   5.3472967068433345E-008   12.146001194737917     
   84.559585492631740        5.2799329490196369E-002   2.4461986233733031E-002  -4.8843704467419480E-002   4.6533650628797389E-008   11.593544120737347     
   85.112262521995348        5.2840644044792544E-002   2.4409982885792641E-002  -4.9212941762872060E-002   4.9817947123716894E-008   11.807661338172471     
   85.664939551358955        5.2962702237116466E-002   2.4423067881754731E-002  -4.9464215203810599E-002   4.9182398476342713E-008   11.378467984399471     
   86.217616580722563        5.3042144887282483E-002   2.4456973440534453E-002  -4.9357624475720917E-002   5.0969621639530959E-008   11.832419588888932     
   86.770293610086171        5.3099455742631509E-002   2.4474585425175797E-002  -4.9270522210698019E-002   4.8874101515271431E-008   11.632533663624168     
   87.322970639449778        5.3191851865611477E-002   2.4607814260984309E-002  -4.9530953793240476E-002   4.9718019931129937E-008   11.798655356614198     
   87.875647668813386        5.3394825715200357E-002   2.4492769097923011E-002  -4.9770237316830668E-002   5.7072208310964175E-008   12.192646566817412     
   88.428324698176993        5.3715066010400860E-002   2.4304155210483201E-002  -5.0151060033078662E-002   5.6646607555453232E-008   11.721140499942765     
   88.981001727540601        5.3803348357293487E-002   2.4463834009557352E-002  -4.9987849417655016E-002   5.6306345566781339E-008   12.226872412822047     
   89.533678756904209        5.3753516744923187E-002   2.4299442078225632E-002  -4.9772573680442696E-002   5.2879454569162200E-008   11.666210711945881     
   90.086355786267802        5.3897239750905053E-002   2.4358993115787066E-002  -4.9820892088262271E-002   5.5908270724105319E-008   12.131991037055164     
   90.639032815631410        5.3902743278557569E-002   2.4279778696497639E-002  -4.9774585585476268E-002   4.7562195186356809E-008   11.636271547334385     
   91.191709844995017        5.3834436844184722E-002   2.4352054917844465E-002  -4.9625126533066166E-002   4.8429359223907219E-008   11.695544303265386     
   91.744386874358625        5.3871845010649878E-002   2.4336476209379114E-002  -4.9684499184232442E-002   4.9438527705542812E-008   11.802752393162187     
   92.297063903722233        5.4025584263011947E-002   2.4310511975404139E-002  -5.0045133987939416E-002   5.0608753642642783E-008   12.041803357125058     
   92.849740933085840        5.4118281706699779E-002   2.4224264852599268E-002  -5.0307617315544187E-002   4.8898364111723575E-008   11.630716823330140     
   93.402417962449448        5.4067411735908413E-002   2.4031900456115775E-002  -5.0296700296122120E-002   4.9188155325084234E-008   11.096010944608397     
   93.955094991813056        5.4041577740231127E-002   2.4090318456073862E-002  -5.0077846349469969E-002   5.0475465441748566E-008   11.910789241253646     
   94.507772021176663        5.4007049770771878E-002   2.4093655913911157E-002  -5.0138088084207201E-002   5.0246209788810023E-008   11.403903727618966     
   95.060449050540271        5.3814909885010594E-002   2.3993470897958918E-002  -4.9792287417539688E-002   4.3177399597333770E-008   11.394328226577640     
   95.613126079903864        5.3676072736685176E-002   2.3995273850647605E-002  -4.9650147585573720E-002   4.4124208989262152E-008   11.094805184973987     
   96.165803109267472        5.3506728613496896E-002   2.3945176094389901E-002  -4.9435655461961971E-002   3.8308305275423406E-008   11.049653544750070     
   96.718480138631080        5.3466137075839526E-002   2.3867193250803057E-002  -4.9195011278206378E-002   3.8804665529001085E-008   11.242912690075899     
   97.271157167994687        5.3488583474495484E-002   2.3853606066231322E-002  -4.9057681910782559E-002   4.0726012279405141E-008   11.207617347870750     
   97.823834197358295        5.3401884331161588E-002   2.3703012983788716E-002  -4.8995327933916435E-002   3.7340713201383388E-008   10.850197792249880     
   98.376511226721902        5.3327263963115018E-002   2.3734410134013249E-002  -4.9136089147991814E-002   3.9031130566666500E-008   11.267171986672286     
   98.929188256085510        5.3227635351364246E-002   2.3753685594281017E-002  -4.9253120007150562E-002   3.7130366765499408E-008   11.066552255124058     
   99.481865285449118        5.3119987894077951E-002   2.3835872697934926E-002  -4.9252821036282098E-002   3.6327328703430128E-008   10.898147821410980     
   100.03454231481273        5.2965377856991083E-002   2.3686791235194630E-002  -4.9181215188724023E-002   3.4765063246460923E-008   10.653959603873400     
   100.58721934417633        5.2983307123895866E-002   2.3602226055637093E-002  -4.8901067938582878E-002   3.3408041501318038E-008   10.383851640086915     
   101.13989637353993        5.2921631865179765E-002   2.3513014276760086E-002  -4.8732261040154899E-002   3.0386241869010136E-008   10.380281558807095     
   101.69257340290353        5.2859339763343338E-002   2.3405607407945200E-002  -4.8838222605232191E-002   2.9854329584359301E-008   10.201478798599885     
   102.24525043226714        5.3012199179067375E-002   2.3457912682337656E-002  -4.9137157103958176E-002   4.0657398019676952E-008   10.335357048460736     
   102.79792746163075        5.2936969158864811E-002   2.3509648071188979E-002  -4.9249815761748771E-002   3.8708052055102929E-008   10.582562014702820     
   103.35060449099436        5.2882853267599630E-002   2.3334962245402550E-002  -4.9101821298307757E-002   3.5096492863463199E-008   10.187325145382623     
   103.90328152035796        5.2853214025734500E-002   2.3348030163338210E-002  -4.9018249877554314E-002   3.6349958371188139E-008   10.393193964557801     
   104.45595854972157        5.2922161215158511E-002   2.3178732462651709E-002  -4.8935242596232019E-002   3.5210988494040026E-008   9.9743732630615245     
   105.00863557908518        5.2892884999623996E-002   2.3214624005843218E-002  -4.8872984960762145E-002   3.4339703754935151E-008   10.039203044507365     
   105.56131260844879        5.2862128015640893E-002   2.3187884659930567E-002  -4.8862929528594272E-002   3.2979347417421769E-008   9.8092866410923136     
   106.11398963781238        5.2928289675776716E-002   2.3251463494621965E-002  -4.8951841180675769E-002   4.0740406876633986E-008   10.562496316562919     
   106.66666666717599        5.2815275398196193E-002   2.3051920830622723E-002  -4.9091423219320446E-002   3.7590140773258104E-008   9.6454259679723737     
   107.21934369653960        5.2616878308594947E-002   2.2947973972247047E-002  -4.8892150025105871E-002   3.2567651963402187E-008   9.6402162918041157     
   107.77202072590320        5.2555206485993607E-002   2.2996881819715730E-002  -4.8823073725810906E-002   3.2975448767517054E-008   10.160563687009542     
   108.32469775526681        5.2657780567694372E-002   2.3023939621906686E-002  -4.8778400672483256E-002   3.6662807997269146E-008   10.199627298468384     
   108.87737478463042        5.2614220971115414E-002   2.3001886299080263E-002  -4.8627859327766962E-002   3.2902950333878541E-008   10.205644109612312     
   109.43005181399403        5.2533109031783119E-002   2.2891763885433149E-002  -4.8502007066829285E-002   3.4086809081029628E-008   9.7468054044389785     
   109.98272884335763        5.2358374573171829E-002   2.2828450821086827E-002  -4.8223256525653999E-002   3.2093902707066051E-008   9.7718338155633013     
   110.53540587272124        5.2362241802137048E-002   2.2774175242071083E-002  -4.8202847648508858E-002   3.1490166095704525E-008   9.5118017936939996     
   111.08808290208485        5.2326175353441862E-002   2.2715182936104607E-002  -4.8108222412062258E-002   2.9763083469386491E-008   9.5331453876162637     
   111.64075993144844        5.2239419702830123E-002   2.2685669284004360E-002  -4.7941833574826884E-002   3.1480422725725048E-008   9.8541514517785558     
   112.19343696081205        5.2096479237832449E-002   2.2709592737291066E-002  -4.7907409023443849E-002   2.9502421015964692E-008   9.6994664531754733     
   112.74611399017566        5.2097971354194021E-002   2.2659236412255691E-002  -4.8062311672919016E-002   2.9890177182589703E-008   9.4652784619759274     
   113.29879101953927        5.2097763636977608E-002   2.2639467887336229E-002  -4.8128020451775944E-002   3.0038944688068001E-008   9.2441579165633794     
   113.85146804890287        5.1990967284753734E-002   2.2604872120281377E-002  -4.7895830985493396E-002   3.1545381095118717E-008   9.2618931731976470     
   114.40414507826648        5.1853881758219734E-002   2.2627665160901662E-002  -4.7706351897893802E-002   2.8339210641058451E-008   9.1339954928498415     
   114.95682210763009        5.1941746839776162E-002   2.2532445685444241E-002  -4.7794440543816270E-002   3.3366308002879099E-008   9.0354533942049144     
   115.50949913699370        5.2043378501675536E-002   2.2524437544696286E-002  -4.7963728649231457E-002   3.0102017981687094E-008   8.9629329440997392     
   116.06217616635730        5.2118355534286488E-002   2.2485824359797551E-002  -4.8158563882959596E-002   2.9184930019897747E-008   9.0220623390063430     
   116.61485319572091        5.2037372239423917E-002   2.2485068238365491E-002  -4.8299294457188335E-002   3.0480830101138578E-008   8.9240091804152843     
   117.16753022508450        5.1734173756788841E-002   2.2393765637164758E-002  -4.8167021612833739E-002   2.7499581018324565E-008   8.8360197323636207     
   117.72020725444811        5.1610429134480586E-002   2.2332263655842781E-002  -4.8034176744038329E-002   2.9325286648786181E-008   8.8768861853773426     
   118.27288428381172        5.1420357940849773E-002   2.2273381290658978E-002  -4.7684223771380436E-002   2.5397689394211913E-008   8.6525627167882853     
   118.82556131317533        5.1313986868178112E-002   2.2224683786370009E-002  -4.7652020204128238E-002   2.3943430446496295E-008   8.6461677841247191     
   119.37823834253894        5.1393708517366653E-002   2.2246617431840674E-002  -4.8015828114996009E-002   2.5972510855019961E-008   8.9538518816511932     
   119.93091537190254        5.1446667652605541E-002   2.2281473959420012E-002  -4.8206296420536920E-002   2.2903178552647977E-008   8.8405514377036774     
   120.48359240126615        5.1406879974153878E-002   2.2338457259237963E-002  -4.7977775146462384E-002   2.4042474786132764E-008   8.6395155399653447     
   121.03626943062976        5.1412274517775094E-002   2.2339032365375447E-002  -4.7900606794451163E-002   2.9360925286018380E-008   8.8911327522709893     
   121.58894645999337        5.1450793205576925E-002   2.2283097674655035E-002  -4.8330506192587240E-002   2.8115999394777220E-008   8.7540730751971303     
   122.14162348935697        5.1504634858359176E-002   2.2356044272826024E-002  -4.8705998032423169E-002   2.9583105705616222E-008   8.7898650161945326     
   122.69430051872057        5.1635450365341624E-002   2.2363472707926331E-002  -4.8952936671439691E-002   2.8188453372122739E-008   8.9445435147207544     
   123.24697754808417        5.1863093341601670E-002   2.2339108828065071E-002  -4.8940380438704259E-002   2.9032250176971717E-008   8.6140798066383137     
   123.79965457744778        5.2002533972806034E-002   2.2321111695831647E-002  -4.8870610958525629E-002   2.6999004326435265E-008   8.5654439269915414     
   124.35233160681139        5.2136558168386929E-002   2.2271780411014599E-002  -4.8878721978225639E-002   2.8203184488241150E-008   8.5142732973886712     
   124.90500863617500        5.2105395365871297E-002   2.2264919345820571E-002  -4.8792103575417516E-002   3.0977165978134943E-008   8.6375348887120964     
   125.45768566553861        5.1945008789418844E-002   2.2164870101857692E-002  -4.8738050961541116E-002   3.0883152707910719E-008   8.5221778726525592     
   126.01036269490221        5.1895308910626763E-002   2.2031122595855428E-002  -4.8842451925914618E-002   3.1100384207132157E-008   8.4419468502448716     
   126.56303972426582        5.1862547808081139E-002   2.2004955766223668E-002  -4.8660492766422689E-002   2.9058783181780125E-008   8.5865426356410843     
   127.11571675362943        5.1745646685543954E-002   2.1986477459414126E-002  -4.8371721528907966E-002   2.5093660195860200E-008   8.4455114060267018     
   127.66839378299304        5.1747981098156398E-002   2.2018269843666966E-002  -4.8282836022221214E-002   3.0339549467944044E-008   8.6732164125096034     
   128.22107081235663        5.1753215475157321E-002   2.2044180554175889E-002  -4.7976248420017666E-002   3.0002750174322650E-008   8.7070404772838828     
   128.77374784172025        5.1715666249564918E-002   2.1921103222605150E-002  -4.7730724694776704E-002   3.0711586201345917E-008   8.5417815647204893     
   129.32642487108384        5.1711345347762915E-002   2.1980271865046266E-002  -4.7873325798215759E-002   3.1098325436589315E-008   8.7295592009995033     
   129.87910190044747        5.1667975795454409E-002   2.1976856580099249E-002  -4.7900481714273836E-002   3.0550111739204731E-008   8.5599171674829346     
   130.43177892981106        5.1627383702635685E-002   2.1935584855093625E-002  -4.7834980273949716E-002   2.8508949991637559E-008   8.6241059979798429     
