  0.13617021276612387       0.38708390994319225        1.8815711522368935E-002 -0.40589962146556319     
  0.27234042553224774       0.38697213397913283        1.8353569941186684E-002 -0.40532570392031902     
  0.40851063829837164       0.38682621383249688        1.8467120570242888E-002 -0.40529333440273974     
  0.54468085106449549       0.38673374049400311        1.8713676043454482E-002 -0.40544741653745608     
  0.68085106383061933       0.38661003687178713        1.9353199616131071E-002 -0.40596323648791832     
  0.81702127659674328       0.38668419226371792        1.9275659537544950E-002 -0.40595985180126376     
  0.95319148936286713       0.38697915285241719        1.8172046631008090E-002 -0.40515119948342981     
   1.0893617021289910       0.38734891976499014        1.8628241989182070E-002 -0.40597716175417431     
   1.2255319148951149       0.38789726351171100        1.8255322562644043E-002 -0.40615258607435406     
   1.3617021276612387       0.38824256496014869        1.8470684816359974E-002 -0.40671324977650902     
   1.4978723404273626       0.38844331378246916        1.8819796624330889E-002 -0.40726311040680302     
   1.6340425531934866       0.38848242235188751        1.8620825984191031E-002 -0.40710324833607880     
   1.7702127659596103       0.38814163939842877        1.8937596264778245E-002 -0.40707923566320825     
   1.9063829787257343       0.38770519072954945        1.8430648221833885E-002 -0.40613583895138133     
   2.0425531914918582       0.38708804998851826        1.8956763113476924E-002 -0.40604481310199703     
   2.1787234042579819       0.38648109051176310        1.9464713349654973E-002 -0.40594580386141904     
   2.3148936170241057       0.38590116413053632        1.9814291926311216E-002 -0.40571545605684711     
   2.4510638297902299       0.38577353695807981        1.9604056364164502E-002 -0.40537759332224210     
   2.5872340425563536       0.38590224664569112        1.8539402504179549E-002 -0.40444164914987296     
   2.7234042553224773       0.38641811592710401        1.8814374206045276E-002 -0.40523249013315210     
   2.8595744680886015       0.38701368610377784        1.7830733005865036E-002 -0.40484441910964375     
   2.9957446808547252       0.38774552212622637        1.7254086523948949E-002 -0.40499960865017592     
   3.1319148936208490       0.38825173606863966        1.7501182343286344E-002 -0.40575291841192251     
   3.2680851063869731       0.38863508929233281        1.7102768436374632E-002 -0.40573785772870419     
   3.4042553191530969       0.38887176196613510        1.7471269628382229E-002 -0.40634303159451707     
   3.5404255319192206       0.38883503089001320        1.6140962673789876E-002 -0.40497599356380176     
   3.6765957446853443       0.38885535164290963        1.5469697209909540E-002 -0.40432504885281917     
   3.8127659574514685       0.38886396909907234        1.6851025187092292E-002 -0.40571499428616487     
   3.9489361702175922       0.38907425179827543        1.7505418121048590E-002 -0.40657966991932876     
   4.0851063829837164       0.38915705635458908        1.7453723424019348E-002 -0.40661077977860766     
   4.2212765957498402       0.38974916976282825        1.8085648979050000E-002 -0.40783481874187805     
   4.3574468085159639       0.39002541809009322        1.8405269306691140E-002 -0.40843068739678406     
   4.4936170212820876       0.39022293332403513        1.7726804857926215E-002 -0.40794973818195879     
   4.6297872340482114       0.39023118738393148        1.8068521495292995E-002 -0.40829970887922601     
   4.7659574468143351       0.39033324313219608        1.8703245535430766E-002 -0.40903648866762976     
   4.9021276595804597       0.39040436460063321        1.7576001233165637E-002 -0.40798036583379466     
   5.0382978723465834       0.39054825677982630        1.8493548496192704E-002 -0.40904180527601885     
   5.1744680851127072       0.39071066788600772        1.9177907420308549E-002 -0.40988857530631628     
   5.3106382978788309       0.39098248322825074        1.9044987547295247E-002 -0.41002747077554608     
   5.4468085106449546       0.39105777815932363        1.8487407357569464E-002 -0.40954518551688968     
   5.5829787234110784       0.39116318446607445        1.9171572794621138E-002 -0.41033475726069679     
   5.7191489361772030       0.39101122922608061        1.9394033096853197E-002 -0.41040526232293284     
   5.8553191489433267       0.39091048817970925        1.9490488652388747E-002 -0.41040097683209681     
   5.9914893617094505       0.39068205269717132        1.8447034251336019E-002 -0.40912908694850747     
   6.1276595744755742       0.39050219997059660        1.9139640199320733E-002 -0.40964184016991739     
   6.2638297872416979       0.39069826267194385        1.8500885803525428E-002 -0.40919914847547029     
   6.4000000000078217       0.39087385107107731        1.7744836040238569E-002 -0.40861868711131827     
   6.5361702127739463       0.39068170115007850        1.7922037561314424E-002 -0.40860373871139138     
   6.6723404255400700       0.39047790978631491        1.7840119389782985E-002 -0.40831802917609827     
   6.8085106383061937       0.39057458216395230        1.8457828138209662E-002 -0.40903241030216020     
   6.9446808510723175       0.39068797054737409        1.9314553579480653E-002 -0.41000252412685328     
   7.0808510638384412       0.39098372775581602        1.8743637575978550E-002 -0.40972736533179510     
   7.2170212766045649       0.39121435573476621        1.8880854608586687E-002 -0.41009521034335306     
   7.3531914893706887       0.39135443650405471        1.9586346486243956E-002 -0.41094078299029635     
   7.4893617021368133       0.39135738669169029        1.9593086274829610E-002 -0.41095047296652132     
   7.6255319149029370       0.39152603714899309        2.0051370245669307E-002 -0.41157740739466198     
   7.7617021276690608       0.39182158337975143        1.9395086155145708E-002 -0.41121666953490082     
   7.8978723404351845       0.39190832029463268        1.9199472117591879E-002 -0.41110779241222783     
   8.0340425532013082       0.39161084492071385        1.9008789898098687E-002 -0.41061963481880925     
   8.1702127659674328       0.39121585606453207        1.8111328654171276E-002 -0.40932718471870150     
   8.3063829787335557       0.39112678818505853        1.8010739342520090E-002 -0.40913752752758109     
   8.4425531914996803       0.39101955517488141        1.7981116633563637E-002 -0.40900067180844385     
   8.5787234042658032       0.39118018752914263        1.8599075063373900E-002 -0.40977926259251451     
   8.7148936170319278       0.39113455734934816        1.8329040667201413E-002 -0.40946359801655091     
   8.8510638297980524       0.39118794539125490        1.8315850391706308E-002 -0.40950379578296259     
   8.9872340425641752       0.39127147047280580        1.9062040241678083E-002 -0.41033351071448720     
   9.1234042553302999       0.39154876779699199        1.8987961606205722E-002 -0.41053672940319846     
   9.2595744680964227       0.39206241827014515        1.9482196492228682E-002 -0.41154461476236859     
   9.3957446808625473       0.39237077559109690        1.9538694498391924E-002 -0.41190947008948881     
   9.5319148936286702       0.39291341295958987        1.8272912499736175E-002 -0.41118632545932687     
   9.6680851063947948       0.39329349443489536        1.8215618482273887E-002 -0.41150911291717146     
   9.8042553191609194       0.39339559108932465        1.7146361623749364E-002 -0.41054195271307470     
   9.9404255319270423       0.39333657195921345        1.8108174573153484E-002 -0.41144474653236546     
   10.076595744693167       0.39324237093624276        1.8852216576463882E-002 -0.41209458751270217     
   10.212765957459290       0.39310593763412210        1.8363753119116238E-002 -0.41146969075323603     
   10.348936170225414       0.39328246675335793        1.8595450191181927E-002 -0.41187791694454573     
   10.485106382991539       0.39351998620968193        1.7639492894657847E-002 -0.41115947910433631     
   10.621276595757662       0.39360831053248785        1.8937802103239934E-002 -0.41254611263572566     
   10.757446808523786       0.39387433400998562        1.7692657897100270E-002 -0.41156699190708412     
   10.893617021289909       0.39400380260724460        1.7037641879353169E-002 -0.41104144448659746     
   11.029787234056034       0.39398872330766521        1.7532285934647202E-002 -0.41152100924231072     
   11.165957446822157       0.39393375214280751        1.6915534453351349E-002 -0.41084928659615999     
   11.302127659588281       0.39343464614494794        1.6935398833362238E-002 -0.41037004497831275     
   11.438297872354406       0.39282565118195922        1.6794040850817780E-002 -0.40961969203277782     
   11.574468085120529       0.39198022048819942        1.5998905660665384E-002 -0.40797912614886533     
   11.710638297886653       0.39066441908103500        1.6777010792419077E-002 -0.40744142987345322     
   11.846808510652776       0.38945795259777649        1.6959803796227951E-002 -0.40641775639400379     
   11.982978723418901       0.38834712553773620        1.6837040059336845E-002 -0.40518416559707165     
   12.119148936185024       0.38784868507732040        1.7842309240541723E-002 -0.40569099431785904     
   12.255319148951148       0.38767187290279354        1.7837514956402546E-002 -0.40550938785919161     
   12.391489361717273       0.38755307818409834        1.7329042125622283E-002 -0.40488212030972248     
   12.527659574483396       0.38745338127790369        1.7475546395602108E-002 -0.40492892767350541     
   12.663829787249520       0.38720431832254348        1.7197621634674767E-002 -0.40440193995721846     
   12.800000000015643       0.38693146179151866        1.7829835904498357E-002 -0.40476129769601599     
   12.936170212781768       0.38687476807414478        1.7971994375796038E-002 -0.40484676244994156     
   13.072340425547893       0.38701181926375977        1.7020394260627174E-002 -0.40403221352438307     
   13.208510638314015       0.38710082604033547        1.7329260766483751E-002 -0.40443008680682319     
   13.344680851080140       0.38711366430301064        1.8230574510358658E-002 -0.40534423881336723     
   13.480851063846263       0.38716314163387172        1.7811794517448409E-002 -0.40497493615131686     
   13.617021276612387       0.38706475085757019        1.7664097788476923E-002 -0.40472884864604508     
   13.753191489378510       0.38693970784790299        1.7742421136024221E-002 -0.40468212898392897     
   13.889361702144635       0.38664737836646373        1.8587293603648171E-002 -0.40523467197011098     
   14.025531914910760       0.38632281164348919        1.8823511320755611E-002 -0.40514632296424341     
   14.161702127676882       0.38628347758234305        1.8620763742126442E-002 -0.40490424132447239     
   14.297872340443007       0.38657502535474020        1.9066259609726320E-002 -0.40564128496446533     
   14.434042553209130       0.38677665414867651        1.8339333305452864E-002 -0.40511598745413019     
   14.570212765975254       0.38691019238190083        1.8360682132006909E-002 -0.40527087451390720     
   14.706382978741377       0.38685663720350821        1.8314788104345239E-002 -0.40517142530785516     
   14.842553191507502       0.38688039478926073        1.8817101634383823E-002 -0.40569749642364533     
   14.978723404273627       0.38690312111047653        1.9145089637154434E-002 -0.40604821074763348     
   15.114893617039749       0.38694202886388285        1.8748583803590686E-002 -0.40569061266747702     
   15.251063829805874       0.38707381546147390        1.8280625996957907E-002 -0.40535444145843152     
   15.387234042571997       0.38769134286605927        1.8214952122220400E-002 -0.40590629498828079     
   15.523404255338122       0.38814393130002767        1.8758675155809475E-002 -0.40690260645584081     
   15.659574468104244       0.38858077182455275        1.9013581019992936E-002 -0.40759435284454343     
   15.795744680870369       0.38924771624238297        1.9109890082636357E-002 -0.40835760632501922     
   15.931914893636494       0.38979016997531496        1.9178174512226486E-002 -0.40896834448753838     
   16.068085106402616       0.39045186057192560        1.8757986968690740E-002 -0.40920984754061396     
   16.204255319168741       0.39098124917462485        1.7234759504823782E-002 -0.40821600867944807     
   16.340425531934866       0.39133704654200141        1.7292029534138626E-002 -0.40862907607613719     
   16.476595744700987       0.39165005980356737        1.6538924496035778E-002 -0.40818898429960615     
   16.612765957467111       0.39191942142509545        1.6586049126019110E-002 -0.40850547055111713     
   16.748936170233236       0.39167591325397449        1.6222174414703909E-002 -0.40789808766868024     
   16.885106382999361       0.39104860610182357        1.6059188742933390E-002 -0.40710779484475479     
   17.021276595765485       0.39036935775802806        1.6496791865090177E-002 -0.40686614962311474     
   17.157446808531606       0.38945146354760463        1.7526115468324922E-002 -0.40697757901592907     
   17.293617021297731       0.38872186372912210        1.7231083729968365E-002 -0.40595294745909316     
   17.429787234063856       0.38868474427490762        1.8017354161286196E-002 -0.40670209843619815     
   17.565957446829980       0.38864349429091910        1.8821035946264268E-002 -0.40746453023718182     
   17.702127659596105       0.38861983604960698        1.8547117754021271E-002 -0.40716695380362855     
   17.838297872362226       0.38855038666572234        1.8197112065159202E-002 -0.40674749873088351     
   17.974468085128350       0.38838909411257555        1.9195881127377204E-002 -0.40758497523995108     
   18.110638297894475       0.38820804810917697        1.8454950096815307E-002 -0.40666299820599217     
   18.246808510660600       0.38803617712937938        1.7757725431027129E-002 -0.40579390256040687     
   18.382978723426724       0.38759880468247548        1.8169637179709371E-002 -0.40576844186218380     
   18.519148936192845       0.38731523462241807        1.8320084141882128E-002 -0.40563531876429842     
   18.655319148958970       0.38691944654201305        1.8051257269726399E-002 -0.40497070381173672     
   18.791489361725095       0.38625528972928780        1.7938083624645912E-002 -0.40419337335393424     
   18.927659574491219       0.38556660031543555        1.7947163520084432E-002 -0.40351376383552123     
   19.063829787257340       0.38490805727695443        1.8734248462368489E-002 -0.40364230573932391     
   19.200000000023465       0.38434243987540728        1.8411680370664946E-002 -0.40275412024606977     
   19.336170212789590       0.38393930857449293        1.7916271406885290E-002 -0.40185557998137278     
   19.472340425555714       0.38376544465133272        1.6744317231822323E-002 -0.40050976188315046     
   19.608510638321839       0.38363202042513622        1.8248127004948270E-002 -0.40188014743008321     
   19.744680851087960       0.38367439008030713        1.8149005805951419E-002 -0.40182339588626104     
   19.880851063854085       0.38388854676942369        1.8171089762998721E-002 -0.40205963653242022     
   20.017021276620209       0.38417462444844835        1.8220100103024051E-002 -0.40239472455147218     
   20.153191489386334       0.38445800747939468        1.7074384150709988E-002 -0.40153239163010052     
   20.289361702152458       0.38463385657011556        1.8210831035856478E-002 -0.40284468760597453     
   20.425531914918579       0.38436189400082554        1.9137523474560984E-002 -0.40349941747538742     
   20.561702127684704       0.38384356962491950        1.9054570544599334E-002 -0.40289814016951842     
   20.697872340450829       0.38331900041770722        1.9808659825373446E-002 -0.40312766024308244     
   20.834042553216953       0.38273197346388704        1.9727492941405463E-002 -0.40245946640529556     
   20.970212765983078       0.38213677079823122        1.8622910766336615E-002 -0.40075968156456487     
   21.106382978749199       0.38165384764786503        1.8806052959048494E-002 -0.40045990060691378     
   21.242553191515324       0.38120864943661648        1.8279550441590558E-002 -0.39948819987820755     
   21.378723404281448       0.38098325478497613        1.8867219129850701E-002 -0.39985047391483047     
   21.514893617047573       0.38097568756748601        1.9294106965865195E-002 -0.40026979453335071     
   21.651063829813694       0.38099823097627455        1.9564824059755750E-002 -0.40056305503602907     
   21.787234042579819       0.38120644746559224        1.9167584633847292E-002 -0.40037403209943762     
   21.923404255345943       0.38123995347069412        1.8047769956863816E-002 -0.39928772342755636     
   22.059574468112068       0.38111263385271976        1.7700115491504371E-002 -0.39881274934422034     
   22.195744680878192       0.38106129060269400        1.6724828365555510E-002 -0.39778611896825028     
   22.331914893644313       0.38095394739296889        1.6552241191221461E-002 -0.39750618858419184     
   22.468085106410438       0.38068004325051169        1.5791646041337051E-002 -0.39647168929184645     
   22.604255319176563       0.38024346790884705        1.7041554289928776E-002 -0.39728502219877210     
   22.740425531942687       0.37983961966253443        1.6803810240509698E-002 -0.39664342990304752     
   22.876595744708812       0.37936457177581262        1.7177223566521287E-002 -0.39654179534233386     
   23.012765957474933       0.37874078257837313        1.7717493461893708E-002 -0.39645827604026557     
   23.148936170241058       0.37824888950658364        1.7730230705778161E-002 -0.39597912021236348     
   23.285106383007182       0.37793383368744171        1.7886321802457441E-002 -0.39582015548989541     
   23.421276595773307       0.37788033074176297        1.8151854527539670E-002 -0.39603218526930728     
   23.557446808539432       0.37798671248346721        1.8599979086026390E-002 -0.39658669156949150     
   23.693617021305553       0.37830848207470136        1.8780849158048698E-002 -0.39708933123274776     
   23.829787234071677       0.37868773870747768        1.9292676951135530E-002 -0.39798041565861469     
   23.965957446837802       0.37902475450326639        1.9377763103239180E-002 -0.39840251760650730     
   24.102127659603926       0.37912894658475188        1.8279887408482645E-002 -0.39740883399323229     
   24.238297872370048       0.37921761173190754        1.7918482405242988E-002 -0.39713609413714968     
   24.374468085136172       0.37916297543794980        1.8508782400585361E-002 -0.39767175783853698     
   24.510638297902297       0.37931892174161735        1.7345448746008279E-002 -0.39666437048762282     
   24.646808510668421       0.37944750013274786        1.7587356551762516E-002 -0.39703485668451027     
   24.782978723434546       0.37943075781448315        1.7536253432027780E-002 -0.39696701124651429     
   24.919148936200667       0.37934077973121089        1.7332433961249338E-002 -0.39667321369246278     
   25.055319148966792       0.37906608622637461        1.7358278771560924E-002 -0.39642436499793621     
   25.191489361732916       0.37862796625262135        1.7819135716340573E-002 -0.39644710196896110     
   25.327659574499041       0.37824961335167012        1.7546241401389800E-002 -0.39579585475306134     
   25.463829787265166       0.37767312604737108        1.6933029822017845E-002 -0.39460615586939046     
   25.600000000031287       0.37707296720527234        1.6136354017534181E-002 -0.39320932122280400     
   25.736170212797411       0.37662811708370175        1.6165263045656238E-002 -0.39279338012935444     
   25.872340425563536       0.37606971339234740        1.6197054591868831E-002 -0.39226676798421711     
   26.008510638329660       0.37571566766913528        1.6908072593132612E-002 -0.39262374026227181     
   26.144680851095785       0.37536839265410210        1.6637756815187702E-002 -0.39200614946928947     
   26.280851063861906       0.37499230022758734        1.7245537883164550E-002 -0.39223783811075175     
   26.417021276628031       0.37465985312045907        1.7898378464803442E-002 -0.39255823158526371     
   26.553191489394155       0.37434727081180058        1.8385212093720765E-002 -0.39273248290552226     
   26.689361702160280       0.37397250312201152        1.7839045361299512E-002 -0.39181154848331257     
   26.825531914926401       0.37360677533672842        1.7775009818169540E-002 -0.39138178515489830     
   26.961702127692526       0.37317170550996626        1.8626599355398180E-002 -0.39179830486536160     
   27.097872340458650       0.37291089927690685        1.8733437456062596E-002 -0.39164433673297272     
   27.234042553224775       0.37278780614656676        1.9087296003957435E-002 -0.39187510215052679     
   27.370212765990900       0.37273841333497160        1.8865687177704062E-002 -0.39160410051267708     
   27.506382978757021       0.37303225126233303        1.9260050281510028E-002 -0.39229230154384281     
   27.642553191523145       0.37332398830350216        1.9590077900700262E-002 -0.39291406620420188     
   27.778723404289270       0.37352959677857128        2.0062943749334903E-002 -0.39359254052790638     
   27.914893617055395       0.37358704381459468        1.9763078319238757E-002 -0.39335012213383080     
   28.051063829821519       0.37386612940820074        1.9722438893272822E-002 -0.39358856830147615     
   28.187234042587640       0.37414221386828117        2.0248167739209292E-002 -0.39439038160748535     
   28.323404255353765       0.37420408796965415        1.9213357084222629E-002 -0.39341744505387427     
   28.459574468119889       0.37408652118467883        1.8454076303964586E-002 -0.39254059748864611     
   28.595744680886014       0.37404985245687150        1.7632139748724560E-002 -0.39168199220559519     
   28.731914893652135       0.37411421478432627        1.8843842985483743E-002 -0.39295805776981035     
   28.868085106418260       0.37404521470220531        1.8398766907756343E-002 -0.39244398160996885     
   29.004255319184384       0.37390005224375544        1.8092891888484963E-002 -0.39199294413224095     
   29.140425531950509       0.37359273357492850        1.8283762162195759E-002 -0.39187649573712013     
   29.276595744716634       0.37374085979066457        1.8904379088444973E-002 -0.39264523887911446     
   29.412765957482755       0.37399937661434879        1.9830517414062634E-002 -0.39382989402841101     
   29.548936170248879       0.37385752437622949        1.9113535571315590E-002 -0.39297105994754605     
   29.685106383015004       0.37371124202490696        1.9751708543003503E-002 -0.39346295056790970     
   29.821276595781129       0.37343437919428285        2.0002279516575450E-002 -0.39343665871085681     
   29.957446808547253       0.37297957847941532        1.9536951799370490E-002 -0.39251653027878658     
   30.093617021313374       0.37252476207762120        2.0187410886194777E-002 -0.39271217296381861     
   30.229787234079499       0.37209487806459696        1.9917496998207631E-002 -0.39201237506280479     
   30.365957446845623       0.37159625537465796        1.9224652874423067E-002 -0.39082090824907922     
   30.502127659611748       0.37112020590867645        1.9277352667098124E-002 -0.39039755857577352     
   30.638297872377873       0.37085111631024498        1.9463805139993542E-002 -0.39031492145023761     
   30.774468085143994       0.37050242467501560        1.9764088331099668E-002 -0.39026651300611787     
   30.910638297910118       0.37010433937215897        2.0527482577626412E-002 -0.39063182194978291     
   31.046808510676243       0.37004050572841229        1.9236486294724020E-002 -0.38927699202313754     
   31.182978723442368       0.37006159644188741        1.9513244214386698E-002 -0.38957484065627540     
   31.319148936208489       0.37012764645700619        1.9286503383695627E-002 -0.38941414984070327     
   31.455319148974613       0.37018760767289721        1.8971334763430815E-002 -0.38915894243632865     
   31.591489361740738       0.36994718504729840        1.9075132752588198E-002 -0.38902231779988589     
   31.727659574506863       0.36960261419733148        1.8575445881966919E-002 -0.38817806007929812     
   31.863829787272987       0.36941167230925237        1.8829754619913024E-002 -0.38824142692916497     
   32.000000000039108       0.36942500111822396        1.8214986505464850E-002 -0.38763998762368901     
   32.136170212805233       0.36939372940961052        1.8506827128755343E-002 -0.38790055653836747     
   32.272340425571358       0.36919537761447502        1.7895945780503061E-002 -0.38709132339497765     
   32.408510638337482       0.36906059611503955        1.8076324516289554E-002 -0.38713692063132493     
   32.544680851103607       0.36896808774960749        1.8954741910241022E-002 -0.38792282965984465     
   32.680851063869731       0.36880468220283746        1.9546326331093974E-002 -0.38835100853392945     
   32.817021276635856       0.36841004521463744        1.8835654272410855E-002 -0.38724569948704962     
   32.953191489401974       0.36823513826573306        1.8560545120922690E-002 -0.38679568338665504     
   33.089361702168098       0.36822065970428269        1.8853824739322376E-002 -0.38707448444360520     
   33.225531914934223       0.36836835989854633        1.9062565174255995E-002 -0.38743092507280330     
   33.361702127700347       0.36841118274788648        1.9113271318385028E-002 -0.38752445406627012     
   33.497872340466472       0.36823228716555406        1.9433408287016188E-002 -0.38766569545257379     
   33.634042553232597       0.36850207522117728        1.9611223906104910E-002 -0.38811329912728115     
   33.770212765998721       0.36886991282009479        1.9837170013961222E-002 -0.38870708283405725     
   33.906382978764846       0.36921657644897615        1.9641987991945751E-002 -0.38885856444092265     
   34.042553191530970       0.36974521935859572        1.8707922486126335E-002 -0.38845314184471985     
   34.178723404297095       0.36999070713244209        1.8723982228928938E-002 -0.38871468936137349     
   34.314893617063213       0.37016006380790201        1.9237240877649019E-002 -0.38939730468554767     
   34.451063829829337       0.37011907568342300        1.8023974763858246E-002 -0.38814305044728054     
   34.587234042595462       0.36994762834908546        1.8729501353178343E-002 -0.38867712970226631     
   34.723404255361586       0.36976700341678093        1.8987220548517706E-002 -0.38875422396530279     
   34.859574468127711       0.36936812360275989        1.8251154749489226E-002 -0.38761927835224780     
   34.995744680893836       0.36912283141272551        1.9075826563948212E-002 -0.38819865797667397     
   35.131914893659960       0.36909813751975756        1.9225885476490467E-002 -0.38832402299624691     
   35.268085106426085       0.36897708226452408        1.9440200950282892E-002 -0.38841728321480729     
   35.404255319192210       0.36882981790105029        1.8470403776731391E-002 -0.38730022167777917     
   35.540425531958327       0.36888607234582277        1.9804142102978997E-002 -0.38869021444879931     
   35.676595744724452       0.36878872586777872        1.8868862793987667E-002 -0.38765758866176403     
   35.812765957490576       0.36884333393436730        1.9614327419179751E-002 -0.38845766135354964     
   35.948936170256701       0.36887291927550520        1.8887736927263955E-002 -0.38776065620276845     
   36.085106383022826       0.36904530849545664        1.8184148191279965E-002 -0.38722945668673686     
   36.221276595788950       0.36937976719708110        1.7683427483866556E-002 -0.38706319468094563     
   36.357446808555075       0.36954594591760676        1.7863871121903362E-002 -0.38740981703951149     
   36.493617021321199       0.36973267710811308        1.7513520457522344E-002 -0.38724619756563428     
   36.629787234087324       0.36995054958063978        1.8214257697433164E-002 -0.38816480727807684     
   36.765957446853449       0.37009343930030481        1.9381749616065268E-002 -0.38947518891636940     
   36.902127659619566       0.37032272731887972        1.9174984384935621E-002 -0.38949771170381275     
   37.038297872385691       0.37032862520449145        1.8922438766680965E-002 -0.38925106397117176     
   37.174468085151815       0.37042369370697409        1.9083611488469251E-002 -0.38950730519544668     
   37.310638297917940       0.37068492181723711        1.8337658755069496E-002 -0.38902258057230465     
   37.446808510684065       0.37096889519133036        1.8807838922944752E-002 -0.38977673411427449     
   37.582978723450189       0.37118088150772949        1.8816869088319744E-002 -0.38999775059604713     
   37.719148936216314       0.37144882740594537        1.9649235219898652E-002 -0.39109806262584618     
   37.855319148982439       0.37168677046084442        1.9804449075135195E-002 -0.39149121953597743     
   37.991489361748563       0.37189305433206504        2.0077689573563227E-002 -0.39197074390562670     
   38.127659574514681       0.37185021715701078        2.1251273349100250E-002 -0.39310149050610943     
   38.263829787280805       0.37156648483133070        2.0379635384459562E-002 -0.39194612021578623     
   38.400000000046930       0.37110284188045334        2.0256120889847677E-002 -0.39135896277029897     
   38.536170212813055       0.37073166986699962        2.0902579832450498E-002 -0.39163424969945537     
   38.672340425579179       0.37038409172729442        2.0715891792970481E-002 -0.39109998352026548     
   38.808510638345304       0.36986322868774818        2.0600468175963060E-002 -0.39046369686370874     
   38.944680851111428       0.36913411635549292        2.0155774073295222E-002 -0.38928989042878881     
   39.080851063877553       0.36823198379795824        1.9620607163707074E-002 -0.38785259096166813     
   39.217021276643678       0.36741267774635644        2.0190616786640189E-002 -0.38760329453299547     
   39.353191489409802       0.36680291573924800        1.9233491523514345E-002 -0.38603640726276567     
   39.489361702175920       0.36653276227295783        1.8943757796289939E-002 -0.38547652006924649     
   39.625531914942044       0.36648615663368156        1.8536815255943178E-002 -0.38502297188962542     
   39.761702127708169       0.36653209874005060        1.9575063402388862E-002 -0.38610716214243834     
   39.897872340474294       0.36663345229129884        1.8899153306822070E-002 -0.38553260559812275     
   40.034042553240418       0.36687016058903649        1.8760413101239649E-002 -0.38563057369027903     
   40.170212766006543       0.36708936195488406        1.7579321568126905E-002 -0.38466868352300959     
   40.306382978772668       0.36713077932148946        1.7335586807896743E-002 -0.38446636612938484     
   40.442553191538792       0.36712656181057746        1.7958092299100118E-002 -0.38508465410967474     
   40.578723404304917       0.36705524935320494        1.8690104086607547E-002 -0.38574535343981003     
   40.714893617071034       0.36680711593402610        1.8477182472289931E-002 -0.38528429840631462     
   40.851063829837159       0.36655200945464850        1.7821328669596348E-002 -0.38437333812424523     
   40.987234042603284       0.36646165818358756        1.8362683743356867E-002 -0.38482434192694037     
   41.123404255369408       0.36644340615315280        1.8520114320110050E-002 -0.38496352047326421     
   41.259574468135533       0.36682701199150974        1.7797727914263959E-002 -0.38462473990576940     
   41.395744680901657       0.36724646716885717        1.7572317089643543E-002 -0.38481878425849986     
   41.531914893667782       0.36758652249507690        1.7177145194575853E-002 -0.38476366768965442     
   41.668085106433907       0.36782481675835044        1.7625215863092472E-002 -0.38545003262144600     
   41.804255319200031       0.36814050517436114        1.7865232828188325E-002 -0.38600573800254911     
   41.940425531966156       0.36841198726003938        1.6710916978614883E-002 -0.38512290423865464     
   42.076595744732273       0.36829009395760098        1.6845186807565457E-002 -0.38513528076516657     
   42.212765957498398       0.36800160155776146        1.7192261558181599E-002 -0.38519386311594861     
   42.348936170264523       0.36774146322594736        1.7267016365062945E-002 -0.38500847959101392     
   42.485106383030647       0.36716798127718386        1.7169774667040030E-002 -0.38433775594422620     
   42.621276595796772       0.36645432318462728        1.7566557345790445E-002 -0.38402088053041877     
   42.757446808562896       0.36579360717296905        1.7683232965488783E-002 -0.38347684013845779     
   42.893617021329021       0.36503655902187210        1.7202078046570833E-002 -0.38223863706844530     
   43.029787234095146       0.36449938211629546        1.6426830959518614E-002 -0.38092621307581037     
   43.165957446861270       0.36393825193434792        1.6679025421179029E-002 -0.38061727735552447     
   43.302127659627388       0.36317506034708580        1.7122782999543021E-002 -0.38029784334662836     
   43.438297872393512       0.36263006653698082        1.7068801176593193E-002 -0.37969886771357481     
   43.574468085159637       0.36219776518501351        1.6158542510659495E-002 -0.37835630769567069     
   43.710638297925762       0.36187261380549623        1.6205131651281318E-002 -0.37807774545677691     
   43.846808510691886       0.36153906725818646        1.6600468337923117E-002 -0.37813953559611024     
   43.982978723458011       0.36118972030102736        1.7926685991069551E-002 -0.37911640629209503     
   44.119148936224136       0.36091587313003337        1.7468141862137181E-002 -0.37838401499216900     
   44.255319148990260       0.36084582251920816        1.7219552471899491E-002 -0.37806537499110338     
   44.391489361756385       0.36079350430263557        1.7861418191736068E-002 -0.37865492249437066     
   44.527659574522509       0.36067330135208175        1.7348001964504006E-002 -0.37802130331658362     
   44.663829787288627       0.36044538821940397        1.6955559719169646E-002 -0.37740094793857720     
   44.800000000054752       0.36027668855375800        1.7814925718697229E-002 -0.37809161427245730     
   44.936170212820876       0.36036079052301856        1.7366613361147160E-002 -0.37772740388416226     
   45.072340425587001       0.36058060370771400        1.6966549433446228E-002 -0.37754715314115905     
   45.208510638353125       0.36080205566232298        1.7032340867667875E-002 -0.37783439652999223     
   45.344680851119250       0.36114295896232745        1.5948337762259318E-002 -0.37709129672458924     
   45.480851063885375       0.36137827599615757        1.6003895220854335E-002 -0.37738217121700923     
   45.617021276651499       0.36130976994940939        1.5847326189369654E-002 -0.37715709613877990     
   45.753191489417624       0.36106639657941475        1.5943225191857622E-002 -0.37700962177127295     
   45.889361702183741       0.36073451832931092        1.6797284154370984E-002 -0.37753180248368107     
   46.025531914949866       0.36026671780686204        1.6926482065382858E-002 -0.37719319987224631     
   46.161702127715991       0.35972370125232783        1.6987336143056860E-002 -0.37671103739538536     
   46.297872340482115       0.35932551264130558        1.6497347466343439E-002 -0.37582286010764732     
   46.434042553248240       0.35904536164793255        1.7578124729645279E-002 -0.37662348637757692     
   46.570212766014365       0.35876123874873589        1.7296167364471426E-002 -0.37605740611320965     
   46.706382978780489       0.35859601419492965        1.7561260910034245E-002 -0.37615727510496266     
   46.842553191546614       0.35867838383686707        1.8079753899883869E-002 -0.37675813773675138     
   46.978723404312738       0.35896124993591849        1.7381082142621868E-002 -0.37634233207853685     
   47.114893617078863       0.35916287054051349        1.7109696230828690E-002 -0.37627256677134219     
   47.251063829844981       0.35931737323374990        1.7208940762198754E-002 -0.37652631399594733     
   47.387234042611105       0.35946407802451097        1.7719134399400392E-002 -0.37718321242391323     
   47.523404255377230       0.35942774292741597        1.7121619061785508E-002 -0.37654936198919836     
   47.659574468143354       0.35922513124199468        1.8084536384392540E-002 -0.37730966762638612     
   47.795744680909479       0.35905315116731829        1.8249877898879305E-002 -0.37730302906619695     
   47.931914893675604       0.35877686321469721        1.7073266591011622E-002 -0.37585012980570726     
   48.068085106441728       0.35841761558072854        1.6770766324365308E-002 -0.37518838190509163     
   48.204255319207853       0.35802589234852761        1.6931952283287158E-002 -0.37495784463181142     
   48.340425531973978       0.35745967064076467        1.6465401802260141E-002 -0.37392507244302409     
   48.476595744740095       0.35688788421225570        1.6900428799205881E-002 -0.37378831301145998     
   48.612765957506220       0.35653461022199268        1.7203677335745682E-002 -0.37373828755773636     
   48.748936170272344       0.35640417845354155        1.6940597715242436E-002 -0.37334477616878492     
   48.885106383038469       0.35624288608736437        1.7115282748710436E-002 -0.37335816883607509     
   49.021276595804594       0.35613289338091486        1.8159998394981437E-002 -0.37429289177589764     
   49.157446808570718       0.35589885080892752        1.7566838363938676E-002 -0.37346568917286616     
   49.293617021336843       0.35562114097717096        1.6607571852049439E-002 -0.37222871282921777     
   49.429787234102967       0.35548863679321796        1.6695103353179263E-002 -0.37218374014639483     
   49.565957446869092       0.35514497455038169        1.8384085705601488E-002 -0.37352906025598365     
   49.702127659635217       0.35461467742524050        1.8786484061653855E-002 -0.37340116148689612     
   49.838297872401334       0.35425433537790479        1.8794206689123641E-002 -0.37304854206702742     
   49.974468085167459       0.35405637968183834        1.8125740136680321E-002 -0.37218211981852123     
   50.110638297933583       0.35395992484900052        1.8785912942910016E-002 -0.37274583779191395     
   50.246808510699708       0.35421858548041124        1.8692671248580085E-002 -0.37291125672899117     
   50.382978723465833       0.35466438313737902        1.8213536416281796E-002 -0.37287791955366140     
   50.519148936231957       0.35520588838414902        1.7423909592334995E-002 -0.37262979797648632     
   50.655319148998082       0.35572044295281474        1.7934699000174897E-002 -0.37365514195298727     
   50.791489361764206       0.35622358304617247        1.6491637900681037E-002 -0.37271522094685544     
   50.927659574530331       0.35643197823409373        1.7053217051197448E-002 -0.37348519528529284     
   51.063829787296449       0.35643183611318796        1.7793975683313059E-002 -0.37422581179650238     
   51.200000000062573       0.35638158846206308        1.7283852177922759E-002 -0.37366544063998541     
   51.336170212828698       0.35629892077186520        1.6644851697697648E-002 -0.37294377246956278     
   51.472340425594822       0.35628679302500055        1.7362846864821840E-002 -0.37364963988982519     
   51.608510638360947       0.35605073259321257        1.7332998196416472E-002 -0.37338373078962639     
   51.744680851127072       0.35577908152313986        1.7435408022151815E-002 -0.37321448954529185     
   51.880851063893196       0.35564740098964592        1.7313289726105005E-002 -0.37296069071575244     
   52.017021276659321       0.35545360362337963        1.7159428967367413E-002 -0.37261303259074935     
   52.153191489425446       0.35490807542143610        1.7045819831866291E-002 -0.37195389525330125     
   52.289361702191570       0.35419129654496839        1.7599315787961228E-002 -0.37179061233292648     
   52.425531914957688       0.35347669939273907        1.6897814510368033E-002 -0.37037451390310666     
   52.561702127723812       0.35300273279211480        1.7332475659351025E-002 -0.37033520845146661     
   52.697872340489937       0.35245031150129202        1.7288620370684515E-002 -0.36973893187197765     
   52.834042553256062       0.35217858800472029        1.7500311217529856E-002 -0.36967889922224845     
   52.970212766022186       0.35197577876442598        1.8567547326499022E-002 -0.37054332609092550     
   53.106382978788311       0.35181825410798911        1.7845061615508032E-002 -0.36966331572349759     
   53.242553191554435       0.35183251517556952        1.7868169791278445E-002 -0.36970068496684472     
   53.378723404320560       0.35204149974537469        1.7448870813208842E-002 -0.36949037055858441     
   53.514893617086685       0.35216181373997185        1.8032274242799164E-002 -0.37019408798276804     
   53.651063829852802       0.35205013376280747        1.6585809081659943E-002 -0.36863594284446760     
   53.787234042618927       0.35172274352139404        1.7756720581414417E-002 -0.36947946410280968     
   53.923404255385051       0.35110670640668024        1.7434010273934906E-002 -0.36854071668061711     
   54.059574468151176       0.35042663538472152        1.8729848036778768E-002 -0.36915648342149937     
   54.195744680917301       0.34995143578145332        1.8028812272648152E-002 -0.36798024805409840     
   54.331914893683425       0.34954154635568935        1.8810211256609300E-002 -0.36835175761230127     
   54.468085106449550       0.34934055690915528        1.8590024296341524E-002 -0.36793058120549749     
   54.604255319215675       0.34921632240979278        1.9031538612007126E-002 -0.36824786102180201     
   54.740425531981799       0.34910515663358949        1.9219106265031375E-002 -0.36832426289862624     
   54.876595744747917       0.34895090935446571        1.9658464007526188E-002 -0.36860937336199445     
   55.012765957514041       0.34886936104849026        1.9790216262822891E-002 -0.36865957731131554     
   55.148936170280166       0.34912951229075773        1.9686153678159332E-002 -0.36881566596891896     
   55.285106383046291       0.34934746450447085        1.9114393646358547E-002 -0.36846185815082705     
   55.421276595812415       0.34953175801126335        1.9557510166169769E-002 -0.36908926817742999     
   55.557446808578540       0.34974346595077949        1.9748178311405813E-002 -0.36949164426218423     
   55.693617021344664       0.34965352235631059        2.0017251219612196E-002 -0.36967077357592304     
   55.829787234110789       0.34953943213543259        2.0044034777804021E-002 -0.36958346691323496     
   55.965957446876914       0.34955195873739570        1.9973731031929193E-002 -0.36952568976932160     
   56.102127659643038       0.34926778355505156        1.9145661073096749E-002 -0.36841344462814896     
   56.238297872409156       0.34905125345488763        1.9058722283138412E-002 -0.36810997573802573     
   56.374468085175280       0.34895725542637068        1.8489840374173918E-002 -0.36744709580054497     
   56.510638297941405       0.34894672712982550        1.9434482229655343E-002 -0.36838120935948304     
   56.646808510707530       0.34886967413104780        1.9840252800546802E-002 -0.36870992693159554     
   56.782978723473654       0.34868421325443111        2.1040108134236284E-002 -0.36972432138866679     
   56.919148936239779       0.34833001826988852        2.0697865130243669E-002 -0.36902788340013071     
   57.055319149005904       0.34796969879939038        2.1118267302072998E-002 -0.36908796610145772     
   57.191489361772028       0.34785215236709910        2.0461813128013005E-002 -0.36831396549511175     
   57.327659574538153       0.34748146884189812        2.0763887656331477E-002 -0.36824535649822909     
   57.463829787304270       0.34737093434029903        2.1268566056070234E-002 -0.36863950039636834     
   57.600000000070395       0.34740741596977459        2.0619923884882201E-002 -0.36802733985465474     
   57.736170212836520       0.34755287386582717        2.1264234605219496E-002 -0.36881710847104587     
   57.872340425602644       0.34767225512705185        2.0915112894542336E-002 -0.36858736802159059     
   58.008510638368769       0.34792295569798037        2.0929969279371661E-002 -0.36885292497735095     
   58.144680851134893       0.34807919770765844        2.1227496960986629E-002 -0.36930669466864507     
   58.280851063901018       0.34834407630151593        2.2061773241787638E-002 -0.37040584954330352     
   58.417021276667143       0.34860361768827336        2.1173217124968093E-002 -0.36977683481324070     
   58.553191489433267       0.34905909005792984        2.0755386547323663E-002 -0.36981447660525124     
   58.689361702199392       0.34958022251729498        1.9486678022314435E-002 -0.36906690053961094     
   58.825531914965509       0.34994587832666169        1.9088991956454707E-002 -0.36903487028311571     
   58.961702127731634       0.35018680969161653        1.8913012765330660E-002 -0.36909982245694473     
   59.097872340497759       0.35049165299007695        1.8690874403376426E-002 -0.36918252739345281     
   59.234042553263883       0.35099261219257971        1.8877668652696564E-002 -0.36987028084527834     
   59.370212766030008       0.35156407497788267        1.8416616138671276E-002 -0.36998069111655385     
   59.506382978796132       0.35226392069216433        1.9079262053791058E-002 -0.37134318274595829     
   59.642553191562257       0.35285156457318068        1.8247907779915779E-002 -0.37109947235309348     
   59.778723404328382       0.35318970846531211        1.8150542149357265E-002 -0.37134025061467052     
   59.914893617094506       0.35348156235969880        1.7462672438726873E-002 -0.37094423479842370     
   60.051063829860624       0.35337530720182925        1.8593510050014226E-002 -0.37196881725184278     
   60.187234042626748       0.35330459372266815        1.9156816282848356E-002 -0.37246141000551375     
   60.323404255392873       0.35322635922687162        1.9694448447287925E-002 -0.37292080767416036     
   60.459574468158998       0.35313728352343215        1.9116558581897550E-002 -0.37225384210532819     
   60.595744680925122       0.35311237728040973        1.9536528393877022E-002 -0.37264890567428488     
   60.731914893691247       0.35308879234858720        1.9323173943974956E-002 -0.37241196629256262     
   60.868085106457372       0.35336167654913664        1.9685369037833193E-002 -0.37304704558696894     
   61.004255319223496       0.35362010336283300        2.0227370504987251E-002 -0.37384747386782019     
   61.140425531989621       0.35386832481804070        2.0100167998902130E-002 -0.37396849281694444     
   61.276595744755745       0.35419985087663608        1.9363829761945801E-002 -0.37356368063858086     
   61.412765957521863       0.35426168842609779        1.9082417673412871E-002 -0.37334410609951019     
   61.548936170287988       0.35432743658715155        1.8618144278458763E-002 -0.37294558086560636     
   61.685106383054112       0.35408203087442269        1.8199378072229568E-002 -0.37228140894665190     
   61.821276595820237       0.35378776406855761        1.8050521951540804E-002 -0.37183828602009905     
   61.957446808586361       0.35358514076515718        1.8575105669713401E-002 -0.37216024643486911     
   62.093617021352486       0.35315259800706655        1.8673520508335484E-002 -0.37182611851540315     
   62.229787234118611       0.35278580481054000        1.8980634476509745E-002 -0.37176643928704722     
   62.365957446884735       0.35262812239857350        1.9184524661178870E-002 -0.37181264705975309     
   62.502127659650860       0.35258398327919738        1.9488540795423628E-002 -0.37207252407462083     
   62.638297872416977       0.35273500830246118        2.0701610342645338E-002 -0.37343661864510530     
   62.774468085183102       0.35317669705790306        2.1101599976255672E-002 -0.37427829703415683     
   62.910638297949227       0.35367583503137412        2.1157958944787003E-002 -0.37483379397615901     
   63.046808510715351       0.35439350037264417        2.1247909955723066E-002 -0.37564141032836418     
   63.182978723481476       0.35500946721471116        2.0859694968047505E-002 -0.37586916218275995     
   63.319148936247601       0.35567813982781843        2.0953819014649263E-002 -0.37663195884246981     
   63.455319149013725       0.35654023415226571        2.1409144885211485E-002 -0.37794937903747866     
   63.591489361779850       0.35721737335670628        1.9627308642018979E-002 -0.37684468199872689     
   63.727659574545974       0.35768081397537455        1.8716568054007031E-002 -0.37639738202938022     
   63.863829787312099       0.35823784177069623        1.9029593130678080E-002 -0.37726743490137371     
   64.000000000078217       0.35866196815643653        1.8999968792004961E-002 -0.37766193694844302     
   64.136170212844348       0.35904445398949109        1.9260043745284464E-002 -0.37830449773477914     
   64.272340425610466       0.35935850511285988        1.9387180075963593E-002 -0.37874568518882551     
   64.408510638376598       0.35957058800764513        1.8602175278640162E-002 -0.37817276328628668     
   64.544680851142715       0.35971830934888516        1.8696134116394689E-002 -0.37841444346527997     
   64.680851063908833       0.35991104944859703        1.8751090451030124E-002 -0.37866213989962749     
   64.817021276674964       0.36000139264555742        1.8814287790889214E-002 -0.37881568043644870     
   64.953191489441082       0.36037235465326395        1.9816555601747065E-002 -0.38018891025501234     
   65.089361702207214       0.36072535855734311        1.8583207486720581E-002 -0.37930856604406066     
   65.225531914973331       0.36096864952130558        1.8738312036832173E-002 -0.37970696155814082     
   65.361702127739463       0.36130498649621207        1.8788192519767041E-002 -0.38009317901598155     
   65.497872340505580       0.36187094801091596        1.8853494473405587E-002 -0.38072444248432069     
   65.634042553271712       0.36275495604360009        1.8625506141064219E-002 -0.38138046218466548     
   65.770212766037830       0.36368884598411227        1.8374943604508694E-002 -0.38206378958862330     
   65.906382978803947       0.36436356594497871        1.8508572424513290E-002 -0.38287213836949435     
   66.042553191570079       0.36487241654608504        1.8408668236463602E-002 -0.38328108478254863     
   66.178723404336196       0.36546683726592127        1.9065408572329513E-002 -0.38453224583825463     
   66.314893617102328       0.36569054559694464        1.9292507996790616E-002 -0.38498305359373547     
   66.451063829868446       0.36614208134264387        1.9365547889509584E-002 -0.38550762923215037     
   66.587234042634577       0.36647652818067239        1.9466529149283623E-002 -0.38594305732995587     
   66.723404255400695       0.36680138792960848        1.9922402736262668E-002 -0.38672379066587126     
   66.859574468166826       0.36703402441575456        2.0387229161963057E-002 -0.38742125357771762     
   66.995744680932944       0.36707877844067732        1.9953962797751627E-002 -0.38703274123843195     
   67.131914893699076       0.36718037327714104        1.9858713849472170E-002 -0.38703908712661400     
   67.268085106465193       0.36712143876812536        1.9704235142435498E-002 -0.38682567391056355     
   67.404255319231311       0.36725966537921162        1.9476061610773789E-002 -0.38673572698998449     
   67.540425531997442       0.36759032172087069        1.8119002935118655E-002 -0.38570932465599134     
   67.676595744763560       0.36776450666809957        1.8082140527293806E-002 -0.38584664719539241     
   67.812765957529692       0.36798080799447569        1.8344555063786523E-002 -0.38632536305826132     
   67.948936170295809       0.36806597539311797        1.8588734343206539E-002 -0.38665470973632288     
   68.085106383061941       0.36801363839795537        1.8558740706941624E-002 -0.38657237910489872     
   68.221276595828058       0.36790052262428397        1.7984327028727827E-002 -0.38588484965301373     
   68.357446808594190       0.36778922871317515        1.7815873687107117E-002 -0.38560510240028001     
   68.493617021360308       0.36753885383282009        1.8091345455480533E-002 -0.38563019928830150     
   68.629787234126425       0.36735160213521628        1.9431316527233955E-002 -0.38678291866244996     
   68.765957446892557       0.36734710287498812        1.8758728947531379E-002 -0.38610583182251773     
   68.902127659658674       0.36777793271151882        1.8836353833988861E-002 -0.38661428654550778     
   69.038297872424806       0.36819685020664639        1.8278072716075157E-002 -0.38647492292272073     
   69.174468085190924       0.36855007985296545        1.8517804884980209E-002 -0.38706788473794296     
   69.310638297957055       0.36891516648319078        1.8480007335108791E-002 -0.38739517381830174     
   69.446808510723173       0.36896894577178058        1.8945541411686796E-002 -0.38791448718346982     
   69.582978723489305       0.36883412510573438        1.8511956309118480E-002 -0.38734608141485222     
   69.719148936255422       0.36861502433510812        1.8421603523575303E-002 -0.38703662785868426     
   69.855319149021540       0.36854580413023813        1.7795212583106748E-002 -0.38634101671334742     
   69.991489361787671       0.36842075146291092        1.8219622365031763E-002 -0.38664037382794497     
   70.127659574553789       0.36838849193027079        1.7649218524869219E-002 -0.38603771045514357     
   70.263829787319921       0.36858470320822834        1.7409445951353662E-002 -0.38599414915958341     
   70.400000000086038       0.36887017455274945        1.7018502218128003E-002 -0.38588867677087807     
   70.536170212852170       0.36928647309951351        1.7244952984271169E-002 -0.38653142608378682     
   70.672340425618287       0.36989583721905395        1.7482503167197721E-002 -0.38737834038625252     
   70.808510638384419       0.37042478726123357        1.7992460461079295E-002 -0.38841724772231329     
   70.944680851150537       0.37118557354369830        1.8786259000670699E-002 -0.38997183254437290     
   71.080851063916654       0.37165949798263265        1.9257217459722309E-002 -0.39091671544235401     
   71.217021276682786       0.37246059246758395        1.8387947630491498E-002 -0.39084854009807762     
   71.353191489448903       0.37339831205424129        1.7492593845070400E-002 -0.39089090589931003     
   71.489361702215035       0.37408346367167783        1.8315007677928975E-002 -0.39239847134960371     
   71.625531914981153       0.37469863001143372        1.8642364372466736E-002 -0.39334099438390191     
   71.761702127747284       0.37522202889780820        1.8174701734690046E-002 -0.39339673063249903     
   71.897872340513402       0.37580606320553178        1.8147860782321629E-002 -0.39395392398785500     
   72.034042553279534       0.37657991350611081        1.7885375393396470E-002 -0.39446528889950538     
   72.170212766045651       0.37728336392464740        1.7650935342745259E-002 -0.39493429926739126     
   72.306382978811769       0.37785664738176100        1.8069786379222619E-002 -0.39592643376098424     
   72.442553191577900       0.37792829293390068        1.8312775345910557E-002 -0.39624106827980693     
   72.578723404344018       0.37782184114887435        1.9263243767062160E-002 -0.39708508491593553     
   72.714893617110150       0.37767147740142021        1.9623091158705367E-002 -0.39729456856012496     
   72.851063829876267       0.37761771665027893        1.9104142399256212E-002 -0.39672185904953455     
   72.987234042642399       0.37770726965004009        1.9555116545358971E-002 -0.39726238619540011     
   73.123404255408516       0.37794667713425456        1.9489987605045854E-002 -0.39743666473929851     
   73.259574468174648       0.37849631052413152        1.8406321829053371E-002 -0.39690263235318235     
   73.395744680940766       0.37913904973421741        1.8365304510452707E-002 -0.39750435424466807     
   73.531914893706897       0.37965270879365254        1.8402488697349905E-002 -0.39805519749100371     
   73.668085106473015       0.37997891219997443        1.8175708822590411E-002 -0.39815462102256105     
   73.804255319239132       0.38028987713147494        1.8414622264326684E-002 -0.39870449939580094     
   73.940425532005264       0.38051142325694420        1.9015578615607463E-002 -0.39952700187255208     
   74.076595744771382       0.38045690570773660        1.9718890387936110E-002 -0.40017579609567189     
   74.212765957537513       0.38046788591979797        2.0004760723081726E-002 -0.40047264664288063     
   74.348936170303631       0.38041355544543398        2.0654383709221305E-002 -0.40106793915465871     
   74.485106383069763       0.38017581384977001        2.1257406626237891E-002 -0.40143322047600738     
   74.621276595835880       0.38012540481711393        2.0803399679817158E-002 -0.40092880449693097     
   74.757446808602012       0.38015155624392793        2.0250630131892548E-002 -0.40040218637582253     
   74.893617021368129       0.37982479053933466        2.0597543843661376E-002 -0.40042233438299474     
   75.029787234134247       0.37935709167129766        1.9505998039518541E-002 -0.39886308971081696     
   75.165957446900379       0.37879654941359725        2.0156504583728838E-002 -0.39895305399732256     
   75.302127659666496       0.37854137271066668        2.0317513315216772E-002 -0.39885888602588199     
   75.438297872432628       0.37883991997519761        1.9785423351681507E-002 -0.39862534332687788     
   75.574468085198745       0.37926506375887120        1.8947525926642977E-002 -0.39821258968551465     
   75.710638297964877       0.37968969171736783        1.9362877351953162E-002 -0.39905256906932518     
   75.846808510730995       0.37997151928874517        1.9409263184123445E-002 -0.39938078247286901     
   75.982978723497126       0.38017470274046417        1.9589711580855401E-002 -0.39976441432131649     
   76.119148936263244       0.38055248975179051        1.9438964202236744E-002 -0.39999145395402363     
   76.255319149029361       0.38114644398967673        1.9304603246876263E-002 -0.40045104723655101     
   76.391489361795493       0.38165565610148833        1.9348982822383475E-002 -0.40100463892387295     
   76.527659574561611       0.38218671171070606        1.8833686997044664E-002 -0.40102039870775313     
   76.663829787327742       0.38229340058324152        1.8819336424131285E-002 -0.40111273700737432     
   76.800000000093860       0.38241970599842295        1.8756173344525832E-002 -0.40117587934294968     
   76.936170212859992       0.38257719511060673        1.7807024934491402E-002 -0.40038422004509960     
   77.072340425626109       0.38270550451585061        1.7857634736234137E-002 -0.40056313925208042     
   77.208510638392241       0.38267420399002189        1.8213960969052451E-002 -0.40088816495907148     
   77.344680851158358       0.38257107937915702        1.7695363775041977E-002 -0.40026644315420101     
   77.480851063924476       0.38245744765978740        1.7615152715457525E-002 -0.40007260037524728     
   77.617021276690608       0.38248376421034530        1.6856989347359377E-002 -0.39934075355770371     
   77.753191489456725       0.38260099623910521        1.7754331782128777E-002 -0.40035532802123686     
   77.889361702222857       0.38279676540775132        1.8041312213181449E-002 -0.40083807762092810     
   78.025531914988974       0.38296376559191592        1.8038805513620658E-002 -0.40100257110553783     
   78.161702127755106       0.38344264657274729        1.8136226858037261E-002 -0.40157887343078263     
   78.297872340521224       0.38372107976936792        1.8251952495996645E-002 -0.40197303226536307     
   78.434042553287355       0.38395212843879595        1.7899124802669662E-002 -0.40185125324146803     
   78.570212766053473       0.38391226688069313        1.7810649070499226E-002 -0.40172291595119175     
   78.706382978819605       0.38393307790163600        1.8682226518295302E-002 -0.40261530441993043     
   78.842553191585722       0.38389567435682942        1.8723945106809994E-002 -0.40261961946364011     
   78.978723404351840       0.38410329071955940        1.9308085552494983E-002 -0.40341137627205120     
   79.114893617117971       0.38450991977161730        1.8524838159808845E-002 -0.40303475793142446     
   79.251063829884089       0.38468015257062965        1.8429625001695749E-002 -0.40310977757232791     
   79.387234042650221       0.38476281410718549        1.8627435591884858E-002 -0.40339024969907022     
   79.523404255416338       0.38493700180387119        2.0057474050733992E-002 -0.40499447585460235     
   79.659574468182470       0.38549383460065456        1.9554826400659954E-002 -0.40504866100131642     
   79.795744680948587       0.38605247228299044        1.9270589542563690E-002 -0.40532306182555378     
   79.931914893714719       0.38654978809910751        1.9515602813399480E-002 -0.40606539091250909     
   80.068085106480837       0.38705852434665067        1.9192771464215028E-002 -0.40625129581087099     
   80.204255319246954       0.38765113642634264        1.9732633620242187E-002 -0.40738377004658310     
   80.340425532013086       0.38809920989729468        1.8789345651017801E-002 -0.40688855554831632     
   80.476595744779203       0.38870312654887856        1.7231349052349736E-002 -0.40593447560122925     
   80.612765957545335       0.38917767814183102        1.7801919560886403E-002 -0.40697959770271824     
   80.748936170311453       0.38946142918686349        1.7685856768000625E-002 -0.40714728595486493     
   80.885106383077584       0.38979975433019298        1.7228427021884811E-002 -0.40702818135207258     
   81.021276595843702       0.39005235550876477        1.6690178555213302E-002 -0.40674253406397670     
   81.157446808609834       0.39031735602723211        1.7005232525057819E-002 -0.40732258855228776     
   81.293617021375951       0.39047408225632169        1.7878412821051907E-002 -0.40835249507737648     
   81.429787234142069       0.39069455919935775        1.8274615334624305E-002 -0.40896917453398629     
   81.565957446908200       0.39087179516089843        1.8399421388021798E-002 -0.40927121654892223     
   81.702127659674318       0.39138081088416898        1.8780228052625136E-002 -0.41016103893679517     
   81.838297872440450       0.39166607910514595        1.8156313212422715E-002 -0.40982239231756967     
   81.974468085206567       0.39202247775965737        1.7725787127692790E-002 -0.40974826488734822     
   82.110638297972699       0.39221027422211657        1.6974962263181546E-002 -0.40918523648529942     
   82.246808510738816       0.39223328000851598        1.7331928573419815E-002 -0.40956520858193368     
   82.382978723504948       0.39229490997834787        1.8062132527179912E-002 -0.41035704250552779     
   82.519148936271066       0.39226016911081130        1.8698654605107969E-002 -0.41095882371591963     
   82.655319149037183       0.39236896047401992        1.8779799583346253E-002 -0.41114876005736728     
   82.791489361803315       0.39230188388382264        1.8286897875943967E-002 -0.41058878175976637     
   82.927659574569432       0.39174900039607274        1.8120966857641398E-002 -0.40986996725371450     
   83.063829787335564       0.39076418214790287        1.8665579506147764E-002 -0.40942976165404882     
   83.200000000101682       0.38980767272115552        1.8636174602302435E-002 -0.40844384732345762     
   83.336170212867813       0.38904798469422375        1.8766178053087869E-002 -0.40781416274731125     
   83.472340425633931       0.38830939985881130        1.9230555710595110E-002 -0.40753995556940592     
   83.608510638400062       0.38769255923928131        1.9135111443457004E-002 -0.40682767068273429     
   83.744680851166180       0.38706300368482771        1.9522794229918823E-002 -0.40658579791474458     
   83.880851063932312       0.38657660060960819        1.9146130674281874E-002 -0.40572273128389119     
   84.017021276698429       0.38609115805960809        1.9349095045593009E-002 -0.40544025310520021     
   84.153191489464547       0.38552645160460391        1.9525149135085313E-002 -0.40505160073969027     
   84.289361702230678       0.38509836164239702        1.8929032913828601E-002 -0.40402739455622438     
   84.425531914996796       0.38432729361136753        1.9061471143967695E-002 -0.40338876475533375     
   84.561702127762928       0.38358146667105852        1.9862451552570139E-002 -0.40344391822363085     
   84.697872340529045       0.38317566493185007        1.8800187226193987E-002 -0.40197585215804316     
   84.834042553295177       0.38280207642166980        1.8518844180615387E-002 -0.40132092060228580     
   84.970212766061294       0.38264645446701512        1.9393025050842849E-002 -0.40203947951785801     
