                    0                    0                    0                    0
  0.55267702936360619        4.7798489980297065E-002   6.1873525439237055E-002  -9.6608105171375552E-002   3.9362969347193703E-008   10.295206923675467     
   1.1053540587272124       0.10542669454379443        6.4493297083047435E-002 -0.20828094299175826        4.1667485156567559E-008   8.3462346305364505     
   1.6580310880908185       0.12389686932976290        5.6417452227548417E-002 -0.24199437859174688        3.9734876420485365E-008   7.2670735670701783     
   2.2107081174544247       0.12592577242446565        5.0829064397304655E-002 -0.24401447787972735        3.8347473229185028E-008   7.6517124627845110     
   2.7633851468180310       0.12129268955450614        4.7634961322856828E-002 -0.23391417014009780        3.4620367218245208E-008   7.8377701573053189     
   3.3160621761816369       0.11447741243587944        4.5924836685527083E-002 -0.21985935362468889        3.2624222679693674E-008   8.3882761326044086     
   3.8687392055452432       0.10728392884910938        4.5220235239705156E-002 -0.20540559457615004        2.9953074004728072E-008   8.9927768497515306     
   4.4214162349088495       0.10062512933837776        4.4593398177538338E-002 -0.19229901185819781        2.6539600322911339E-008   8.7212942095778239     
   4.9740932642724554        9.4623248185034772E-002   4.4473719673896364E-002 -0.18089276904627144        2.5304677928567747E-008   8.8913712529362758     
   5.5267702936360621        8.9273243678318043E-002   4.4136274339418503E-002 -0.17070010133943375        2.2478240528363150E-008   8.9236727551022810     
   6.0794473229996679        8.5060400942942066E-002   4.4037772955009991E-002 -0.16240661530680725        2.5106345112202620E-008   9.6070393821923208     
   6.6321243523632738        8.1314214683032029E-002   4.3770400754443106E-002 -0.15519252783968532        2.3850024988343758E-008   10.029746951893344     
   7.1848013817268805        7.7960033071717574E-002   4.3767725032491517E-002 -0.14898054572432501        2.3091860530844473E-008   9.2251051090382159     
   7.7374784110904864        7.5025097679027056E-002   4.3619861321949761E-002 -0.14360952577312280        2.2473365334794586E-008   9.4052694257841534     
   8.2901554404540931        7.2449818725140502E-002   4.3482255628454439E-002 -0.13888424864206783        2.1463332813699029E-008   9.0349238046757616     
   8.8428324698176990        7.0203588570901213E-002   4.3264933467561772E-002 -0.13471811889522523        2.1649109064982150E-008   9.4170371320774908     
   9.3955094991813048        6.8415161623722326E-002   4.3358750239687757E-002 -0.13147516525147968        2.0736256991253532E-008   9.1795510184285511     
   9.9481865285449107        6.7024635571223568E-002   4.3186891979497745E-002 -0.12884879410226580        2.0328786729775408E-008   8.7286269249357122     
   10.500863557908518        6.5717872892791213E-002   4.3001250227187204E-002 -0.12628964223406025        2.1898191381364673E-008   8.7986070756665153     
   11.053540587272124        6.4381332129431201E-002   4.3109173528860699E-002 -0.12366980788701568        2.1137404359501164E-008   9.1258281884486685     
   11.606217616635730        6.3127748257026842E-002   4.2860599472510662E-002 -0.12132894003790559        1.9742913969105379E-008   8.8488606342466198     
   12.158894645999336        6.2199236185178183E-002   4.2842662024103140E-002 -0.11958840529962329        2.1149257708911866E-008   9.0447169586459637     
   12.711571675362942        6.1391150498781279E-002   4.2789917283018647E-002 -0.11809108562682000        2.1211704168402223E-008   8.8786993384976238     
   13.264248704726548        6.0713578129945024E-002   4.2730601276006967E-002 -0.11699324362442737        1.9817581959397087E-008   8.7636330564567437     
   13.816925734090155        6.0300096324449423E-002   4.2637538930868565E-002 -0.11630582489746363        1.9617219914373009E-008   8.7290820695035425     
   14.369602763453761        5.9911463763248775E-002   4.2543858834742584E-002 -0.11566111590456625        1.9299653643384974E-008   9.4695347898325490     
   14.922279792817367        5.9661591250645934E-002   4.2424367055856824E-002 -0.11511094551525872        2.1204109600740817E-008   8.7105773480217419     
   15.474956822180973        5.9400164667566653E-002   4.2390827960506701E-002 -0.11449141123204888        2.1368227694092638E-008   8.5743590905174472     
   16.027633851544579        5.9225672168743408E-002   4.2483133308374457E-002 -0.11406215320868156        2.2352139127543030E-008   8.7538552400433911     
   16.580310880908186        5.8881764729184723E-002   4.2334996638583769E-002 -0.11355948216020795        2.0812943647789894E-008   8.5621077183094023     
   17.132987910271790        5.8656926000311659E-002   4.2193211330041377E-002 -0.11324239283839563        2.0806646248697640E-008   8.2799179275919492     
   17.685664939635398        5.8389920938720509E-002   4.2291606318483818E-002 -0.11281865835874633        1.9970593727282132E-008   8.5242055502093521     
   18.238341968999006        5.8403731397174072E-002   4.2274438071095995E-002 -0.11264216370399172        2.0552043449802852E-008   8.1846352079364877     
   18.791018998362610        5.8343047101475011E-002   4.2327322960178021E-002 -0.11252270806512397        2.0714038357735791E-008   8.3255976625514148     
   19.343696027726217        5.8327375882187671E-002   4.2295175606870981E-002 -0.11241100866804210        2.2309146661649234E-008   8.4328049986949658     
   19.896373057089821        5.8202829326824350E-002   4.2511314433310875E-002 -0.11219647659521514        2.0677716625717079E-008   8.5408746653720300     
   20.449050086453429        5.7953508444328346E-002   4.2577528714375014E-002 -0.11178270175712654        1.9915116812073916E-008   8.4895129785445498     
   21.001727115817037        5.8087976581988936E-002   4.2724858611268166E-002 -0.11205736125041577        2.0704130738786530E-008   8.4717709122894931     
   21.554404145180641        5.8096823252563615E-002   4.2945911268598869E-002 -0.11217451593067690        2.1694971746731760E-008   8.7133524878066222     
   22.107081174544248        5.8054030776958414E-002   4.3106914352686529E-002 -0.11233747573861030        2.0744449888558223E-008   8.5138591500367529     
   22.659758203907852        5.8140136391132288E-002   4.3204927408284945E-002 -0.11266927302425722        1.9759039563510503E-008   8.4798781652667756     
   23.212435233271460        5.8366119311509895E-002   4.3475476200923985E-002 -0.11309080556078532        2.0747117990199344E-008   8.6588565535760544     
   23.765112262635068        5.8547391478147477E-002   4.3530526361815855E-002 -0.11328756961327527        2.0350994139542077E-008   8.6676759308198754     
   24.317789291998672        5.8672953472964820E-002   4.3558087658093929E-002 -0.11350116733543213        2.0331215653070033E-008   8.7426202088783196     
   24.870466321362279        5.8859524578152474E-002   4.3576071799546541E-002 -0.11375060537242411        2.0683286886463144E-008   8.5642561250251230     
   25.423143350725883        5.8809564197790550E-002   4.3517008683871282E-002 -0.11346032750479013        2.2097296034254566E-008   8.7817561903187258     
   25.975820380089491        5.8858560709058982E-002   4.3555954795634261E-002 -0.11337500171436246        2.1316722255659067E-008   8.7857465938385992     
   26.528497409453095        5.8657002138875536E-002   4.3695907080318903E-002 -0.11316654029599908        1.9785579835050072E-008   8.8345690347872257     
   27.081174438816703        5.8279220693316966E-002   4.3644542138688180E-002 -0.11258280126780419        2.0273481115691380E-008   9.3045469316431415     
   27.633851468180310        5.8126617288096281E-002   4.3635071258211540E-002 -0.11233717353830489        2.0171115941205385E-008   8.7751948151728012     
   28.186528497543915        5.8315606015681073E-002   4.3881007755690829E-002 -0.11266175931426123        2.1337095023437880E-008   8.8293811469901868     
   28.739205526907522        5.8426286929390066E-002   4.3851751774028710E-002 -0.11280459345975230        2.0493057139808511E-008   8.6666398042534087     
   29.291882556271126        5.8608966133923628E-002   4.3708386632117388E-002 -0.11316646198625172        2.1987082217568496E-008   8.6307244484796239     
   29.844559585634734        5.8626669455387782E-002   4.3768492242946884E-002 -0.11326802100917149        2.3052443124484511E-008   8.8534214470013399     
   30.397236614998342        5.8513181064672980E-002   4.3705663022473987E-002 -0.11316593292526597        2.2857081319660500E-008   8.6985448451629441     
   30.949913644361946        5.8326709267099396E-002   4.3835935854605067E-002 -0.11296017110755208        2.2032012468433260E-008   9.0313365491168067     
   31.502590673725553        5.8273892579265088E-002   4.3706982168189634E-002 -0.11274383041205996        2.1286739427902053E-008   8.6880321803768155     
   32.055267703089157        5.8092430424275573E-002   4.3549406951294167E-002 -0.11237482833121371        2.1612060904228405E-008   8.6668873557677610     
   32.607944732452765        5.7763421334565156E-002   4.3415905100735577E-002 -0.11195327772869806        2.0319247554573353E-008   8.5723294181735774     
   33.160621761816373        5.7547950234562537E-002   4.3412918065431856E-002 -0.11159976395452752        2.0377853488049656E-008   8.4405634386809005     
   33.713298791179980        5.7425757710071537E-002   4.3465908566680526E-002 -0.11143641112237643        2.1835557492154252E-008   8.6537103922280298     
   34.265975820543581        5.7272335262154417E-002   4.3470030875025364E-002 -0.11103962698480992        2.0718843368631182E-008   8.5660255182741576     
   34.818652849907188        5.7111889474928818E-002   4.3476823536494409E-002 -0.11070830699194617        2.0842536564610379E-008   8.5952980687560903     
   35.371329879270796        5.6991295076224503E-002   4.3464010312479699E-002 -0.11053548451448250        2.1948870069958101E-008   8.5711605213862470     
   35.924006908634404        5.7022880090647141E-002   4.3428031061465110E-002 -0.11034129715317315        2.2662140164322519E-008   8.9560710981419529     
   36.476683937998011        5.6897803523153892E-002   4.3334455098680578E-002 -0.11006423097758511        2.0145380588709976E-008   8.5078546017742411     
   37.029360967361612        5.6771689086616998E-002   4.3239093058579176E-002 -0.10995715994983349        1.9670300276868511E-008   8.5151405960298803     
   37.582037996725219        5.6590136585722518E-002   4.3392929348543698E-002 -0.10975846682252573        2.0463280806160245E-008   8.6188751912649355     
   38.134715026088827        5.6472631643055569E-002   4.3334304599447648E-002 -0.10973876365202792        1.9168587117180154E-008   8.5551675417258508     
   38.687392055452435        5.6893118340125400E-002   4.3110901888940976E-002 -0.11021247999688646        2.0365318373111203E-008   8.4006769757065598     
   39.240069084816042        5.6934823019725932E-002   4.3132143047153591E-002 -0.11022666269982982        1.9552007794717229E-008   8.3179468275544455     
   39.792746114179643        5.6831052520737300E-002   4.3113539841360245E-002 -0.10996002900392078        2.0357774133680024E-008   8.4208900870483134     
   40.345423143543250        5.6771173257446433E-002   4.2962682177944030E-002 -0.10964356498291938        1.9104006593029173E-008   8.1571831291077501     
   40.898100172906858        5.6678369119203348E-002   4.3068642818051880E-002 -0.10965141922685662        1.9360569933665441E-008   8.4328621672970119     
   41.450777202270466        5.6637290102754811E-002   4.3062466095541124E-002 -0.10979895453050124        1.8550175881249287E-008   8.3593701766475359     
   42.003454231634073        5.6594602697877854E-002   4.2964842148395459E-002 -0.10986092773348607        1.8503745856949119E-008   8.0414560248175668     
   42.556131260997674        5.6604772084702173E-002   4.2953443625715654E-002 -0.10994485747866463        1.7763360546321650E-008   8.1889007215407617     
   43.108808290361281        5.6781888279980097E-002   4.2776918080598421E-002 -0.11012085253787421        1.8231169815492998E-008   8.1306992369508908     
   43.661485319724889        5.6891425688496179E-002   4.2761480528429832E-002 -0.11015889307146789        1.6923464293701390E-008   8.0989251486008342     
   44.214162349088497        5.7083326383107223E-002   4.2901911970497406E-002 -0.11024430557432439        1.9359151176991822E-008   8.2700371852280856     
   44.766839378452104        5.7147410727612667E-002   4.2872778421027963E-002 -0.11020135450002611        1.8371334179528650E-008   8.1391868477641740     
   45.319516407815705        5.7160036021761673E-002   4.3005716656831297E-002 -0.11025993746822746        1.7768195073962728E-008   8.1207879135714105     
   45.872193437179313        5.7161297001100606E-002   4.2757082863684889E-002 -0.11039760402025603        1.6425546525657972E-008   7.9538660794283578     
   46.424870466542920        5.7203419336151515E-002   4.2701704853742979E-002 -0.11061446645860393        1.7805259125608371E-008   8.1121360083654128     
   46.977547495906528        5.7025504935780479E-002   4.2734723328993182E-002 -0.11030254608264718        1.7110220833653506E-008   8.1785525188764812     
   47.530224525270135        5.6912076894549732E-002   4.2584217758728227E-002 -0.10991545192258032        1.6488060241641266E-008   8.1270131470506008     
   48.082901554633736        5.6897093797498362E-002   4.2575271604314104E-002 -0.10977690839628887        1.7412264325925065E-008   8.0558358769868654     
   48.635578583997344        5.6626105933446698E-002   4.2445472875119378E-002 -0.10943416090128433        1.7855562645058180E-008   7.9524734802083206     
   49.188255613360951        5.6576806369123697E-002   4.2277745013218002E-002 -0.10924590309196539        1.7769794818712103E-008   7.9457431636974718     
   49.740932642724559        5.6693433907708174E-002   4.2169948112100591E-002 -0.10934426723818305        1.8526711330683722E-008   7.8111017314973026     
   50.293609672088166        5.6614483582516716E-002   4.2086994692093045E-002 -0.10918331584009248        1.8785245095857869E-008   7.8067795463987233     
   50.846286701451767        5.6503996540652947E-002   4.2031741676285046E-002 -0.10883375507709542        1.8341633694570989E-008   7.8329181665276293     
   51.398963730815375        5.6518555340167892E-002   4.1973389949344540E-002 -0.10882945866715818        1.8254038648644779E-008   7.7308065696293946     
   51.951640760178982        5.6486332135440180E-002   4.1747955433579419E-002 -0.10892925300920223        1.6864330059172726E-008   7.5205733145834364     
   52.504317789542590        5.6538759070686527E-002   4.1657565923511171E-002 -0.10902760907077480        1.7825786350758618E-008   7.6614113754563080     
   53.056994818906190        5.6454584899593804E-002   4.1565190417121964E-002 -0.10892734352059225        1.7681420142525598E-008   7.5231336550889800     
   53.609671848269798        5.6290568098870751E-002   4.1706457116037557E-002 -0.10882564598942099        1.8117006122462463E-008   7.6554873327509734     
   54.162348877633406        5.6181841573527451E-002   4.1659158434379021E-002 -0.10878780575717387        1.6463107608467379E-008   7.6960483515706182     
   54.715025906997013        5.6261184844599452E-002   4.1514019779465110E-002 -0.10881881625449430        1.6004003707515407E-008   7.6650584194204194     
   55.267702936360621        5.6472291139272664E-002   4.1520764654054416E-002 -0.10919124371874178        1.6884302742004618E-008   7.6356448693955521     
   55.820379965724221        5.6535177592111491E-002   4.1426371984538239E-002 -0.10932434856284487        1.7143336185616416E-008   7.7605093109567234     
   56.373056995087829        5.6503358264370133E-002   4.1324555306776138E-002 -0.10927299277472739        1.7746889562494358E-008   7.6588847357068071     
   56.925734024451437        5.6439605473844703E-002   4.1183065287932426E-002 -0.10909269453061264        1.7764760825400798E-008   7.6131353265111281     
   57.478411053815044        5.6579430675140673E-002   4.0996619440193935E-002 -0.10904876746473074        1.7822373957960262E-008   7.5252890109363504     
   58.031088083178652        5.6769572549860495E-002   4.0947382725612255E-002 -0.10931084385314907        1.9010938359037312E-008   7.5292622969871852     
   58.583765112542252        5.6576837545981737E-002   4.0937117894269952E-002 -0.10936240694540644        1.7388837245723744E-008   7.6380819499334311     
   59.136442141905860        5.6431198910540270E-002   4.0973350163415460E-002 -0.10932901790338187        1.6854869031549551E-008   7.7095690080059347     
   59.689119171269468        5.6581312363534308E-002   4.0983488955584721E-002 -0.10961881645550924        1.7802632530276161E-008   7.7460482224906126     
   60.241796200633075        5.7004539659278125E-002   4.0970842510107477E-002 -0.11023635603110671        1.9515938517408958E-008   7.5811705912892933     
   60.794473229996683        5.7249518541894952E-002   4.1035782389631334E-002 -0.11059600666128119        1.8447684329769785E-008   7.7741040294302346     
   61.347150259360284        5.7445543514113587E-002   4.0983710644359683E-002 -0.11071242847825676        1.8992551918441900E-008   7.7606936573247527     
   61.899827288723891        5.7471828050419255E-002   4.0930191974678218E-002 -0.11055501615475971        1.9611627329475406E-008   7.5978278014549607     
   62.452504318087499        5.7349297148291525E-002   4.1007351973779957E-002 -0.11030769041770622        1.8888338850008655E-008   7.6058803283231935     
   63.005181347451106        5.7063241969452533E-002   4.0972191184581223E-002 -0.10997504307363379        1.7296822490042721E-008   7.6556873232073475     
   63.557858376814714        5.6951448946850815E-002   4.0919485291130722E-002 -0.10979928879520107        1.8879147521912255E-008   7.6407173851058099     
   64.110535406178315        5.6708211826533114E-002   4.1044794539260437E-002 -0.10940646829367162        1.9545226442547018E-008   7.6207471189948341     
   64.663212435541922        5.6304888970738931E-002   4.1258400122875571E-002 -0.10881829397107963        1.8048465040522519E-008   7.7938804281670917     
   65.215889464905530        6.4143164201997893E-002   4.4375886093530992E-002 -0.12330611804775793        2.5786474312652569E-008   9.0235120367246520     
   65.768566494269137        7.9828549011649610E-002   4.6259817348845121E-002 -0.15247523893175940        3.6200638145286060E-008   9.9747809996031158     
   66.321243523632745        8.3649603173728826E-002   4.2682405845839363E-002 -0.15975340728609824        3.0176368152591076E-008   7.9264357356912623     
   66.873920552996353        7.6733677520421123E-002   4.1345598020545486E-002 -0.14690008435281768        2.4965273924189043E-008   7.8257089661150241     
   67.426597582359960        7.0055151245889236E-002   4.0920382545394186E-002 -0.13478860310578455        2.1930724961715267E-008   8.0117462791404694     
   67.979274611723568        6.5384451095230431E-002   4.0762361535708412E-002 -0.12627188237859932        2.2075994834541584E-008   7.8622635330397994     
   68.531951641087161        6.2205291262891926E-002   4.0729720958979976E-002 -0.12036361532293779        2.0327498019040484E-008   7.8543992684071879     
   69.084628670450769        6.0265837146511562E-002   4.0623571328160274E-002 -0.11661695181070034        2.1968003828066771E-008   7.8310635663814461     
   69.637305699814377        5.9027472000367585E-002   4.0894646682643927E-002 -0.11418002659250853        2.0421336446537713E-008   7.9088179088741164     
   70.189982729177984        5.8029495617298400E-002   4.0930923820567539E-002 -0.11243587161161350        1.8931301475410674E-008   8.0319531774315802     
   70.742659758541592        5.7550657155226191E-002   4.0585845186153567E-002 -0.11138581890293252        2.0332274456157309E-008   7.9147266387669681     
   71.295336787905200        5.7114338929766938E-002   4.0594365726277802E-002 -0.11053360818256301        2.2052485207162001E-008   8.1578463695504393     
   71.848013817268807        5.6697227765273354E-002   4.0621080020103346E-002 -0.10983148524201378        2.0701608312792131E-008   8.2103969987300669     
   72.400690846632415        5.6624988359685310E-002   4.0748038760426299E-002 -0.10965368774331562        2.1860589466425797E-008   8.4112808214007870     
   72.953367875996022        5.6289112368021463E-002   4.0917914502093283E-002 -0.10927230482221957        2.1430606720989434E-008   8.3263575482901739     
   73.506044905359616        5.6019658096877895E-002   4.0951516241822049E-002 -0.10896457870864992        2.0554810397815479E-008   8.3073829190180266     
   74.058721934723224        5.6009851561622068E-002   4.1055669829525070E-002 -0.10904351586557817        2.1587437891318662E-008   8.3790200858533179     
   74.611398964086831        5.5970405438813313E-002   4.1062883587404855E-002 -0.10899025042425517        2.0315186696431045E-008   8.3906337348503097     
   75.164075993450439        5.6062548287837938E-002   4.1112816966066328E-002 -0.10894532049746880        2.1567096449028135E-008   8.4801598041187223     
   75.716753022814046        5.6136990558110278E-002   4.1182508631985554E-002 -0.10894251610104295        2.0998921914377989E-008   8.3778539978771214     
   76.269430052177654        5.6150448131262437E-002   4.1279388592041721E-002 -0.10897393144828707        2.0661762420855073E-008   8.4681775375701864     
   76.822107081541262        5.6238099553408652E-002   4.1313196850187694E-002 -0.10912882767958479        2.1833470695797589E-008   8.5302981991979738     
   77.374784110904869        5.6421318881456059E-002   4.1324274090371677E-002 -0.10938320325960200        2.1385160878345324E-008   8.6528838734068891     
   77.927461140268477        5.6623220692807417E-002   4.1201707083061728E-002 -0.10956546184369914        2.2061280776135368E-008   8.4505142425874133     
   78.480138169632085        5.6911949084773220E-002   4.1357751941342467E-002 -0.11001598383777846        2.2558172117948409E-008   8.5346277493562326     
   79.032815198995678        5.7092746225487725E-002   4.1376065363162885E-002 -0.11022404334595035        2.2224887711675569E-008   8.5291153279927894     
   79.585492228359286        5.7036555249103379E-002   4.1487148753160077E-002 -0.11011059608305128        2.2231638418135833E-008   8.5872007225264930     
   80.138169257722893        5.7049838986518830E-002   4.1651967234424860E-002 -0.10993198609811959        2.2822307771280358E-008   8.7323354788506578     
   80.690846287086501        5.6969203635259771E-002   4.1514047963000275E-002 -0.10965623940254295        2.1134466036643885E-008   8.6780547117650304     
   81.243523316450108        5.6949861140704577E-002   4.1474294748543819E-002 -0.10977213116831264        2.2184807162668943E-008   8.7898384881629301     
   81.796200345813716        5.6828257811881028E-002   4.1496070463009682E-002 -0.10973937290600400        2.3183879822503249E-008   9.0004782662799965     
   82.348877375177324        5.6392184523648692E-002   4.1387357241379361E-002 -0.10906813514780306        2.2135121900720309E-008   9.0985372378595937     
   82.901554404540931        5.6397079915520315E-002   4.1220488032254581E-002 -0.10893940190980836        2.3474921512474036E-008   8.9555283815284881     
   83.454231433904539        5.6534919151816861E-002   4.1515478841363668E-002 -0.10912748242220101        2.2429234956513812E-008   9.0262228891629661     
   84.006908463268147        5.6867759642723795E-002   4.1840849708799102E-002 -0.10963690651055152        2.5211988345942236E-008   9.9091092135859284     
   84.559585492631740        5.6754954512973257E-002   4.1696563830647564E-002 -0.10955428400316963        2.4703836466533361E-008   9.6132770229536604     
   85.112262521995348        5.6468346326713027E-002   4.1569117913659484E-002 -0.10930899037150557        2.2455499499131871E-008   9.0659381561532193     
   85.664939551358955        5.6461189270422332E-002   4.1702499725123285E-002 -0.10942389150753880        2.2280487483878041E-008   9.0262834398251375     
   86.217616580722563        5.6726665298844049E-002   4.1790848814064641E-002 -0.10976881018612653        2.2645420361439973E-008   8.9788832751243177     
   86.770293610086171        5.6928389274564999E-002   4.1752752818306024E-002 -0.11002784501719651        2.3002191746278045E-008   8.9513389195488404     
   87.322970639449778        5.6852749937982477E-002   4.1998680325571636E-002 -0.11004460180359396        2.2013071218547827E-008   9.0209772070107803     
   87.875647668813386        5.7019414113570047E-002   4.1964063657049466E-002 -0.11041423982877041        2.3086288817203489E-008   9.0415164479660497     
   88.428324698176993        5.7279071987723057E-002   4.1949164601154165E-002 -0.11099413799812391        2.1928746326977292E-008   9.2453208670739073     
   88.981001727540601        5.7618847296931959E-002   4.2139393342622608E-002 -0.11142219565422545        2.4077362308811375E-008   9.1067581282088987     
   89.533678756904209        5.7734459809403678E-002   4.1926852652317131E-002 -0.11148797655432686        2.2566305753748136E-008   8.8177414747998260     
   90.086355786267802        5.7973587413547835E-002   4.2004317605681039E-002 -0.11187082716445289        2.2059536921372828E-008   9.2122727714176857     
   90.639032815631410        5.8030900971638870E-002   4.2022120146987793E-002 -0.11193364425019645        2.1218342841085474E-008   8.8705124916039040     
   91.191709844995017        5.8043747155303277E-002   4.2403599739514297E-002 -0.11187818399948800        2.0357774579499030E-008   8.9689645220000447     
   91.744386874358625        5.8059190837067315E-002   4.2402488575739833E-002 -0.11193103584771719        2.2961760485056965E-008   9.2145321965320495     
   92.297063903722233        5.8006034538084478E-002   4.2371398205734719E-002 -0.11203161880109642        2.1137402481702524E-008   9.0033494641813174     
   92.849740933085840        5.7928946097855372E-002   4.2286395958080154E-002 -0.11204722780455514        2.1074930662135362E-008   8.9112814110813314     
   93.402417962449448        5.7838123175694707E-002   4.2029771169955377E-002 -0.11190553491160313        2.1000213454680048E-008   8.7871391814311757     
   93.955094991813056        5.8005309130992284E-002   4.2315037934168145E-002 -0.11204688687122341        2.2866980071315882E-008   9.0599973224723787     
   94.507772021176663        5.7876011457336556E-002   4.2426388337199368E-002 -0.11188306122810843        2.1735327499093297E-008   8.9684332855063431     
   95.060449050540271        5.7837532352481499E-002   4.2264042868251465E-002 -0.11165244223749210        2.2292879965313344E-008   8.8841552681230063     
   95.613126079903864        5.7701997887796633E-002   4.2268414882459839E-002 -0.11137807062448181        2.0567252832684079E-008   8.6106029416326990     
   96.165803109267472        5.7577801765031821E-002   4.2323314667686657E-002 -0.11108453037852872        1.9751683716210666E-008   8.8084423249781274     
   96.718480138631080        5.7737262873472674E-002   4.2382290524811218E-002 -0.11120339994931219        2.0480886207366199E-008   8.7694610043365007     
   97.271157167994687        5.7919485038208408E-002   4.2226415403489037E-002 -0.11140806851270389        2.1345040523802977E-008   8.6965166417675661     
   97.823834197358295        5.7808440728406740E-002   4.2232330412935865E-002 -0.11121032505956832        2.0994630701536554E-008   8.6244853980641665     
   98.376511226721902        5.7518438778238222E-002   4.2223364946468049E-002 -0.11084570274135325        2.1105494642414088E-008   8.7805175414774830     
   98.929188256085510        5.7202150695577929E-002   4.2143147665351134E-002 -0.11042978604694217        1.9190541202870395E-008   8.5183099379248599     
   99.481865285449118        5.6987154751873804E-002   4.2158736919181317E-002 -0.11010714264595176        2.0531426137586434E-008   8.5507189555533785     
   100.03454231481273        5.6749540525258144E-002   4.2032049470257987E-002 -0.10971491838224923        1.8498487990716835E-008   8.3846732517811855     
   100.58721934417633        5.7065546309208855E-002   4.1961388258113137E-002 -0.11004885343310472        1.9584017758983205E-008   8.5696663190234101     
   101.13989637353993        5.7111002690204631E-002   4.1949788829201411E-002 -0.11003263455538440        1.9226899697525228E-008   8.5169244987350865     
   101.69257340290353        5.6880456921454485E-002   4.1706993747259717E-002 -0.10973979668479783        1.8793873881497267E-008   8.2815695643105460     
   102.24525043226714        5.6887241254176574E-002   4.1697107816012054E-002 -0.10989944043324396        2.0305853427766282E-008   8.4546894291242847     
   102.79792746163075        5.6624122555980851E-002   4.1652193434115414E-002 -0.10956109171484565        1.8543219228237071E-008   8.3977420730425134     
   103.35060449099436        5.6663885236891504E-002   4.1691478706041507E-002 -0.10954673850449113        1.8566563032713124E-008   8.5110018837741901     
   103.90328152035796        5.6688178173914687E-002   4.1733936506375975E-002 -0.10954139219964919        1.8364540944405173E-008   8.3521531351471268     
   104.45595854972157        5.6909079834085004E-002   4.1472075910659531E-002 -0.10983124104924352        2.0151665297471691E-008   7.9953679088989000     
   105.00863557908518        5.6912785038485847E-002   4.1555080671955624E-002 -0.10980567003810984        1.9179443477502881E-008   8.0194687129627305     
   105.56131260844879        5.6861326502687513E-002   4.1613965255491596E-002 -0.10972345451832841        1.8838920436165576E-008   8.1345277623636640     
   106.11398963781238        5.6904738170877663E-002   4.1709957272786501E-002 -0.10983302784665439        2.1951145941313613E-008   8.3078888071479913     
   106.66666666717599        5.6539127577071940E-002   4.1475762478829482E-002 -0.10935440297526813        1.8984975784978334E-008   7.9475239628683179     
   107.21934369653960        5.6341606592084023E-002   4.1438142004082308E-002 -0.10895848490067897        1.9153549127508478E-008   7.9578259153381765     
   107.77202072590320        5.6287339246176307E-002   4.1479208709841467E-002 -0.10884254573216992        1.8707010120131774E-008   8.0834096984436279     
   108.32469775526681        5.6537160462905488E-002   4.1362479457725872E-002 -0.10919494103059986        1.8570617646805676E-008   7.8996158992075491     
   108.87737478463042        5.6600582614463865E-002   4.1350936552703700E-002 -0.10921480358557928        1.9498883390982405E-008   7.9740658684822296     
   109.43005181399403        5.6564210996736954E-002   4.1113112708929707E-002 -0.10909732002852007        1.9633509102012596E-008   8.0720873396800918     
   109.98272884335763        5.6493492620689659E-002   4.0863207269522403E-002 -0.10885186719386149        1.7661530235890336E-008   7.7380504024919530     
   110.53540587272124        5.6521635955765238E-002   4.0645242859749846E-002 -0.10888387775790229        1.7989527765124318E-008   7.7800085558173482     
   111.08808290208485        5.6544128294821465E-002   4.0605598709684609E-002 -0.10887030364826333        1.8654269988888459E-008   7.7894358702419577     
   111.64075993144844        5.6537005830833362E-002   4.0695252920210215E-002 -0.10877642553366348        1.8932342887715966E-008   7.8834494402849593     
   112.19343696081205        5.6285549452221049E-002   4.0566940614722234E-002 -0.10838202869005351        1.8260918515029229E-008   7.7195699379066163     
   112.74611399017566        5.6133631035469027E-002   4.0510034570395488E-002 -0.10823160238966305        1.8419643770886645E-008   7.5769156231238588     
   113.29879101953927        5.6067506822179272E-002   4.0499149503664504E-002 -0.10816527045915689        1.7820095188636005E-008   7.5187639921422580     
   113.85146804890287        5.6086103584014071E-002   4.0545683904008069E-002 -0.10807707086876781        1.9200000183811523E-008   7.6121173666305406     
   114.40414507826648        5.6001411618545667E-002   4.0482414039227824E-002 -0.10785529337676540        1.7785611070341388E-008   7.5240713394305923     
   114.95682210763009        5.6089053135736054E-002   4.0482641690645145E-002 -0.10803079997551221        1.9342307505181065E-008   7.5300949698018140     
   115.50949913699370        5.6123028354119614E-002   4.0392882219342355E-002 -0.10816640685579515        1.8806682885528390E-008   7.4176228657308654     
   116.06217616635730        5.6078147185613381E-002   4.0498667135432403E-002 -0.10819650271989986        1.9155155500462834E-008   7.5198171365514606     
   116.61485319572091        5.5775450021659498E-002   4.0490386132916070E-002 -0.10781282226108341        1.8648296512907147E-008   7.5157242847738281     
   117.16753022508450        5.5301325900743943E-002   4.0298534963235981E-002 -0.10703549965753278        1.7919175263580185E-008   7.2750909290330101     
   117.72020725444811        5.5186681524922843E-002   4.0200378698610088E-002 -0.10679711065940342        1.7162734949274275E-008   7.3563698361598728     
   118.27288428381172        5.5156492110319109E-002   4.0200223560566857E-002 -0.10657685005116888        1.8896671416342364E-008   7.4410383370794850     
   118.82556131317533        5.4975953532227985E-002   3.9919550986577269E-002 -0.10628994040040610        1.8299054317290328E-008   7.2916037869470651     
   119.37823834253894        5.4771588919737296E-002   3.9905175508712122E-002 -0.10616529743710396        1.8523524043183025E-008   7.2778657875128010     
   119.93091537190254        5.4687038884674161E-002   3.9934044634188738E-002 -0.10613370653727970        1.8187965294100023E-008   7.3257855801482474     
   120.48359240126615        5.4835984801845372E-002   3.9865094887244386E-002 -0.10624286477599926        1.9039091380798592E-008   7.3044578106735916     
   121.03626943062976        5.4923942241099026E-002   3.9747977020587522E-002 -0.10633621675887411        2.2023536154823836E-008   7.2948631616444404     
   121.58894645999337        5.4571080218566610E-002   3.9728138007485897E-002 -0.10602187342414354        1.8545007980841452E-008   7.4212179780200547     
   122.14162348935697        5.4303271684295183E-002   3.9765087327129293E-002 -0.10580790654265436        1.8503389785518684E-008   7.2699319960767390     
   122.69430051872057        5.4317964059243558E-002   3.9873548906368260E-002 -0.10595341442458518        1.8392115695609883E-008   7.4509142934151225     
   123.24697754808417        5.4785806244499080E-002   3.9699566933412408E-002 -0.10664889958610074        1.9851190510607278E-008   7.2328175283732685     
   123.79965457744778        5.5134456987086439E-002   3.9776924400512940E-002 -0.10713699095989247        1.9040226625265434E-008   7.3249869246329755     
   124.35233160681139        5.5394394358548218E-002   3.9721208169948154E-002 -0.10753095252693515        1.9749972450628346E-008   7.2581528263612531     
   124.90500863617500        5.5418687156325079E-002   3.9656743502260942E-002 -0.10752408252219638        1.9641132325483054E-008   7.3822388458790460     
   125.45768566553861        5.5151966617296572E-002   3.9425067809897948E-002 -0.10709697540671542        1.9508554701152787E-008   7.0755132766445028     
   126.01036269490221        5.4948165895338907E-002   3.9318424124133743E-002 -0.10684347480596568        1.8148842118511038E-008   7.0808325162857448     
   126.56303972426582        5.5064602849739588E-002   3.9177649430295038E-002 -0.10692715065782073        1.9020219859362439E-008   7.0897929026475870     
   127.11571675362943        5.5119571842179943E-002   3.9064008418467966E-002 -0.10686521852772390        1.8887263322615262E-008   7.1521392134667705     
   127.66839378299304        5.5213126174091583E-002   3.9005846967875804E-002 -0.10696110727224797        1.8265387104382897E-008   7.1052505983955987     
   128.22107081235663        5.5530182530296977E-002   3.9051086318197488E-002 -0.10728339800545431        1.9659648306703244E-008   7.2207323934768510     
   128.77374784172025        5.5700607804353132E-002   3.8870099803528055E-002 -0.10741627405391804        1.9901304429515563E-008   7.0848932255472841     
   129.32642487108384        5.5549364897310070E-002   3.8797403738711170E-002 -0.10726071024507298        1.9811336737700428E-008   7.1403946649988841     
   129.87910190044747        5.5435469876634981E-002   3.8702139807102860E-002 -0.10710344567208939        1.9532509885741790E-008   7.1052439508597400     
   130.43177892981106        5.5419787131321653E-002   3.8629696717521207E-002 -0.10704717083395734        1.9719188895071018E-008   7.2175374697965893     
