   8.9736399327086686E-002   6.6647987062887090E-002   2.5397775131319011E-003  -6.9187764576018967E-002
  0.17947279865417337       0.13317419597210084        5.0684540641714737E-003 -0.13824265003627234     
  0.26920919798126008       0.19941698949552764        7.5818261069843865E-003 -0.20699881560251207     
  0.35894559730834674       0.26522612703577825        1.0076360426039203E-002 -0.27530248746181735     
  0.44868199663543340       0.33046612677078591        1.2549023135734947E-002 -0.34301514990652099     
  0.53841839596252017       0.39501781761798149        1.4996861369328349E-002 -0.41001467898731003     
  0.62815479528960683       0.45877912510541236        1.7417105543517740E-002 -0.47619623064893013     
  0.71789119461669348       0.52166627721995740        1.9805385038626101E-002 -0.54147166225858334     
  0.80762759394378014       0.58361115128716634        2.2158746685940867E-002 -0.60576989797310732     
  0.89736399327086680       0.64455942796961396        2.4474468887435877E-002 -0.66903389685704973     
  0.98710039259795357       0.70447189271692179        2.6749090034761724E-002 -0.73122098275168312     
   1.0768367919250403       0.76332133378266898        2.8980427758473214E-002 -0.79230176154114229     
   1.1665731912521269       0.82108936119128462        3.1162486913614555E-002 -0.85225184810489940     
   1.2563095905792137       0.87776591331406439        3.3290320349309815E-002 -0.91105623366337407     
   1.3460459899063002       0.93334710552707933        3.5363882990296629E-002 -0.96871098851737569     
   1.4357823892333870       0.98783525795096883        3.7381166421627400E-002  -1.0252164243725959     
   1.5255187885604737        1.0412377823329926        3.9340769480640948E-002  -1.0805785518136339     
   1.6152551878875603        1.0935669947275599        4.1239531477582810E-002  -1.1348065262051423     
   1.7049915872146471        1.1448361281684041        4.3075276418706454E-002  -1.1879114045871102     
   1.7947279865417336        1.1950586495230482        4.4851566158752507E-002  -1.2399102156818007     
   1.8844643858688204        1.2442533897418515        4.6570018613658212E-002  -1.2908234083555097     
   1.9742007851959071        1.2924439918409785        4.8226843729765989E-002  -1.3406708355707442     
   2.0639371845229939        1.3396550941533671        4.9823851841892967E-002  -1.3894789459952608     
   2.1536735838500807        1.3859123610262849        5.1359581890610455E-002  -1.4372719429168959     
   2.2434099831771670        1.4312413642732145        5.2832561610562143E-002  -1.4840739258837767     
   2.3331463825042538        1.4756670089439330        5.4241387509077817E-002  -1.5299083964530098     
   2.4228827818313405        1.5192128726173892        5.5587966541175773E-002  -1.5748008391585646     
   2.5126191811584273        1.5619017208019215        5.6873462807491559E-002  -1.6187751836094124     
   2.6023555804855141        1.6037547600019768        5.8103069936376643E-002  -1.6618578299383535     
   2.6920919798126004        1.6447968047364478        5.9276817821183179E-002  -1.7040736225576305     
   2.7818283791396872        1.6850508822766945        6.0393509161329954E-002  -1.7454443914380242     
   2.8715647784667739        1.7245437252973750        6.1452508597067503E-002  -1.7859962338944424     
   2.9613011777938607        1.7633016488935942        6.2454426378319904E-002  -1.8257560752719131     
   3.0510375771209475        1.8013480267418864        6.3402595841184239E-002  -1.8647506225830699     
   3.1407739764480338        1.8387090597388001        6.4296528743543774E-002  -1.9030055884823438     
   3.2305103757751206        1.8754066370977529        6.5135698630923805E-002  -1.9405423357286764     
   3.3202467751022073        1.9114650871867973        6.5918478551565185E-002  -1.9773835657383620     
   3.4099831744292941        1.9469041627910897        6.6650140156513882E-002  -2.0135543029476031     
   3.4997195737563809        1.9817449979346216        6.7334790717526447E-002  -2.0490797886521483     
   3.5894559730834672        2.0160097006141857        6.7971300321612999E-002  -2.0839810009357977     
   3.6791923724105540        2.0497184621256110        6.8555785788543697E-002  -2.1182742479141541     
   3.7689287717376407        2.0828912320932926        6.9091809028966361E-002  -2.1519830411222594     
   3.8586651710647275        2.1155491715822281        6.9580117212711914E-002  -2.1851292887949407     
   3.9484015703918143        2.1477111865740994        7.0020333573592497E-002  -2.2177315201476921     
   4.0381379697189006        2.1793935716071537        7.0415417142092526E-002  -2.2498089887492463     
   4.1278743690459878        2.2106124022982283        7.0768243277495077E-002  -2.2813806455757240     
   4.2176107683730741        2.2413850733401435        7.1080736760501279E-002  -2.3124658101006448     
   4.3073471677001614        2.2717291453647963        7.1357575869336679E-002  -2.3430867212341329     
   4.3970835670272477        2.3016610868265914        7.1601179010030352E-002  -2.3732622658366238     
   4.4868199663543340        2.3311963620536109        7.1812655519977411E-002  -2.4030090175735870     
   4.5765563656814212        2.3603442278377340        7.1997536125211675E-002  -2.4323417639629450     
   4.6662927650085075        2.3891137066499533        7.2158920497368453E-002  -2.4612726271473209     
   4.7560291643355947        2.4175162800396248        7.2302546905446990E-002  -2.4898188269450712     
   4.8457655636626811        2.4455638759074962        7.2429279076511643E-002  -2.5179931549840067     
   4.9355019629897674        2.4732687852149207        7.2543143224020223E-002  -2.5458119284389396     
   5.0252383623168546        2.5006430038189116        7.2644741087339745E-002  -2.5732877449062515     
   5.1149747616439409        2.5276969150579514        7.2737800970621255E-002  -2.6004347160285732     
   5.2047111609710281        2.5544390435313344        7.2824128713911057E-002  -2.6272631722452457     
   5.2944475602981145        2.5808762756560553        7.2908685389447683E-002  -2.6537849610455009     
   5.3841839596252008        2.6070147441036653        7.2997600815424432E-002  -2.6800123449190907     
   5.4739203589522880        2.6328618248497948        7.3093109047770180E-002  -2.7059549338975653     
   5.5636567582793743        2.6584253555057855        7.3200148632517406E-002  -2.7316255041383024     
   5.6533931576064615        2.6837143826063836        7.3314426971118826E-002  -2.7570288095775015     
   5.7431295569335479        2.7087356953859425        7.3438085805766926E-002  -2.7821737811917080     
   5.8328659562606342        2.7334970685435875        7.3566294863882845E-002  -2.8070633634074693     
   5.9226023555877214        2.7580059919930582        7.3697818414315400E-002  -2.8317038104073742     
   6.0123387549148077        2.7822709517787811        7.3831158365680563E-002  -2.8561021101444606     
   6.1020751542418949        2.8062965700257392        7.3963640932624974E-002  -2.8802602109583639     
   6.1918115535689813        2.8300904083059755        7.4092569559849594E-002  -2.9041829778658248     
   6.2815479528960676        2.8536613141880798        7.4216846521559382E-002  -2.9278781607096396     
   6.3712843522231548        2.8770163069992001        7.4338739338143611E-002  -2.9513550463373432     
   6.4610207515502411        2.9001615462813350        7.4461831362557865E-002  -2.9746233776438915     
   6.5507571508773283        2.9231027742846853        7.4585358803080995E-002  -2.9976881330877658     
   6.6404935502044147        2.9458464595619573        7.4708517313629125E-002  -3.0205549768755868     
   6.7302299495315010        2.9684009334347303        7.4826527360311104E-002  -3.0432274607950407     
   6.8199663488585882        2.9907721929919346        7.4938946535846748E-002  -3.0657111395277807     
   6.9097027481856745        3.0129639586490264        7.5044175464363691E-002  -3.0880081341133887     
   6.9994391475127617        3.0349796855035094        7.5142690833098019E-002  -3.1101223763366059     
   7.0891755468398481        3.0568239029881172        7.5234552974445035E-002  -3.1320584559625622     
   7.1789119461669344        3.0785005512273775        7.5317003426862789E-002  -3.1538175546542409     
   7.2686483454940216        3.1000155520771693        7.5387862638852249E-002  -3.1754034147160222     
   7.3583847448211079        3.1213748429938981        7.5447684899319620E-002  -3.1968225278932159     
   7.4481211441481951        3.1425828130980835        7.5494929370460373E-002  -3.2180777424685423     
   7.5378575434752815        3.1636444017007430        7.5530977277371569E-002  -3.2391753789781141     
   7.6275939428023687        3.1845643197385924        7.5556669046348862E-002  -3.2601209887849407     
   7.7173303421294550        3.2053493896184690        7.5571077857443450E-002  -3.2809204674759109     
   7.8070667414565413        3.2260054929036159        7.5571193144887153E-002  -3.3015766860485027     
   7.8968031407836285        3.2465357016020087        7.5561247922494926E-002  -3.3220969495245014     
   7.9865395401107149        3.2669434572057381        7.5544244033809591E-002  -3.3424877012395466     
   8.0762759394378012        3.2872310082959184        7.5522590406301118E-002  -3.3627535987022221     
   8.1660123387648884        3.3073996396303142        7.5497538807734452E-002  -3.3828971784380473     
   8.2557487380919756        3.3274510437947478        7.5467451320158835E-002  -3.4029184951149078     
   8.3454851374190611        3.3473881084064128        7.5429812481613526E-002  -3.4228179208880269     
   8.4352215367461483        3.3672121244976849        7.5383944740104722E-002  -3.4425960692377897     
   8.5249579360732355        3.3869268301565909        7.5327318523307721E-002  -3.4622541486798992     
   8.6146943354003227        3.4065355148798426        7.5260921925628235E-002  -3.4817964368054710     
   8.7044307347274081        3.4260405337778335        7.5187838518580283E-002  -3.5012283722964153     
   8.7941671340544953        3.4454442128722556        7.5111023574192581E-002  -3.5205552364464463     
   8.8839035333815826        3.4647483910852679        7.5028947784156169E-002  -3.5397773388694227     
   8.9736399327086680        3.4839552925124311        7.4941018740651538E-002  -3.5588963112530814     
   9.0633763320357552        3.5030685369992240        7.4844927015099538E-002  -3.5779134640143235     
   9.1531127313628424        3.5220898666595222        7.4739348014107185E-002  -3.5968292146736305     
   9.2428491306899279        3.5410250275167465        7.4620865071227060E-002  -3.6156458925879749     
   9.3325855300170151        3.5598798543081029        7.4485117322686201E-002  -3.6343649716307898     
   9.4223219293441023        3.5786559864649456        7.4334843494040126E-002  -3.6529908299589859     
   9.5120583286711895        3.5973558651998876        7.4167199445666979E-002  -3.6715230646455543     
   9.6017947279982749        3.6159825164011834        7.3979782512891640E-002  -3.6899622989140735     
   9.6915311273253621        3.6345388884025129        7.3774366388621018E-002  -3.7083132547911344     
   9.7812675266524494        3.6530254800355975        7.3551206808611921E-002  -3.7265766868442096     
   9.8710039259795348        3.6714462012883340        7.3310280780103862E-002  -3.7447564820684378     
   9.9607403253066220        3.6898050281354404        7.3051458638750774E-002  -3.7628564867741905     
   10.050476724633709        3.7081047160481746        7.2775444491610497E-002  -3.7808801605397839     
   10.140213123960795        3.7263479067973977        7.2482470522779133E-002  -3.7988303773201761     
   10.229949523287882        3.7445353664302155        7.2176204611913028E-002  -3.8167115710421275     
   10.319685922614969        3.7626678552311867        7.1853502436392103E-002  -3.8345213576675787     
   10.409422321942056        3.7807468843306560        7.1517264450702084E-002  -3.8522641487813609     
   10.499158721269142        3.7987737988072703        7.1172235542136628E-002  -3.8699460343494070     
   10.588895120596229        3.8167509424409012        7.0820512146216166E-002  -3.8875714545871176     
   10.678631519923316        3.8346816412996847        7.0461342719070938E-002  -3.9051429840187550     
   10.768367919250402        3.8525670818925679        7.0098958037677669E-002  -3.9226660399302453     
   10.858104318577489        3.8704071898188248        6.9738079063806538E-002  -3.9401452688826315     
   10.947840717904576        3.8882049603713118        6.9378834638435596E-002  -3.9575837950097483     
   11.037577117231661        3.9059619591789922        6.9021965677796115E-002  -3.9749839248567880     
   11.127313516558749        3.9236779457872739        6.8671712760503420E-002  -3.9923496585477780     
   11.217049915885836        3.9413511076043291        6.8334462812627936E-002  -4.0096855704169574     
   11.306786315212923        3.9589809892406471        6.8011632275968334E-002  -4.0269926215166167     
   11.396522714540009        3.9765677723983863        6.7703051884354715E-002  -4.0442708242827399     
   11.486259113867096        3.9941138933910350        6.7407169068510145E-002  -4.0615210624595441     
   11.575995513194183        4.0116234265562118        6.7117746811838366E-002  -4.0787411733680505     
   11.665731912521268        4.0290962830578607        6.6834211167856594E-002  -4.0959304942257164     
   11.755468311848356        4.0465314894461910        6.6554059642475516E-002  -4.1130855490886642     
   11.845204711175443        4.0639314855592374        6.6276472111000823E-002  -4.1302079576702395     
   11.934941110502530        4.0812961783084880        6.6001250159973365E-002  -4.1472974284684616     
   12.024677509829615        4.0986270754310885        6.5725189706345111E-002  -4.1643522651374338     
   12.114413909156703        4.1159230849114712        6.5449030700382299E-002  -4.1813721156118531     
   12.204150308483790        4.1331883302415600        6.5170395808101481E-002  -4.1983587260496620     
   12.293886707810875        4.1504262357611186        6.4888198907521635E-002  -4.2153144346686400     
   12.383623107137963        4.1676347749989997        6.4604534018998933E-002  -4.2322393090179977     
   12.473359506465050        4.1848149082339878        6.4321337834030420E-002  -4.2491362460680202     
   12.563095905792135        4.2019663177685382        6.4039548206380040E-002  -4.2660058659749156     
   12.652832305119222        4.2190902779892552        6.3759280251787273E-002  -4.2828495582410397     
   12.742568704446310        4.2361895395517637        6.3477778616684272E-002  -4.2996673181684466     
   12.832305103773397        4.2532635556728629        6.3193071261419959E-002  -4.3164566269342810     
   12.922041503100482        4.2703117100191559        6.2906572375431902E-002  -4.3332182823945873     
   13.011777902427569        4.2873353056958186        6.2617118748435049E-002  -4.3499524244442540     
   13.101514301754657        4.3043368992432383        6.2324005413790642E-002  -4.3666609046570279     
   13.191250701081742        4.3213173420062505        6.2026744526445632E-002  -4.3833440865326967     
   13.280987100408829        4.3382766409266482        6.1724692946192254E-002  -4.4000013338728392     
   13.370723499735917        4.3552137516657004        6.1420289405273616E-002  -4.4166340410709735     
   13.460459899063002        4.3721276552529948        6.1117626685918400E-002  -4.4332452819389143     
   13.550196298390089        4.3890170873898109        6.0818995014311240E-002  -4.4498360824041221     
   13.639932697717176        4.4058804469160364        6.0525589716853005E-002  -4.4664060366328879     
   13.729669097044264        4.4227155696016194        6.0242344130583929E-002  -4.4829579137322018     
   13.819405496371349        4.4395201663373429        5.9971843647225007E-002  -4.4994920099845679     
   13.909141895698436        4.4562933087633656        5.9714648501273851E-002  -4.5160079572646392     
   13.998878295025523        4.4730384276998567        5.9465195247797441E-002  -4.5325036229476527     
   14.088614694352609        4.4897564926714812        5.9221877153946251E-002  -4.5489783698254280     
   14.178351093679696        4.5064464641900184        5.8984033531143912E-002  -4.5654304977211622     
   14.268087493006783        4.5231099618199480        5.8751984433841824E-002  -4.5818619462537917     
   14.357823892333869        4.5397473878848098        5.8526780084274560E-002  -4.5982741679690822     
   14.447560291660956        4.5563580862816693        5.8309843642904556E-002  -4.6146679299245754     
   14.537296690988043        4.5729416020709994        5.8100102576362278E-002  -4.6310417046473624     
   14.627033090315130        4.5894975663331294        5.7894435652603431E-002  -4.6473920019857342     
   14.716769489642216        4.6060247689358391        5.7693220952550896E-002  -4.6637179898883900     
   14.806505888969303        4.6225239852799840        5.7494890176712915E-002  -4.6800188754566960     
   14.896242288296390        4.6389951063552077        5.7297175103358418E-002  -4.6962922814585637     
   14.985978687623476        4.6554365117371717        5.7102909027987522E-002  -4.7125394207651583     
   15.075715086950563        4.6718478241150176        5.6914871454802105E-002  -4.7287626955698201     
   15.165451486277650        4.6882285969325492        5.6732942019916882E-002  -4.7449615389524693     
   15.255187885604737        4.7045783655652853        5.6560341716276261E-002  -4.7611387072815647     
   15.344924284931823        4.7209011243509948        5.6394345294169923E-002  -4.7772954696451659     
   15.434660684258910        4.7371993910738972        5.6233331510171305E-002  -4.7934327225840718     
   15.524397083585997        4.7534735053462818        5.6080123310157291E-002  -4.8095536286564373     
   15.614133482913083        4.7697236346650342        5.5933626136488730E-002  -4.8256572608015231     
   15.703869882240170        4.7859488631165323        5.5793575839614459E-002  -4.8417424389561452     
   15.793606281567257        4.8021520895389695        5.5655916921845329E-002  -4.8578080064608162     
   15.883342680894343        4.8183343415963789        5.5517917159395989E-002  -4.8738522587557753     
   15.973079080221430        4.8344955204831850        5.5378481971148370E-002  -4.8898740024543335     
   16.062815479548515        4.8506372488529177        5.5235288291297910E-002  -4.9058725371442167     
   16.152551878875602        4.8667601973743277        5.5088982923952222E-002  -4.9218491802982811     
   16.242288278202690        4.8828648992292889        5.4942011822816973E-002  -4.9378069110521059     
   16.332024677529777        4.8989522900438374        5.4793599106439633E-002  -4.9537458891502721     
   16.421761076856864        4.9150256633653555        5.4642261782045516E-002  -4.9696679251474034     
   16.511497476183951        4.9310853857247023        5.4493124874749693E-002  -4.9855785105994510     
   16.601233875511038        4.9471315986677507        5.4348204804367112E-002  -5.0014798034721197     
   16.690970274838122        4.9631653047179389        5.4208883590816180E-002  -5.0173741883087555     
   16.780706674165209        4.9791891599333464        5.4072215600759470E-002  -5.0332613755341091     
   16.870443073492297        4.9952063942168090        5.3935220119694156E-002  -5.0491416143365031     
   16.960179472819384        5.0112174129787226        5.3798607389802043E-002  -5.0650160203685264     
   17.049915872146471        5.0272223272302377        5.3666637561887186E-002  -5.0808889647921260     
   17.139652271473558        5.0432203491861713        5.3535901743349934E-002  -5.0967562509295190     
   17.229388670800645        5.0592081222951597        5.3410131062347994E-002  -5.1126182533575077     
   17.319125070127729        5.0751813436856308        5.3291069303796061E-002  -5.1284724129894244     
   17.408861469454816        5.0911370606900963        5.3180047586841264E-002  -5.1443171082769350     
   17.498597868781903        5.1070734963443645        5.3078223095147585E-002  -5.1601517194395115     
   17.588334268108991        5.1229907755268362        5.2984914581745077E-002  -5.1759756901085803     
   17.678070667436078        5.1388881769733121        5.2897979340390797E-002  -5.1917861563137011     
   17.767807066763165        5.1547640292844017        5.2816944882824214E-002  -5.2075809741672225     
   17.857543466090249        5.1706190078237393        5.2740251454402746E-002  -5.2233592592781415     
   17.947279865417336        5.1864544420096728        5.2666954811376274E-002  -5.2391213968210470     
   18.037016264744423        5.2022694843451047        5.2596721476737628E-002  -5.2548662058218412     
   18.126752664071510        5.2180646012855245        5.2528593532252268E-002  -5.2705931948177787     
   18.216489063398598        5.2338408221933719        5.2461528268140434E-002  -5.2863023504615105     
   18.306225462725685        5.2495969634858675        5.2394982429201813E-002  -5.3019919459150673     
   18.395961862052772        5.2653305675834119        5.2330677700964862E-002  -5.3176612452843735     
   18.485698261379856        5.2810419146954155        5.2269507760060445E-002  -5.3333114224554761     
   18.575434660706943        5.2967299546006634        5.2212642384436056E-002  -5.3489425969851006     
   18.665171060034030        5.3123938713446224        5.2161328433849935E-002  -5.3645551997784695     
   18.754907459361117        5.3280346020319467        5.2114737457572058E-002  -5.3801493394895203     
   18.844643858688205        5.3436514697803865        5.2072661073954897E-002  -5.3957241308543402     
   18.934380258015292        5.3592462124159228        5.2031890893300584E-002  -5.4112781033092245     
   19.024116657342379        5.3748205143116099        5.1988848632756775E-002  -5.4268093629443657     
   19.113853056669463        5.3903736984301149        5.1947407500529397E-002  -5.4423211059306462     
   19.203589455996550        5.4059052026017209        5.1910923880820560E-002  -5.4578161264825393     
   19.293325855323637        5.4214176335599173        5.1879794607031321E-002  -5.4732974281669495     
   19.383062254650724        5.4369138442095188        5.1852310502594486E-002  -5.4887661547121152     
   19.472798653977812        5.4523934107446337        5.1827851854842615E-002  -5.5042212625994784     
   19.562535053304899        5.4678568192025541        5.1806726631135530E-002  -5.5196635458336907     
   19.652271452631982        5.4833084358752435        5.1784632022442545E-002  -5.5350930678976837     
   19.742007851959070        5.4987475045484384        5.1762438668530308E-002  -5.5505099432169667     
   19.831744251286157        5.5141741996730875        5.1740403775514920E-002  -5.5659146034486024     
   19.921480650613244        5.5295894952024272        5.1717462707253699E-002  -5.5813069579096828     
   20.011217049940331        5.5449911145257689        5.1693403965797663E-002  -5.5966845184915650     
   20.100953449267418        5.5603805196482252        5.1666703068207864E-002  -5.6120472227164333     
   20.190689848594506        5.5757578090770252        5.1638551970198926E-002  -5.6273963610472251     
   20.280426247921589        5.5911228828379791        5.1610000760409634E-002  -5.6427328835983905     
   20.370162647248677        5.6064754449866818        5.1583201327107128E-002  -5.6580586463137879     
   20.459899046575764        5.6218145530050769        5.1561247671472715E-002  -5.6733758006765465     
   20.549635445902851        5.6371387759654468        5.1546255678731355E-002  -5.6886850316441784     
   20.639371845229938        5.6524457820852616        5.1538148967539013E-002  -5.7039839310528029     
   20.729108244557025        5.6677372536494079        5.1535658728737894E-002  -5.7192729123781447     
   20.818844643884113        5.6830154830017872        5.1534155558092286E-002  -5.7345496385598800     
   20.908581043211196        5.6982813145314752        5.1533239194440243E-002  -5.7498145537259138     
   20.998317442538283        5.7135346088011936        5.1531351427791521E-002  -5.7650659602289824     
   21.088053841865371        5.7287749921940385        5.1525260920094830E-002  -5.7803002531141354     
   21.177790241192458        5.7440017185779482        5.1515297007338777E-002  -5.7955170155852835     
   21.267526640519545        5.7592151937615146        5.1501786126383620E-002  -5.8107169798878946     
   21.357263039846632        5.7744148685548868        5.1484577923834159E-002  -5.8258994464787222     
   21.446999439173720        5.7896015980460298        5.1463236253988409E-002  -5.8410648343000204     
   21.536735838500803        5.8047753094617116        5.1435172532885924E-002  -5.8562104819945970     
   21.626472237827890        5.8199369108422569        5.1397200789708553E-002  -5.8713341116319668     
   21.716208637154978        5.8350860352384153        5.1350284378716783E-002  -5.8864363196171343     
   21.805945036482065        5.8502223651266574        5.1294064667135070E-002  -5.9015164297937908     
   21.895681435809152        5.8653463322862116        5.1225644901413576E-002  -5.9165719771876244     
   21.985417835136239        5.8804571353412252        5.1145133420914507E-002  -5.9316022687621377     
   22.075154234463323        5.8955545400866178        5.1053979256857847E-002  -5.9466085193434761     
   22.164890633790410        5.9106385760304114        5.0950511625486972E-002  -5.9615890876558977     
   22.254627033117497        5.9257117680211060        5.0831132446146995E-002  -5.9765429004672530     
   22.344363432444585        5.9407737829296110        5.0696076179348300E-002  -5.9914698591089595     
   22.434099831771672        5.9558235409669136        5.0547950533712464E-002  -6.0063714915006221     
   22.523836231098759        5.9708605111283157        5.0389451795784655E-002  -6.0212499629240988     
   22.613572630425846        5.9858830488667332        5.0223117134687537E-002  -6.0361061660014199     
   22.703309029752930        6.0008891112222837        5.0052351899704271E-002  -6.0509414631219887     
   22.793045429080017        6.0158798900667367        4.9875154857924910E-002  -6.0657550449246616     
   22.882781828407104        6.0308550801705714        4.9688754944738941E-002  -6.0805438351153089     
   22.972518227734191        6.0458165807271067        4.9492897918890014E-002  -6.0953094786459960     
   23.062254627061279        6.0607648936726752        4.9289784830392834E-002  -6.1100546785030687     
   23.151991026388366        6.0757016063489733        4.9078658889369638E-002  -6.1247802652383445     
   23.241727425715453        6.0906276809444151        4.8858326324681067E-002  -6.1394860072690980     
   23.331463825042537        6.1055438134342213        4.8632025445725993E-002  -6.1541758388799455     
   23.421200224369624        6.1204519080432451        4.8399164290571624E-002  -6.1688510723338172     
   23.510936623696711        6.1353511733052910        4.8161931931564199E-002  -6.1835131052368526     
   23.600673023023798        6.1502423255248120        4.7921065800009884E-002  -6.1981633913248180     
   23.690409422350886        6.1651276822618533        4.7671656036219895E-002  -6.2127993382980753     
   23.780145821677973        6.1800076082738702        4.7411354344495858E-002  -6.2274189626183691     
   23.869882221005060        6.1948822089850841        4.7136847673647460E-002  -6.2420190566587328     
   23.959618620332144        6.2097512249433322        4.6846295442606357E-002  -6.2565975203859363     
   24.049355019659231        6.2246143103215781        4.6541429371143896E-002  -6.2711557396927242     
   24.139091418986318        6.2394717519881731        4.6221845235667608E-002  -6.2856935972238412     
   24.228827818313405        6.2543218238383798        4.5889822900770059E-002  -6.3002116467391494     
   24.318564217640493        6.2691660370863467        4.5548525997479473E-002  -6.3147145630838244     
   24.408300616967580        6.2840060756078193        4.5199113084567345E-002  -6.3292051886923879     
   24.498037016294663        6.2988409429412515        4.4842853013651159E-002  -6.3436837959549033     
   24.587773415621751        6.3136715674381838        4.4478914126580241E-002  -6.3581504815647643     
   24.677509814948838        6.3284984910476973        4.4108597013219494E-002  -6.3726070880609145     
   24.767246214275925        6.3433204108632548        4.3732041963855849E-002  -6.3870524528271089     
   24.856982613603012        6.3581395397806366        4.3348243830441544E-002  -6.4014877836110804     
   24.946719012930100        6.3729551064316299        4.2957797000971951E-002  -6.4159129034326012     
   25.036455412257187        6.3877671157494973        4.2562091165825690E-002  -6.4303292069153226     
   25.126191811584270        6.4025762371667181        4.2160627841663259E-002  -6.4447368650083838     
   25.215928210911358        6.4173818821633404        4.1753542691323142E-002  -6.4591354248546651     
   25.305664610238445        6.4321823826397342        4.1342307064425023E-002  -6.4735246897041590     
   25.395401009565532        6.4469760488103214        4.0929357416952236E-002  -6.4879054062272763     
   25.485137408892619        6.4617615102885093        4.0512161905550008E-002  -6.5022736721940593     
   25.574873808219706        6.4765385060130001        4.0090052166767053E-002  -6.5166285581797680     
   25.664610207546794        6.4913066312186940        3.9661417526710062E-002  -6.5309680487454065     
   25.754346606873877        6.5060648138644570        3.9226060919086182E-002  -6.5452908747835439     
   25.844083006200965        6.5208122916628062        3.8783341088963239E-002  -6.5595956327517673     
   25.933819405528052        6.5355484125820604        3.8334355193950412E-002  -6.5738827677760119     
   26.023555804855139        6.5502746416869106        3.7880133784440349E-002  -6.5881547754713532     
   26.113292204182226        6.5649923799235772        3.7419968898392914E-002  -6.6024123488219679     
   26.203028603509313        6.5797016185782526        3.6954930122543840E-002  -6.6166565487007967     
   26.292765002836401        6.5944021056263660        3.6487841553882475E-002  -6.6308899471802478     
   26.382501402163484        6.6090940156764209        3.6018650022541537E-002  -6.6451126656989628     
   26.472237801490571        6.6237770560762002        3.5552728514183819E-002  -6.6593297845903869     
   26.561974200817659        6.6384550156750750        3.5087178731376525E-002  -6.6735421944064539     
   26.651710600144746        6.6531304246756360        3.4619681000132164E-002  -6.6877501056757707     
   26.741446999471833        6.6678041077405590        3.4148251821347911E-002  -6.7019523595619077     
   26.831183398798920        6.6824772544022943        3.3670926993390596E-002  -6.7161481813956829     
   26.920919798126004        6.6971514238512642        3.3188040705205146E-002  -6.7303394645564705     
   27.010656197453091        6.7118273602656036        3.2699831150108695E-002  -6.7445271914157123     
   27.100392596780178        6.7265062672895501        3.2207179095655965E-002  -6.7587134463852063     
   27.190128996107266        6.7411885028906005        3.1711935262012388E-002  -6.7729004381526110     
   27.279865395434353        6.7558733444501460        3.1216094294292663E-002  -6.7870894387444398     
   27.369601794761440        6.7705604938996000        3.0721273077994094E-002  -6.8012817669775965     
   27.459338194088527        6.7852501450131548        3.0231136033152434E-002  -6.8154812810463072     
   27.549074593415611        6.7999419791380920        2.9747084438368314E-002  -6.8296890635764562     
   27.638810992742698        6.8146366664791262        2.9268640420006816E-002  -6.8439053068991340     
   27.728547392069785        6.8293337680040711        2.8796027388050049E-002  -6.8581297953921236     
   27.818283791396873        6.8440331490222723        2.8332099972293429E-002  -6.8723652489945648     
   27.908020190723960        6.8587344545200279        2.7876872262093857E-002  -6.8866113267821207     
   27.997756590051047        6.8734357417225596        2.7430102056185564E-002  -6.9008658437787451     
   28.087492989378134        6.8881364963011036        2.6991233669664393E-002  -6.9151277299707674     
   28.177229388705218        6.9028349080608500        2.6560425418355758E-002  -6.9293953334792038     
   28.266965788032305        6.9175303243820867        2.6140071595973060E-002  -6.9436703959780592     
   28.356702187359392        6.9322224491342643        2.5729112717066568E-002  -6.9579515618513375     
   28.446438586686480        6.9469121443432451        2.5326363798627398E-002  -6.9722385081418787     
   28.536174986013567        6.9616016872248832        2.4932032519769005E-002  -6.9865337197446529     
   28.625911385340654        6.9762903458666381        2.4546543144973419E-002  -7.0008368890116115     
   28.715647784667738        6.9909801315711286        2.4165488762272789E-002  -7.0151456203334028     
   28.805384183994825        7.0056724333786287        2.3787239447843309E-002  -7.0294596728264711     
   28.895120583321912        7.0203681882577689        2.3409987100375902E-002  -7.0437781753581437     
   28.984856982648999        7.0350672541639510        2.3034077683835141E-002  -7.0581013318477863     
   29.074593381976086        7.0497696991071352        2.2660663764717703E-002  -7.0724303628718523     
   29.164329781303174        7.0644739805073860        2.2290848008565334E-002  -7.0867648285159541     
   29.254066180630261        7.0791791627337313        2.1923715813278948E-002  -7.1011028785470085     
   29.343802579957345        7.0938838006679896        2.1561546313339747E-002  -7.1154453469813292     
   29.433538979284432        7.1085873023416726        2.1203782383188610E-002  -7.1297910847248600     
   29.523275378611519        7.1232891950712371        2.0850114663595626E-002  -7.1441393097348342     
   29.613011777938606        7.1379891533403512        2.0500646216216025E-002  -7.1584897995565697     
   29.702748177265693        7.1526879415541460        2.0154517484962050E-002  -7.1728424590391109     
   29.792484576592781        7.1673848218724432        1.9812532486127438E-002  -7.1871973543585694     
   29.882220975919868        7.1820797766199949        1.9474708914311176E-002  -7.2015544855343085     
   29.971957375246951        7.1967738519238189        1.9139616669711458E-002  -7.2159134685935271     
   30.061693774574039        7.2114678624310669        1.8809389240395165E-002  -7.2302772516714642     
   30.151430173901126        7.2261612300586311        1.8486054688032834E-002  -7.2446472847466623     
   30.241166573228213        7.2408558202393660        1.8168736495742431E-002  -7.2590245567351088     
   30.330902972555300        7.2555528878872702        1.7856465111842319E-002  -7.2734093529991055     
   30.420639371882388        7.2702534786074251        1.7548875247671302E-002  -7.2878023538551000     
   30.510375771209475        7.2849575502531527        1.7245249010738678E-002  -7.3022027992638892     
   30.600112170536558        7.2996643522372686        1.6946068542671215E-002  -7.3166104207799361     
   30.689848569863646        7.3143745352553582        1.6651048938921817E-002  -7.3310255841942782     
   30.779584969190733        7.3290889813769171        1.6359130964182678E-002  -7.3454481123410940     
   30.869321368517820        7.3438071239168927        1.6069617964070249E-002  -7.3598767418809654     
   30.959057767844907        7.3585285115394239        1.5781863204843476E-002  -7.3743103747442662     
   31.048794167171994        7.3732540274191951        1.5494382894155431E-002  -7.3887484103133527     
   31.138530566499078        7.3879817086261177        1.5208195202091728E-002  -7.4031899038282143     
   31.228266965826165        7.4027105053985016        1.4923581365382643E-002  -7.4176340867638864     
   31.318003365153253        7.4174403210549436        1.4641051381953714E-002  -7.4320813724368966     
   31.407739764480340        7.4321718191979844        1.4359181273638231E-002  -7.4465310004716248     
   31.497476163807427        7.4469058210060268        1.4076608644430080E-002  -7.4609824296504579     
   31.587212563134514        7.4616436276400977        1.3793276899274979E-002  -7.4754369045393743     
   31.676948962461601        7.4763855193944178        1.3509189584849335E-002  -7.4898947089792660     
   31.766685361788685        7.4911308802270957        1.3225272888179901E-002  -7.5043561531152783     
   31.856421761115772        7.5058804967981514        1.2941267867182627E-002  -7.5188217646653310     
   31.946158160442859        7.5206339549298553        1.2657549342374324E-002  -7.5332915042722313     
   32.035894559769950        7.5353916100250284        1.2377387746456102E-002  -7.5477689977714819     
   32.125630959097030        7.5501523967714093        1.2101685513786079E-002  -7.5622540822851922     
   32.215367358424118        7.5649163425924160        1.1833429762761942E-002  -7.5767497723551793     
   32.305103757751205        7.5796827856572726        1.1569863624802057E-002  -7.5912526492820733     
   32.394840157078292        7.5944532060187022        1.1311007630347458E-002  -7.6057642136490493     
   32.484576556405379        7.6092264135440457        1.1057174317056693E-002  -7.6202835878610999     
   32.574312955732466        7.6240007422961300        1.0809903567075450E-002  -7.6348106458632063     
   32.664049355059554        7.6387764816282910        1.0570611745031060E-002  -7.6493470933733203     
   32.753785754386641        7.6535534263199274        1.0340266097477530E-002  -7.6638936924174059     
   32.843522153713728        7.6683304317636480        1.0116567378953266E-002  -7.6784469991426043     
   32.933258553040815        7.6831068195626866        9.9030040953795844E-003  -7.6930098236580680     
   33.022994952367902        7.6978820524463867        9.6993140105447878E-003  -7.7075813664569299     
   33.112731351694990        7.7126549985998709        9.5089337309790019E-003  -7.7221639323308500     
   33.202467751022077        7.7274225388902433        9.3380219976827890E-003  -7.7367605608879257     
   33.292204150349157        7.7421821065729199        9.1853699477222744E-003  -7.7513674765206400     
   33.381940549676244        7.7569339832448065        9.0500850483520474E-003  -7.7659840682931582     
   33.471676949003331        7.7716760387609991        8.9324124371577655E-003  -7.7806084511981606     
   33.561413348330419        7.7864068552257502        8.8356796483294656E-003  -7.7952425348740793     
   33.651149747657506        7.8011256772909334        8.7615478630517600E-003  -7.8098872251539841     
   33.740886146984593        7.8158325745734025        8.7052268777090235E-003  -7.8245378014511076     
   33.830622546311680        7.8305308349781706        8.6640957547867090E-003  -7.8391949307329591     
   33.920358945638768        7.8452216881448633        8.6341726665621812E-003  -7.8538558608114286     
   34.010095344965855        7.8599060172816744                      -Infinity                  Infinity
   34.099831744292942        7.8745861634281367        8.6179953700759853E-003  -7.8832041587982111     
   34.189568143620029        7.8892625327525874        8.6202065550241291E-003  -7.8978827393076134     
   34.279304542947116        7.9039368916299040        8.6404860442060513E-003  -7.9125773776741140     
   34.369040942274204        7.9186122167585893        8.6601549477935396E-003  -7.9272723717063824     
   34.458777341601291        7.9332903051126076                            NaN                       NaN
   34.548513740928371        7.9479725718937884        8.7132938123532268E-003  -7.9566858657061417     
   34.638250140255458        7.9626602331945620        8.7443506221504194E-003  -7.9714045838167111     
   34.727986539582545        7.9773542065553125        8.7794835411000652E-003  -7.9861336900964108     
   34.817722938909633        7.9920542832458770        8.8176834509375596E-003  -8.0008719666968133     
   34.907459338236720        8.0067608624037678        8.8542154431041908E-003  -8.0156150778468724     
   34.997195737563807        8.0214733304180825                            NaN                       NaN
   35.086932136890894        8.0361899055563324        8.9115295210388037E-003  -8.0451014350773669     
   35.176668536217981        8.0509104724615153        8.9358881198949667E-003  -8.0598463605814121     
   35.266404935545069        8.0656350688247649                            NaN                       NaN
   35.356141334872156        8.0803632035886253        8.9635799435464590E-003  -8.0893267835321740     
   35.445877734199243        8.0950944514585785        8.9604868643378341E-003  -8.1040549383229123     
   35.535614133526330        8.1098264044206871                      -Infinity                  Infinity
   35.625350532853417        8.1245585191999563        8.9460916877788770E-003  -8.1335046108877354     
   35.715086932180498        8.1392913641728608                      -Infinity                  Infinity
   35.804823331507585        8.1540233025926430        8.8983543672053970E-003  -8.1629216569598508     
   35.894559730834672        8.1687536053291439                      -Infinity                  Infinity
   35.984296130161759        8.1834832216773474        8.8452980615827733E-003  -8.1923285197389273     
   36.074032529488846        8.1982124055183174                            NaN                       NaN
   36.163768928815934        8.2129401708889187        8.7962105496402852E-003  -8.2217363814385571     
   36.253505328143021        8.2276654113402401        8.7780345187304584E-003  -8.2364434458589724     
   36.343241727470108        8.2423865914368513        8.7581183182469189E-003  -8.2511447097551009     
   36.432978126797195        8.2571024130331665        8.7490470731474597E-003  -8.2658514601063189     
   36.522714526124282        8.2718116485477147                      -Infinity                  Infinity
   36.612450925451370        8.2865146617651355        8.7290742898222876E-003  -8.2952437360549567     
   36.702187324778457        8.3012112407394145        8.7199363861744043E-003  -8.3099311771255913     
   36.791923724105544        8.3159018652837098        8.7157232613368826E-003  -8.3246175885450473     
   36.881660123432624        8.3305861195815893        8.7073633355388702E-003  -8.3392934829171264     
   36.971396522759711        8.3452641973232069                      -Infinity                  Infinity
   37.061132922086799        8.3599362381298583                      -Infinity                  Infinity
   37.150869321413886        8.3746022549715828        8.6843348504000110E-003  -8.3832865898219797     
   37.240605720740973        8.3892633076420413        8.6747402891926059E-003  -8.3979380479312340     
   37.330342120068060        8.4039218442067174        8.6631444421984578E-003  -8.4125849886489164     
   37.420078519395148        8.4185794409354049                            NaN                       NaN
   37.509814918722235        8.4332354784870365        8.6245879793435468E-003  -8.4418600664663774     
   37.599551318049322        8.4478904898661789        8.6020671663800622E-003  -8.4564925570325613     
   37.689287717376409        8.4625464352120687                      -Infinity                  Infinity
   37.779024116703496        8.4772067225766303        8.5326661308303218E-003  -8.4857393887074615     
   37.868760516030584        8.4918718687014181                      -Infinity                  Infinity
   37.958496915357671        8.5065395463162936        8.4313680222426173E-003  -8.5149709143385337     
   38.048233314684758        8.5212096509418735                      -Infinity                  Infinity
   38.137969714011838        8.5358827122285774                            NaN                       NaN
   38.227706113338925        8.5505584256329108        8.2120029665521069E-003  -8.5587704285994626     
   38.317442512666013        8.5652375998413728                      -Infinity                  Infinity
   38.407178911993100        8.5799198430401269        8.0233085169978836E-003  -8.5879431515571252     
   38.496915311320187        8.5946041922767389        7.9242934306172196E-003  -8.6025284857073530     
   38.586651710647274        8.6092900353564445        7.8285400280101863E-003  -8.6171185753844579     
   38.676388109974361        8.6239764345820689        7.7348024042763310E-003  -8.6317112369863409     
   38.766124509301449        8.6386616775083755        7.6439541043456577E-003  -8.6463056316127265     
   38.855860908628536        8.6533435909529022        7.5571717393389656E-003  -8.6609007626922434     
   38.945597307955623        8.6680221658217960        7.4760709209251812E-003  -8.6754982367427189     
   39.035333707282710        8.6826967528755699        7.3993588242423523E-003  -8.6900961116998072     
   39.125070106609797        8.6973663998482742        7.3291816886994704E-003  -8.7046955815369706     
   39.214806505936885        8.7120313690681606        7.2615849104218878E-003  -8.7192929539785826     
   39.304542905263965        8.7266915433786814        7.1998293978994569E-003  -8.7338913727765846     
   39.394279304591052        8.7413463317311617        7.1400161451265608E-003  -8.7484863478762893     
   39.484015703918139        8.7559945477610075        7.0841928973155235E-003  -8.7630787406583242     
   39.573752103245226        8.7706359417179485        7.0345166527117373E-003  -8.7776704583706646     
   39.663488502572314        8.7852712864407785        6.9870307595365907E-003  -8.7922583172003161     
   39.753224901899401        8.7999008785981410        6.9386033928166340E-003  -8.8068394819909628     
   39.842961301226488        8.8145252544883537        6.8895311780467084E-003  -8.8214147856663985     
   39.932697700553575        8.8291454756033634        6.8367780426340247E-003  -8.8359822536459998     
   40.022434099880662        8.8437612910147205        6.7809416380731407E-003  -8.8505422326527938     
   40.112170499207750        8.8583720960954047        6.7227797817786322E-003  -8.8650948758771833     
   40.201906898534837        8.8729786154517054        6.6621460854966157E-003  -8.8796407615372086     
   40.291643297861924        8.8875818840284069        6.6006474096639385E-003  -8.8941825314380711     
   40.381379697189011        8.9021826921239651        6.5383669807830124E-003  -8.9087210591047512     
   40.471116096516099        8.9167832355125185        6.4735430842447267E-003  -8.9232567785967625     
   40.560852495843179        8.9313866928652246        6.4076411253266036E-003  -8.9377943339905546     
   40.650588895170266        8.9459938965008838        6.3379646998378922E-003  -8.9523318612007134     
   40.740325294497353        8.9606053118466615        6.2691937943488932E-003  -8.9668745056410142     
   40.830061693824440        8.9752205057563916        6.1996745884617893E-003  -8.9814201803448537     
   40.919798093151527        8.9898406510372251        6.1306102407766312E-003  -8.9959712612780045     
   41.009534492478615        9.0044675392426523        6.0581047442987623E-003  -9.0105256439869539     
   41.099270891805702        9.0191014591272509        5.9858098753406974E-003  -9.0250872690025918     
   41.189007291132789        9.0337423892836757        5.9092178814188993E-003  -9.0396516071650943     
   41.278743690459876        9.0483905609011206        5.8365570118359914E-003  -9.0542271179129568     
   41.368480089786964        9.0630451551359439        5.7632992723677771E-003  -9.0688084544083090     
   41.458216489114051        9.0777056964580822        5.6893815952896712E-003  -9.0833950780533783     
   41.547952888441138        9.0923726942694643        5.6119938266616489E-003  -9.0979846880961244     
   41.637689287768225        9.1070449053050506        5.5298294014118708E-003  -9.1125747347064667     
   41.727425687095305        9.1217216977378346        5.4443848512717363E-003  -9.1271660825891097     
   41.817162086422393        9.1364044704284400        5.3508202420490363E-003  -9.1417552906704813     
   41.906898485749480        9.1510935074008657        5.2523881149673770E-003  -9.1563458955158357     
   41.996634885076567        9.1657882313502270        5.1485697947677338E-003  -9.1709368011449968     
   42.086371284403654        9.1804868625822795        5.0418098602234658E-003  -9.1855286724425049     
   42.176107683730741        9.1951884494548288        4.9338204888629399E-003  -9.2001222699436926     
   42.265844083057829        9.2098912881715069        4.8152090571407426E-003  -9.2147064972286472     
   42.355580482384916        9.2245921965884996        4.6994261360431468E-003  -9.2292916227245474     
   42.445316881712003        9.2392904768790949        4.5730028693375564E-003  -9.2438634797484323     
   42.535053281039090        9.2539861370398064        4.4396787093422081E-003  -9.2584258157491472     
   42.624789680366177        9.2686812347148173        4.2934506964785049E-003  -9.2729746854112953     
   42.714526079693265        9.2833773015862278        4.1391125049051779E-003  -9.2875164140911295     
   42.804262479020352        9.2980760840759320        3.9730173633409247E-003  -9.3020491014392768     
   42.893998878347439        9.3127805755215309        3.7975663284396484E-003  -9.3165781418499698     
   42.983735277674519        9.3274916659868641                            NaN                       NaN
   43.073471677001606        9.3422103932860008        3.4229735704309171E-003  -9.3456333668564309     
   43.163208076328694        9.3569372384806169        3.2239512508014791E-003  -9.3601611897314214     
   43.252944475655781        9.3716720944887104        3.0181619290748710E-003  -9.3746902564177788     
   43.342680874982868        9.3864142851459071        2.8058969007382470E-003  -9.3892201820466497     
   43.432417274309955        9.4011650447760289                            NaN                       NaN
   43.522153673637042        9.4159254941430266        2.3593829600114858E-003  -9.4182848771030425     
   43.611890072964130        9.4306950676826595        2.1308316093748081E-003  -9.4328258992920340     
   43.701626472291217        9.4454728894641029        1.8854363260992549E-003  -9.4473583257902032     
   43.791362871618304        9.4602589643807597                      -Infinity                  Infinity
   43.881099270945391        9.4750539261031026        1.3918619502241174E-003  -9.4764457880533275     
   43.970835670272479        9.4898574779323823                      -Infinity                  Infinity
   44.060572069599566        9.5046683882345100                      -Infinity                  Infinity
   44.150308468926646        9.5194843403030198        6.2486916067983024E-004  -9.5201092094637012     
   44.240044868253733        9.5343042675017013        3.7540053588962561E-004  -9.5346796680375938     
   44.329781267580820        9.5491255711954857        1.3143838703373988E-004  -9.5492570095825222     
   44.419517666907907        9.5639459494257490       -9.8244349321935937E-005  -9.5638477050764301     
   44.509254066234995        9.5787649798019459       -3.1837703354839443E-004  -9.5784466027684019     
   44.598990465562082        9.5935827382302765       -5.3351555154432294E-004  -9.5930492226787365     
   44.688726864889169        9.6083988374831151                      -Infinity                  Infinity
   44.778463264216256        9.6232150410193960                      -Infinity                  Infinity
   44.868199663543344        9.6380330017631337                      -Infinity                  Infinity
   44.957936062870431        9.6528527576872101                      -Infinity                  Infinity
   45.047672462197518        9.6676746616209623       -1.5476764095753055E-003  -9.6661269852113882     
   45.137408861524605        9.6824999507941065                      -Infinity                  Infinity
   45.227145260851692        9.6973301795043625                            NaN                       NaN
   45.316881660178780        9.7121654658570389                      -Infinity                  Infinity
   45.406618059505860        9.7270072676566937       -2.4671266341506535E-003  -9.7245401410225369     
   45.496354458832947        9.7418542302422324       -2.7284596597464258E-003  -9.7391257705824774     
   45.586090858160034        9.7567039437953351                      -Infinity                  Infinity
   45.675827257487121        9.7715559894958357                      -Infinity                  Infinity
   45.765563656814209        9.7864096724373422                      -Infinity                  Infinity
   45.855300056141296        9.8012643349873247                      -Infinity                  Infinity
   45.945036455468383        9.8161202193824888       -4.1812964769763561E-003  -9.8119389229055098     
   46.034772854795470        9.8309790028916826                      -Infinity                  Infinity
   46.124509254122557        9.8458418737371964                      -Infinity                  Infinity
   46.214245653449645        9.8607109832659656       -5.1093827657376365E-003  -9.8556016005002309     
   46.303982052776732        9.8755881608221827       -5.4301547538856574E-003  -9.8701580060682961     
   46.393718452103819        9.8904744589791527                      -Infinity                  Infinity
   46.483454851430906        9.9053688426242310                      -Infinity                  Infinity
   46.573191250757986        9.9202699401790699                      -Infinity                  Infinity
   46.662927650085074        9.9351766980722651       -6.8008227766841222E-003  -9.9283758752955826     
   46.752664049412161        9.9500893308631255                      -Infinity                  Infinity
   46.842400448739248        9.9650081826301662                      -Infinity                  Infinity
   46.932136848066335        9.9799314085043989                      -Infinity                  Infinity
   47.021873247393422        9.9948587011739836                      -Infinity                  Infinity
   47.111609646720510        10.009789080559715                      -Infinity                  Infinity
   47.201346046047597        10.024721398468742                      -Infinity                  Infinity
   47.291082445374684        10.039652330283793       -9.3536406519068409E-003  -10.030298689631884     
   47.380818844701771        10.054580519554195                      -Infinity                  Infinity
   47.470555244028859        10.069506516220583                            NaN                       NaN
   47.560291643355946        10.084430967391798                      -Infinity                  Infinity
   47.650028042683033        10.099353698244411                      -Infinity                  Infinity
   47.739764442010120        10.114274739770705       -1.1211917730046241E-002  -10.103062822040654     
   47.829500841337200        10.129194829090963                      -Infinity                  Infinity
   47.919237240664287        10.144114491180250                      -Infinity                  Infinity
   48.008973639991375        10.159034008341743                      -Infinity                  Infinity
   48.098710039318462        10.173954033111878                            NaN                       NaN
   48.188446438645549        10.188874304251094       -1.3110580948537509E-002  -10.175763723302561     
   48.278182837972636        10.203794442677980                      -Infinity                  Infinity
   48.367919237299724        10.218714009489938       -1.3881561200705050E-002  -10.204832448289238     
   48.457655636626811        10.233632351383299                      -Infinity                  Infinity
   48.547392035953898        10.248549110738047                      -Infinity                  Infinity
   48.637128435280985        10.263462387149115       -1.5006506237987115E-002  -10.248455880911127     
   48.726864834608072        10.278370680782995                      -Infinity                  Infinity
   48.816601233935160        10.293273728193123                            NaN                       NaN
   48.906337633262247        10.308169816891107                      -Infinity                  Infinity
   48.996074032589327        10.323058445639798                      -Infinity                  Infinity
   49.085810431916414        10.337940719528740                            NaN                       NaN
   49.175546831243501        10.352815937923241                      -Infinity                  Infinity
   49.265283230570589        10.367682952558193                      -Infinity                  Infinity
   49.355019629897676        10.382543297919783                      -Infinity                  Infinity
   49.444756029224763        10.397399951038283       -1.7973372289351006E-002  -10.379426578748935     
   49.534492428551850        10.412254833102116                            NaN                       NaN
   49.624228827878937        10.427109601071304                      -Infinity                  Infinity
   49.713965227206025        10.441965048716684                      -Infinity                  Infinity
   49.803701626533112        10.456821372773639       -1.9066446327295695E-002  -10.437754926446337     
   49.893438025860199        10.471678667785989       -1.9318777570605634E-002  -10.452359890215378     
   49.983174425187286        10.486536883393107                      -Infinity                  Infinity
   50.072910824514373        10.501397033208541                      -Infinity                  Infinity
   50.162647223841461        10.516257998608001       -2.0008493524533641E-002  -10.496249505083471     
   50.252383623168541        10.531118494348561                      -Infinity                  Infinity
   50.342120022495628        10.545979217855090       -2.0422857667626797E-002  -10.525556360187462     
   50.431856421822715        10.560840328601966                      -Infinity                  Infinity
   50.521592821149802        10.575702483113034                      -Infinity                  Infinity
   50.611329220476890        10.590566601449426                      -Infinity                  Infinity
   50.701065619803977        10.605433798140822                      -Infinity                  Infinity
   50.790802019131064        10.620303855870661       -2.1359325824384504E-002  -10.598944530046277     
   50.880538418458151        10.635175470654799       -2.1534799446571922E-002  -10.613640671208227     
   50.970274817785238        10.650047592455055                            NaN                       NaN
   51.060011217112326        10.664920763368073                      -Infinity                  Infinity
   51.149747616439413        10.679795549392837                      -Infinity                  Infinity
   51.239484015766500        10.694671919361806                      -Infinity                  Infinity
   51.329220415093587        10.709549956637758                            NaN                       NaN
   51.418956814420667        10.724428989595800                      -Infinity                  Infinity
   51.508693213747755        10.739307961565595                            NaN                       NaN
   51.598429613074842        10.754185940426114                      -Infinity                  Infinity
   51.688166012401929        10.769062239430177                            NaN                       NaN
   51.777902411729016        10.783936873601105                            NaN                       NaN
   51.867638811056104        10.798810077626529                      -Infinity                  Infinity
   51.957375210383191        10.813682075980459                      -Infinity                  Infinity
   52.047111609710278        10.828552781745168                            NaN                       NaN
   52.136848009037365        10.843423152550642                      -Infinity                  Infinity
   52.226584408364452        10.858294008634056                            NaN                       NaN
   52.316320807691540        10.873165954059818                      -Infinity                  Infinity
   52.406057207018627        10.888039734053873                            NaN                       NaN
   52.495793606345714        10.902915084393721                      -Infinity                  Infinity
   52.585530005672801        10.917792162565119                      -Infinity                  Infinity
   52.675266404999881        10.932670424271139                            NaN                       NaN
   52.765002804326969        10.947549319418409                            NaN                       NaN
   52.854739203654056        10.962427516040250                      -Infinity                  Infinity
   52.944475602981143        10.977305521640982                      -Infinity                  Infinity
   53.034212002308230        10.992183770914188                      -Infinity                  Infinity
   53.123948401635317        11.007061152587037                            NaN                       NaN
   53.213684800962405        11.021936790863728                            NaN                       NaN
   53.303421200289492        11.036811257787727                            NaN                       NaN
   53.393157599616579        11.051685707540271                      -Infinity                  Infinity
   53.482893998943666        11.066560485088505                      -Infinity                  Infinity
   53.572630398270753        11.081435953694793                      -Infinity                  Infinity
   53.662366797597841        11.096311897173324                            NaN                       NaN
   53.752103196924928        11.111188999864142                      -Infinity                  Infinity
   53.841839596252008        11.126067809837652                            NaN                       NaN
   53.931575995579095        11.140949820878236                      -Infinity                  Infinity
   54.021312394906182        11.155837675638082                            NaN                       NaN
   54.111048794233270        11.170733304384306                            NaN                       NaN
   54.200785193560357        11.185636993094111                            NaN                       NaN
   54.290521592887444        11.200549075176816                            NaN                       NaN
   54.380257992214531        11.215469419946325                            NaN                       NaN
   54.469994391541618        11.230398766475284                            NaN                       NaN
   54.559730790868706        11.245337959455560                            NaN                       NaN
   54.649467190195793        11.260287197328186                            NaN                       NaN
   54.739203589522880        11.275246861587226                            NaN                       NaN
   54.828939988849967        11.290216307425924                            NaN                       NaN
   54.918676388177055        11.305194031171933                            NaN                       NaN
   55.008412787504142        11.320178550789628                            NaN                       NaN
   55.098149186831222        11.335168602079985                      -Infinity                  Infinity
   55.187885586158309        11.350164502416591                            NaN                       NaN
   55.277621985485396        11.365167716492968                      -Infinity                  Infinity
   55.367358384812484        11.380180633367154                            NaN                       NaN
   55.457094784139571        11.395204719318139                      -Infinity                  Infinity
   55.546831183466658        11.410241739531864                            NaN                       NaN
   55.636567582793745        11.425292075525157                            NaN                       NaN
   55.726303982120832        11.440355848836454                            NaN                       NaN
   55.816040381447920        11.455434267512251                            NaN                       NaN
   55.905776780775007        11.470528175087455                            NaN                       NaN
   55.995513180102094        11.485637522948940                      -Infinity                  Infinity
