                    0                    0                    0                    0
   8.9736399327086686E-002   7.5303440774165302E-003   4.7245830302766634E-002  -7.9705260685005164E-003  -4.6157249613709729E-009   4.8902143927513793     
  0.17947279865417337        2.1761943308738426E-002   4.7614871532431380E-002  -2.1796635116339721E-002   1.6030874898336578E-009   4.8897262540431754     
  0.26920919798126008        3.5526800876720499E-002   4.7968111868519125E-002  -3.5251620520966843E-002   6.9073208474092719E-009   4.8991399070719686     
  0.35894559730834674        4.8621277782272938E-002   4.8320817070719523E-002  -4.8146005203502283E-002   1.0463034969332736E-008   4.8688499529447578     
  0.44868199663543340        6.0872435322935778E-002   4.8641379695092746E-002  -6.0275682673708031E-002   1.2840874481065492E-008   4.8112681426800847     
  0.53841839596252017        7.2164472410525426E-002   4.8836742782310857E-002  -7.1494375393032203E-002   1.4314852571798379E-008   4.7199453879585791     
  0.62815479528960683        8.2442679789983195E-002   4.8847122684510143E-002  -8.1721701924618861E-002   1.5002761033327820E-008   4.5978236015822018     
  0.71789119461669348        9.1694202057776980E-002   4.8653782430291795E-002  -9.0916801112064585E-002   1.5081973652653190E-008   4.4591750607682599     
  0.80762759394378014        9.9940820559333815E-002   4.8260492720483758E-002  -9.9081018876512744E-002   1.4712966939708450E-008   4.3268228041734007     
  0.89736399327086680       0.10723318610391322        4.7692771773534245E-002 -0.10625953056879045        1.4017332145194158E-008   4.2007051370479074     
  0.98710039259795357       0.11363559350415510        4.6988308668225384E-002 -0.11252390581790191        1.3122439657965745E-008   4.0823447628734719     
   1.0768367919250403       0.11921795844161108        4.6182953203501555E-002 -0.11795532180277921        1.2131965559124215E-008   3.9772722747639677     
   1.1665731912521269       0.12404880318874034        4.5310808651971096E-002 -0.12262945611381099        1.1090953928306686E-008   3.8916483185538615     
   1.2563095905792137       0.12819420895096317        4.4410150804130022E-002 -0.12661521757410818        9.9952347724032777E-009   3.8247215665489307     
   1.3460459899063002       0.13172305178158583        4.3515515512838700E-002 -0.12998367437158984        8.8450538359055477E-009   3.7738609760770849     
   1.4357823892333870       0.13469335098790230        4.2651935219186247E-002 -0.13279012465227000        7.6813451624978647E-009   3.7372537315275718     
   1.5255187885604737       0.13715413921966219        4.1832771773236778E-002 -0.13507712320048934        6.5668518762741730E-009   3.7125538881104987     
   1.6152551878875603       0.13915348644003031        4.1061456763198632E-002 -0.13689238418387323        5.5569355749092048E-009   3.6954539823720798     
   1.7049915872146471       0.14073298196596423        4.0335725106448971E-002 -0.13827931606394150        4.6655588810560000E-009   3.6831682282275091     
   1.7947279865417336       0.14193591266286956        3.9652420829669389E-002 -0.13928481040281721        3.8562194946353958E-009   3.6737364257224221     
   1.8844643858688204       0.14280877101326100        3.9012973145050388E-002 -0.13995887168816304        3.0777161725219195E-009   3.6673161288935932     
   1.9742007851959071       0.14339103078209317        3.8421575058297561E-002 -0.14034106516241240        2.2598946234670953E-009   3.6700886059504598     
   2.0639371845229939       0.14371246766310553        3.7884091882741076E-002 -0.14046065368395336        1.3519921491155178E-009   3.6853690978827847     
   2.1536735838500807       0.14380580334039425        3.7400642998660749E-002 -0.14035002474704347        4.0842806576021147E-010   3.7081790933631731     
   2.2434099831771670       0.14370013332564477        3.6964000403691716E-002 -0.14003885116225687       -5.0957815526093078E-010   3.7340702720125667     
   2.3331463825042538       0.14342062134526654        3.6566769878378098E-002 -0.13955838220480998       -1.4113457301102666E-009   3.7573451194899330     
   2.4228827818313405       0.14298836048235516        3.6204282030450140E-002 -0.13893255566808149       -2.2761448620479959E-009   3.7745534901212934     
   2.5126191811584273       0.14242229661117756        3.5873919822198126E-002 -0.13818458185689031       -3.0617486893295840E-009   3.7861889652220584     
   2.6023555804855141       0.14174367172072341        3.5572719718950693E-002 -0.13734169526384929       -3.7458164403476686E-009   3.7929592836609292     
   2.6920919798126004       0.14097110673960264        3.5300526583286279E-002 -0.13642528321359437       -4.3683683913713728E-009   3.8013203177615456     
   2.7818283791396872       0.14011879214617062        3.5059015044249450E-002 -0.13545154933854461       -4.9952710183201081E-009   3.8188355048880300     
   2.8715647784667739       0.13919823556385294        3.4848086175064102E-002 -0.13443006915171660       -5.6191114595582876E-009   3.8415421595364609     
   2.9613011777938607       0.13822388490234874        3.4666098566782114E-002 -0.13337006381185193       -6.2084645045671149E-009   3.8682616468782980     
   3.0510375771209475       0.13720821418825246        3.4509884794020972E-002 -0.13228082301052890       -6.7667133039282054E-009   3.8953024871898139     
   3.1407739764480338       0.13616182376096359        3.4373268442654946E-002 -0.13117079144160429       -7.2708971521094046E-009   3.9207857479709882     
   3.2305103757751206       0.13508808721047011        3.4249534308005654E-002 -0.13004223109231824       -7.7735212013148220E-009   3.9490522206526499     
   3.3202467751022073       0.13399532113782692        3.4136401151068294E-002 -0.12890710832559910       -8.3253547386342074E-009   3.9744511111405005     
   3.4099831744292941       0.13289367380145778        3.4035592028800896E-002 -0.12778045289199652       -8.8903438084819391E-009   3.9975130345667491     
   3.4997195737563809       0.13178301259904981        3.3948480215789140E-002 -0.12666224945339705       -9.4623697195624883E-009   4.0254354804801293     
   3.5894559730834672       0.13066587625664822        3.3875177012085221E-002 -0.12555497714549305       -1.0003099100961528E-008   4.0518469330690428     
   3.6791923724105540       0.12955095587436743        3.3814564335940676E-002 -0.12447031608278633       -1.0416398250204884E-008   4.0656502230380340     
   3.7689287717376407       0.12844615804840215        3.3762784348230594E-002 -0.12341552553618246       -1.0634885904796811E-008   4.0591968568614973     
   3.8586651710647275       0.12735385998062784        3.3715510181126201E-002 -0.12239141319488367       -1.0639298554919341E-008   4.0316575822098164     
   3.9484015703918143       0.12627587528827400        3.3671893318036765E-002 -0.12139603243407635       -1.0530816142853295E-008   4.0014780193572896     
   4.0381379697189006       0.12520988697908964        3.3637536157203073E-002 -0.12042100891663676       -1.0548820135865368E-008   3.9954175779549002     
   4.1278743690459878       0.12415394777618760        3.3620364336869296E-002 -0.11946198194173419       -1.0766454344290054E-008   4.0124717952612228     
   4.2176107683730741       0.12310906165112162        3.3618049725833953E-002 -0.11851908713624221       -1.0984943340593208E-008   4.0362642284975152     
   4.3073471677001614       0.12207650216592833        3.3619229057524777E-002 -0.11759179215933691       -1.1090603300907439E-008   4.0499904570831680     
   4.3970835670272477       0.12106007138936309        3.3614026517869267E-002 -0.11668420223503706       -1.1096818190552626E-008   4.0462646023116884     
   4.4868199663543340       0.12006380355241832        3.3601564617725871E-002 -0.11579996085202690       -1.1082570204533536E-008   4.0407913227531820     
   4.5765563656814212       0.11908740369794117        3.3586265906781793E-002 -0.11493525817231375       -1.1107055976956109E-008   4.0406012557428985     
   4.6662927650085075       0.11812982512677654        3.3569134740076251E-002 -0.11408634155942615       -1.1070199157877362E-008   4.0275587896069975     
   4.7560291643355947       0.11719538953637720        3.3548808466574417E-002 -0.11325910773306150       -1.0926473308558710E-008   4.0009159656012523     
   4.8457655636626811       0.11628737134423592        3.3529566653420217E-002 -0.11245820687292821       -1.0833991306330013E-008   3.9790045981987023     
   4.9355019629897674       0.11540772404457665        3.3521297474591878E-002 -0.11168445013345091       -1.0926896413422983E-008   3.9788307136854169     
   5.0252383623168546       0.11455145358682844        3.3529037413553016E-002 -0.11092840490989554       -1.1108385805460689E-008   3.9909964141981531     
   5.1149747616439409       0.11371489182648188        3.3549780793315984E-002 -0.11018335019394013       -1.1228475556032610E-008   4.0054646508372542     
   5.2047111609710281       0.11289662853741897        3.3577089039721085E-002 -0.10944918582964566       -1.1285118720387930E-008   4.0192588017630140     
   5.2944475602981145       0.11209330183099127        3.3606694861920569E-002 -0.10872200551090518       -1.1299539576411776E-008   4.0264107664288549     
   5.3841839596252008       0.11130577263705972        3.3638400621961211E-002 -0.10800284817663726       -1.1268078825063093E-008   4.0286930307162159     
   5.4739203589522880       0.11053309955344726        3.3672520435422383E-002 -0.10729217698851594       -1.1186487063814122E-008   4.0258589406760166     
   5.5636567582793743       0.10977776927932982        3.3708830363004122E-002 -0.10659391411640023       -1.1024495386694418E-008   4.0147530877729842     
   5.6533931576064615       0.10903872092683053        3.3745818910513967E-002 -0.10590589800638524       -1.0788401364662935E-008   3.9970314143909036     
   5.7431295569335479       0.10831198733857024        3.3783325519739886E-002 -0.10522297675541512       -1.0527143425212377E-008   3.9787961499304201     
   5.8328659562606342       0.10759868681424638        3.3823169162451754E-002 -0.10455042108691878       -1.0284882561070456E-008   3.9627963975896678     
   5.9226023555877214       0.10689906183269535        3.3867544975337519E-002 -0.10388946577692428       -1.0105790018447778E-008   3.9518858147952960     
   6.0123387549148077       0.10621560334494144        3.3918265287560229E-002 -0.10324169338205295       -9.9806633632649441E-009   3.9446817523925604     
   6.1020751542418949       0.10554952619755820        3.3975143055150946E-002 -0.10261205223036605       -9.8719719332861912E-009   3.9410931477112219     
   6.1918115535689813       0.10489922570569600        3.4037208147380975E-002 -0.10200084653499232       -9.7863644405131850E-009   3.9423625005603409     
   6.2815479528960676       0.10426592922609033        3.4104306084503211E-002 -0.10140758963942598       -9.7404335697294222E-009   3.9491364625772394     
   6.3712843522231548       0.10364899902602799        3.4174344818941126E-002 -0.10082921988924769       -9.7073241906968796E-009   3.9555849076782494     
   6.4610207515502411       0.10304494670007676        3.4244770553727780E-002 -0.10026029493488921       -9.6383568343634960E-009   3.9568482086031014     
   6.5507571508773283       0.10245333217832900        3.4314808431812428E-002  -9.9698742528358267E-002  -9.5386930765056486E-009   3.9519955583062192     
   6.6404935502044147       0.10187459927535016        3.4382668246933833E-002  -9.9147787641583343E-002  -9.4385124893626702E-009   3.9426766317638915     
   6.7302299495315010       0.10131156320948595        3.4448103289354673E-002  -9.8613997732396097E-002  -9.3912991616441451E-009   3.9354112633426981     
   6.8199663488585882       0.10076203506669017        3.4511031845082620E-002  -9.8096370378111614E-002  -9.4533698324189411E-009   3.9345086991165150     
   6.9097027481856745       0.10022201911996427        3.4572277917971919E-002  -9.7591623799157048E-002  -9.6057601022876835E-009   3.9359906302493228     
   6.9994391475127617        9.9693416290517894E-002   3.4631404716062790E-002  -9.7103138011478740E-002  -9.7596247825705970E-009   3.9342431306688490     
   7.0891755468398481        9.9181862639776339E-002   3.4686310343476003E-002  -9.6642010194413361E-002  -9.8555702784300440E-009   3.9290428143781733     
   7.1789119461669344        9.8692991524150481E-002   3.4738471965217073E-002  -9.6217865121044896E-002  -9.9157282156762227E-009   3.9222437072306096     
   7.2686483454940216        9.8224710111378996E-002   3.4790430339062241E-002  -9.5829056207916694E-002  -9.9752411892041887E-009   3.9158609722918296     
   7.3583847448211079        9.7774699224313200E-002   3.4846807270885356E-002  -9.5471507328441216E-002  -1.0065433854101116E-008   3.9149486674542588     
   7.4481211441481951        9.7341723564616289E-002   3.4911172144197131E-002  -9.5140205516468984E-002  -1.0203342052068576E-008   3.9195033893384612     
   7.5378575434752815        9.6922363823637364E-002   3.4981772194087761E-002  -9.4826323978520227E-002  -1.0331404101517702E-008   3.9257806940835023     
   7.6275939428023687        9.6512796737258016E-002   3.5052875612336158E-002  -9.4519837168552709E-002  -1.0397930322606150E-008   3.9323151724312564     
   7.7173303421294550        9.6113101991221472E-002   3.5120820279082400E-002  -9.4216566892595208E-002  -1.0436788270873533E-008   3.9393479229983321     
   7.8070667414565413        9.5724155480197623E-002   3.5186748633454522E-002  -9.3914774440758284E-002  -1.0495141565198645E-008   3.9452040558358976     
   7.8968031407836285        9.5343885180471419E-002   3.5253866682786954E-002  -9.3608542351000718E-002  -1.0509160239882071E-008   3.9468604672340977     
   7.9865395401107149        9.4971438372885478E-002   3.5324361518830193E-002  -9.3295557041151070E-002  -1.0495782073938472E-008   3.9547048835961807     
   8.0762759394378012        9.4606173097212559E-002   3.5399874681598158E-002  -9.2976723823929769E-002  -1.0500406614200582E-008   3.9645630000566578     
   8.1660123387648884        9.4244796962270949E-002   3.5478663309791172E-002  -9.2650836818409493E-002  -1.0477589819564525E-008   3.9744058143184646     
   8.2557487380919756        9.3883530173362192E-002   3.5556599035866082E-002  -9.2318887196618876E-002  -1.0428379361019866E-008   3.9814510533100709     
   8.3454851374190611        9.3522495546731130E-002   3.5630838815889909E-002  -9.1982415215622004E-002  -1.0396394056396965E-008   3.9896829021225302     
   8.4352215367461483        9.3163556505400841E-002   3.5699537939415819E-002  -9.1646872172656699E-002  -1.0386565182821728E-008   3.9954528258206548     
   8.5249579360732355        9.2808874216983916E-002   3.5760329048801824E-002  -9.1320839104617260E-002  -1.0307171592231867E-008   3.9894640558670371     
   8.6146943354003227        9.2462178381166757E-002   3.5813213746358742E-002  -9.1009816662186535E-002  -1.0178980193802927E-008   3.9787087018933893     
   8.7044307347274081        9.2126231970915781E-002   3.5865528266777233E-002  -9.0716389553274088E-002  -1.0123736957224026E-008   3.9698063814513129     
   8.7941671340544953        9.1799927732956546E-002   3.5924338558099358E-002  -9.0439528096811383E-002  -1.0115568292365476E-008   3.9642519910535006     
   8.8839035333815826        9.1480200048245669E-002   3.5990211603180784E-002  -9.0176327600375195E-002  -1.0108879495289631E-008   3.9680351702956385     
   8.9736399327086680        9.1163710498502901E-002   3.6057541836805630E-002  -8.9922580019548087E-002  -1.0124626538946272E-008   3.9787587848953576     
   9.0633763320357552        9.0850624227249821E-002   3.6121748649536330E-002  -8.9679815177445318E-002  -1.0223358153088457E-008   3.9892532959213427     
   9.1531127313628424        9.0545242055727879E-002   3.6182665281794875E-002  -8.9452287693400495E-002  -1.0380297234297509E-008   3.9920640091939910     
   9.2428491306899279        9.0250721024760963E-002   3.6239743968861537E-002  -8.9239216842269931E-002  -1.0531174743545621E-008   3.9897145372371541     
   9.3325855300170151        8.9969230789775409E-002   3.6294509371163096E-002  -8.9042928968616417E-002  -1.0696983339837090E-008   3.9871065677672810     
   9.4223219293441023        8.9701056246441355E-002   3.6349469115753340E-002  -8.8866461824227916E-002  -1.0846198518180428E-008   3.9793430296304679     
   9.5120583286711895        8.9444599202603725E-002   3.6404844998123180E-002  -8.8708490478533117E-002  -1.0960955010063987E-008   3.9770461394829089     
   9.6017947279982749        8.9199538471466652E-002   3.6461739637245756E-002  -8.8566724464998969E-002  -1.1006014487413493E-008   3.9778588529603036     
   9.6915311273253621        8.8966316200579779E-002   3.6517548707609107E-002  -8.8440256062385800E-002  -1.0954656198958460E-008   3.9847769386286815     
   9.7812675266524494        8.8741678796050119E-002   3.6567246036151010E-002  -8.8325473526266088E-002  -1.0884284558951680E-008   3.9953654789973734     
   9.8710039259795348        8.8525684737699589E-002   3.6612397962469692E-002  -8.8221993747760935E-002  -1.0835098889872387E-008   4.0024611675031005     
   9.9607403253066220        8.8322159464038180E-002   3.6656363723010517E-002  -8.8133177055520637E-002  -1.0771565803285928E-008   4.0055217723361887     
   10.050476724633709        8.8132140325115446E-002   3.6700686477374504E-002  -8.8059391650494201E-002  -1.0695182790680895E-008   4.0062032985613287     
   10.140213123960795        8.7952370210899855E-002   3.6748172034380681E-002  -8.7997917000826056E-002  -1.0598744619668207E-008   4.0030579387754290     
   10.229949523287882        8.7780204697103667E-002   3.6800211720927650E-002  -8.7945878841423186E-002  -1.0504115402163041E-008   4.0051609926940559     
   10.319685922614969        8.7616062996121513E-002   3.6857995153309030E-002  -8.7898970885638431E-002  -1.0472484405406472E-008   4.0148333929255067     
   10.409422321942056        8.7455645309227670E-002   3.6921170802029821E-002  -8.7848140371045672E-002  -1.0449011724141523E-008   4.0174016156978025     
   10.499158721269142        8.7298863813628863E-002   3.6985213717379790E-002  -8.7790632358537984E-002  -1.0355274423764438E-008   4.0152916888993122     
   10.588895120596229        8.7148615332909490E-002   3.7046032455840858E-002  -8.7728556356028414E-002  -1.0217571563608564E-008   4.0174947242342443     
   10.678631519923316        8.7004948775360497E-002   3.7101050419420661E-002  -8.7660393824738572E-002  -1.0051687306645054E-008   4.0255307180234121     
   10.768367919250402        8.6869100147492814E-002   3.7148635481220875E-002  -8.7585808917385696E-002  -9.8922741642611255E-009   4.0339220670371656     
   10.858104318577489        8.6741529449219382E-002   3.7188579900429827E-002  -8.7509891330873738E-002  -9.7479207959866953E-009   4.0334014985538467     
   10.947840717904576        8.6623977662686522E-002   3.7222231435958847E-002  -8.7439491866123500E-002  -9.5959240782974188E-009   4.0228516485148518     
   11.037577117231661        8.6514175034067942E-002   3.7252266557615245E-002  -8.7371635161447608E-002  -9.4521603631491623E-009   4.0131944505465560     
   11.127313516558749        8.6405232766799012E-002   3.7282339093457038E-002  -8.7293511869885890E-002  -9.4082383960388857E-009   4.0160480637812359     
   11.217049915885836        8.6296675446481882E-002   3.7318413856213151E-002  -8.7202836801899566E-002  -9.4779265296092265E-009   4.0194155013405410     
   11.306786315212923        8.6189025449098122E-002   3.7360620345898904E-002  -8.7102075097290413E-002  -9.5125826315732357E-009   4.0122391964937663     
   11.396522714540009        8.6081419001460088E-002   3.7403731949611038E-002  -8.6992238664045193E-002  -9.4529404140559802E-009   4.0006676059934714     
   11.486259113867096        8.5975406305412241E-002   3.7446348254088720E-002  -8.6876401720140925E-002  -9.3611616648379986E-009   3.9907297727972315     
   11.575995513194183        8.5871624893735177E-002   3.7489016417914467E-002  -8.6756728417785103E-002  -9.2298498257921589E-009   3.9802198659770309     
   11.665731912521268        8.5769711897092829E-002   3.7531356443317378E-002  -8.6635741618341408E-002  -9.0292731864194401E-009   3.9706828739365614     
   11.755468311848356        8.5669183261238874E-002   3.7573088911045292E-002  -8.6513562555904852E-002  -8.7973651561787537E-009   3.9600559314762820     
   11.845204711175443        8.5568896854359852E-002   3.7614771004521090E-002  -8.6389823788001474E-002  -8.5766739275326586E-009   3.9484835464916568     
   11.934941110502530        8.5469384168967280E-002   3.7660405013018101E-002  -8.6269146883140052E-002  -8.4233143936314286E-009   3.9432463453623634     
   12.024677509829615        8.5373373082556728E-002   3.7714890043462977E-002  -8.6158610877527297E-002  -8.3392009748075815E-009   3.9408333522227750     
   12.114413909156703        8.5279461967925491E-002   3.7776293634910675E-002  -8.6060068876548962E-002  -8.2555463157605060E-009   3.9409019703669737     
   12.204150308483790        8.5189857545740363E-002   3.7841097793126673E-002  -8.5976388021761260E-002  -8.2021959567910238E-009   3.9477147649991999     
   12.293886707810875        8.5107816828665681E-002   3.7910239128687510E-002  -8.5909694011876439E-002  -8.2328092097118816E-009   3.9540038494352734     
   12.383623107137963        8.5032187203789120E-002   3.7985631509436846E-002  -8.5860469536731848E-002  -8.2985986997113535E-009   3.9567975882867525     
   12.473359506465050        8.4962033957195870E-002   3.8066665617963867E-002  -8.5826622421369028E-002  -8.3332034530580739E-009   3.9606858084705650     
   12.563095905792135        8.4896228947777916E-002   3.8147890180804063E-002  -8.5803871509070734E-002  -8.3129314192652741E-009   3.9647345618210736     
   12.652832305119222        8.4835451025416661E-002   3.8225301043559638E-002  -8.5792079640575947E-002  -8.2384573854548024E-009   3.9676735015364812     
   12.742568704446310        8.4778853455100292E-002   3.8297751776379195E-002  -8.5790555640693281E-002  -8.1386301059997565E-009   3.9700377205501769     
   12.832305103773397        8.4724863221743413E-002   3.8363136268162575E-002  -8.5796325562088480E-002  -7.9936061092710954E-009   3.9663957307052762     
   12.922041503100482        8.4673591776953896E-002   3.8418634178899749E-002  -8.5806051697379884E-002  -7.7438531681109872E-009   3.9546333101939770     
   13.011777902427569        8.4625583661344095E-002   3.8461498179777433E-002  -8.5817536953669490E-002  -7.4234829011217080E-009   3.9389877343710440     
   13.101514301754657        8.4580209419063496E-002   3.8495900150298940E-002  -8.5829677583387193E-002  -7.1671105996671552E-009   3.9306954620839254     
   13.191250701081742        8.4532199950550307E-002   3.8531723004499023E-002  -8.5833465624457650E-002  -7.0144643447641642E-009   3.9273595137994990     
   13.280987100408829        8.4475351722468450E-002   3.8570834821030991E-002  -8.5813941957708445E-002  -6.8594692454457349E-009   3.9268814521169531     
   13.370723499735917        8.4412016645440735E-002   3.8610032862116082E-002  -8.5768289854677923E-002  -6.7240737366847908E-009   3.9274769030767813     
   13.460459899063002        8.4345139874474229E-002   3.8649800529703564E-002  -8.5698609067121595E-002  -6.6594432982056005E-009   3.9260673716513161     
   13.550196298390089        8.4271159196989742E-002   3.8692352415057404E-002  -8.5603652282787018E-002  -6.6695962962165270E-009   3.9267240607559732     
   13.639932697717176        8.4189064484037290E-002   3.8739434007013983E-002  -8.5485006640219671E-002  -6.7157811318383870E-009   3.9264333823272559     
   13.729669097044264        8.4098053296140826E-002   3.8790570771161055E-002  -8.5344147064406448E-002  -6.7243629089474831E-009   3.9229218899358411     
   13.819405496371349        8.3997992193580936E-002   3.8841496332816042E-002  -8.5183222256935323E-002  -6.6936384901816283E-009   3.9213103746680344     
   13.909141895698436        8.3894845708123278E-002   3.8888505028870077E-002  -8.5010662497041270E-002  -6.6778191207644516E-009   3.9234712650500341     
   13.998878295025523        8.3794542290591398E-002   3.8931158207652423E-002  -8.4835642095555455E-002  -6.6861388790894588E-009   3.9263302560939577     
   14.088614694352609        8.3695385865236380E-002   3.8966771602468669E-002  -8.4659595563681883E-002  -6.7075569306792494E-009   3.9297348198548949     
   14.178351093679696        8.3596542307571242E-002   3.8992455709132054E-002  -8.4488432695976431E-002  -6.7591614325835771E-009   3.9312860591707279     
   14.268087493006783        8.3502118648914103E-002   3.9010397727663605E-002  -8.4330291788445935E-002  -6.8297191758494004E-009   3.9275308893001544     
   14.357823892333869        8.3412872364362900E-002   3.9025364847603418E-002  -8.4186042170591696E-002  -6.8646875310575990E-009   3.9167333241413962     
   14.447560291660956        8.3326359091339702E-002   3.9041168358901757E-002  -8.4051794469044067E-002  -6.8161435704770264E-009   3.9018100050483575     
   14.537296690988043        8.3242238744094005E-002   3.9058293289030641E-002  -8.3926439204136463E-002  -6.7122063427971292E-009   3.8932563059898726     
   14.627033090315130        8.3159473087649552E-002   3.9076829891147517E-002  -8.3808807147833203E-002  -6.6049598698459735E-009   3.8933938386129849     
   14.716769489642216        8.3075654915577835E-002   3.9095442131673291E-002  -8.3697449985346686E-002  -6.5062353724613064E-009   3.8986169063069758     
   14.806505888969303        8.2990475503038189E-002   3.9111436223724198E-002  -8.3592427627505253E-002  -6.4478956623414850E-009   3.9067381985513925     
   14.896242288296390        8.2903244467175993E-002   3.9125239839931936E-002  -8.3490368056383740E-002  -6.4381325266983837E-009   3.9119994921442340     
   14.985978687623476        8.2812716100116660E-002   3.9137138283826457E-002  -8.3387064791730164E-002  -6.4421464576495300E-009   3.9117404448861364     
   15.075715086950563        8.2719710770801397E-002   3.9145401958368312E-002  -8.3280976825724370E-002  -6.4333804636105689E-009   3.9071978002488006     
   15.165451486277650        8.2627447322806413E-002   3.9150901751037963E-002  -8.3171911778736757E-002  -6.4161472946241160E-009   3.9024924848394336     
   15.255187885604737        8.2538889557649917E-002   3.9156241895497490E-002  -8.3059301502382346E-002  -6.4089717975044753E-009   3.9011748118046152     
   15.344924284931823        8.2455691688823260E-002   3.9164587703505081E-002  -8.2944392771066397E-002  -6.4307972486496141E-009   3.9090999382016940     
   15.434660684258910        8.2373180912639066E-002   3.9176778777754155E-002  -8.2822885018414602E-002  -6.5125188796114991E-009   3.9269537830083956     
   15.524397083585997        8.2288270372227912E-002   3.9189564449122895E-002  -8.2696635506620000E-002  -6.6015192218982195E-009   3.9445636333671197     
   15.614133482913083        8.2202779202570658E-002   3.9197931411427168E-002  -8.2571794296904949E-002  -6.6498547952345679E-009   3.9591132238910287     
   15.703869882240170        8.2118016572666694E-002   3.9198268381840137E-002  -8.2450547208791594E-002  -6.6901203125361978E-009   3.9666105587980716     
   15.793606281567257        8.2037014381600951E-002   3.9191317029325608E-002  -8.2337168264707716E-002  -6.7268939063301309E-009   3.9629703084616992     
   15.883342680894343        8.1959418099522285E-002   3.9178759092413362E-002  -8.2232180791671911E-002  -6.7256889695127384E-009   3.9519765351990364     
   15.973079080221430        8.1883806426120809E-002   3.9163248279783951E-002  -8.2134726236731945E-002  -6.6998523794963190E-009   3.9450009026474211     
   16.062815479548515        8.1810219017983729E-002   3.9147336162353122E-002  -8.2042172306135780E-002  -6.6928019044058978E-009   3.9422923246504920     
   16.152551878875602        8.1738216729141819E-002   3.9132372651661806E-002  -8.1949700189774682E-002  -6.6817242597250687E-009   3.9395280060684752     
   16.242288278202690        8.1671124896999403E-002   3.9118874304992772E-002  -8.1861072314372674E-002  -6.6406323554338321E-009   3.9392521413878785     
   16.332024677529777        8.1612063386322820E-002   3.9106899626989565E-002  -8.1781100801683257E-002  -6.5870257115319793E-009   3.9444761651987790     
   16.421761076856864        8.1563550413288929E-002   3.9098385289530808E-002  -8.1710490305323374E-002  -6.5630579416325321E-009   3.9561307302275210     
   16.511497476183951        8.1525326718941873E-002   3.9094501680776265E-002  -8.1648034751615708E-002  -6.5900883799173408E-009   3.9720707086606346     
   16.601233875511038        8.1497019218325042E-002   3.9095407743932241E-002  -8.1593004201013106E-002  -6.6562473295612344E-009   3.9888408464309291     
   16.690970274838122        8.1479443572394117E-002   3.9101126416649715E-002  -8.1544347207637743E-002  -6.7118401082711058E-009   4.0001511248130974     
   16.780706674165209        8.1470018362584370E-002   3.9108187468977408E-002  -8.1498675092093839E-002  -6.6984893225571800E-009   4.0001877845117697     
   16.870443073492297        8.1466786905861635E-002   3.9113609612982513E-002  -8.1453090622800609E-002  -6.6171834525521851E-009   3.9948978128642301     
   16.960179472819384        8.1468412661988843E-002   3.9119909387538794E-002  -8.1405847640097354E-002  -6.5440545968165307E-009   3.9928302977859285     
   17.049915872146471        8.1472162026725845E-002   3.9129826961819832E-002  -8.1354840624577388E-002  -6.4710829484724039E-009   3.9887764479029935     
   17.139652271473558        8.1472738770351633E-002   3.9141839485800224E-002  -8.1294406205526276E-002  -6.3552688743520849E-009   3.9848009846607484     
   17.229388670800645        8.1462621729077478E-002   3.9149996676214195E-002  -8.1218506519756664E-002  -6.2002630467934513E-009   3.9816593567118659     
   17.319125070127729        8.1440116215387118E-002   3.9148221488850540E-002  -8.1128986746236031E-002  -6.0680578094855609E-009   3.9845155394167802     
   17.408861469454816        8.1409566536780831E-002   3.9138710312836986E-002  -8.1034528027597849E-002  -6.0582152292513336E-009   3.9904494155610926     
   17.498597868781903        8.1375012371460262E-002   3.9127434071603261E-002  -8.0944130932329564E-002  -6.1494679049447951E-009   3.9914311073912816     
   17.588334268108991        8.1338428092640150E-002   3.9116717193490892E-002  -8.0860408935480327E-002  -6.2667949743268176E-009   3.9919500736290976     
   17.678070667436078        8.1298100261253753E-002   3.9107369486774818E-002  -8.0779498073599604E-002  -6.3962722347132024E-009   3.9983979491905086     
   17.767807066763165        8.1256042926643776E-002   3.9099424104717229E-002  -8.0704279483586217E-002  -6.5366953728510255E-009   4.0069425796665490     
   17.857543466090249        8.1215020035888097E-002   3.9092543759830060E-002  -8.0639181725657899E-002  -6.6560898145289211E-009   4.0137984540558991     
   17.947279865417336        8.1176164941024573E-002   3.9087659680097482E-002  -8.0584341793606254E-002  -6.7308496418060283E-009   4.0167732899940614     
   18.037016264744423        8.1141436275970674E-002   3.9084848497549146E-002  -8.0540095500935938E-002  -6.7591630123947921E-009   4.0185129844551968     
   18.126752664071510        8.1112635775866512E-002   3.9082714841635169E-002  -8.0508404017418586E-002  -6.7590707140364011E-009   4.0188417166184358     
   18.216489063398598        8.1085839865571871E-002   3.9079070423174184E-002  -8.0482146263880422E-002  -6.7197915183947784E-009   4.0142888824320480     
   18.306225462725685        8.1056315976658327E-002   3.9073115608056264E-002  -8.0452881050906644E-002  -6.6394596699496691E-009   4.0080597863551795     
   18.395961862052772        8.1025955526416837E-002   3.9067588590498768E-002  -8.0423742626871561E-002  -6.5679042921691686E-009   4.0059372186599322     
   18.485698261379856        8.0994733090369683E-002   3.9066596362887986E-002  -8.0395323236751817E-002  -6.5267969007177488E-009   4.0036994198751819     
   18.575434660706943        8.0958649709237301E-002   3.9068932440335130E-002  -8.0361011630664073E-002  -6.4589361473921382E-009   3.9985206243781168     
   18.665171060034030        8.0916893796764852E-002   3.9068825597109710E-002  -8.0319782330027845E-002  -6.3647781987160451E-009   3.9939945789127416     
   18.754907459361117        8.0869677981434615E-002   3.9064310038292901E-002  -8.0273331431908540E-002  -6.3048368667239427E-009   3.9902168654553001     
   18.844643858688205        8.0815843151127206E-002   3.9058469644863487E-002  -8.0222544124140663E-002  -6.2949278582681380E-009   3.9863987946177715     
   18.934380258015292        8.0758203030188408E-002   3.9057382528025514E-002  -8.0172886963881973E-002  -6.3463420691885720E-009   3.9885841062140677     
   19.024116657342379        8.0698942627639172E-002   3.9065663951119038E-002  -8.0125770173992833E-002  -6.4432230061272562E-009   3.9928917995110744     
   19.113853056669463        8.0637582922820944E-002   3.9080580330064410E-002  -8.0077168913735064E-002  -6.4938558659325504E-009   3.9923354418810590     
   19.203589455996550        8.0575441297087630E-002   3.9096252112431777E-002  -8.0023931022904421E-002  -6.4743037192262738E-009   3.9905422794365100     
   19.293325855323637        8.0514432757909551E-002   3.9108619007239373E-002  -7.9967046793515392E-002  -6.4522875310530289E-009   3.9917450181199343     
   19.383062254650724        8.0452820728471194E-002   3.9115538651327761E-002  -7.9903741134348075E-002  -6.4587920349376672E-009   3.9929291701484280     
   19.472798653977812        8.0391043277066546E-002   3.9116062966191446E-002  -7.9832455594690904E-002  -6.4718043384321807E-009   3.9902477587022904     
   19.562535053304899        8.0332345220861814E-002   3.9109885982610046E-002  -7.9760243780878731E-002  -6.4961201761159425E-009   3.9865636493133807     
   19.652271452631982        8.0275902714469383E-002   3.9097915391424459E-002  -7.9689074708305718E-002  -6.5888019332560422E-009   3.9870016758070519     
   19.742007851959070        8.0219121039600952E-002   3.9083903003771021E-002  -7.9619380913217519E-002  -6.7421383754315765E-009   3.9885619165279800     
   19.831744251286157        8.0160786681863702E-002   3.9069307863484684E-002  -7.9555971466780909E-002  -6.8744061569954313E-009   3.9899725400640480     
   19.921480650613244        8.0099115494384601E-002   3.9050444485006400E-002  -7.9499183299357581E-002  -6.9535636317316612E-009   3.9909770207926312     
   20.011217049940331        8.0034681077880948E-002   3.9025856948799849E-002  -7.9449636001166224E-002  -7.0050428202277904E-009   3.9887897844315878     
   20.100953449267418        7.9971225906743465E-002   3.8997274745424235E-002  -7.9408910620989800E-002  -7.0294292942432051E-009   3.9801922743005438     
   20.190689848594506        7.9907916595496176E-002   3.8964909129167759E-002  -7.9373351613559531E-002  -7.0327218672834350E-009   3.9716166785908649     
   20.280426247921589        7.9845508959231551E-002   3.8930655887116972E-002  -7.9342236458272167E-002  -7.0746584208232114E-009   3.9671954625074486     
   20.370162647248677        7.9785377166723931E-002   3.8898546694332764E-002  -7.9314472887255946E-002  -7.1387519243415975E-009   3.9585138139360412     
   20.459899046575764        7.9723326558312269E-002   3.8867906794024118E-002  -7.9284289111316117E-002  -7.1817082841595275E-009   3.9494586971821080     
   20.549635445902851        7.9657885989720928E-002   3.8838284901844378E-002  -7.9248764576313163E-002  -7.2379352664961570E-009   3.9459429656981988     
   20.639371845229938        7.9590608516730277E-002   3.8811883045696348E-002  -7.9208825143517861E-002  -7.3361332856269161E-009   3.9467091794062488     
   20.729108244557025        7.9526384951298060E-002   3.8789351820706267E-002  -7.9172162482138125E-002  -7.4645891650520831E-009   3.9493218148016838     
   20.818844643884113        7.9468297902459503E-002   3.8771169296146976E-002  -7.9145589948483308E-002  -7.6028452011157068E-009   3.9526204919265346     
   20.908581043211196        7.9413911425664438E-002   3.8757693749830242E-002  -7.9129147011116452E-002  -7.7186843003330789E-009   3.9521493131822329     
   20.998317442538283        7.9361372796222490E-002   3.8748792752828221E-002  -7.9121082281734673E-002  -7.7625457074361276E-009   3.9473727980770028     
   21.088053841865371        7.9312925946559087E-002   3.8743557509803524E-002  -7.9123496732431201E-002  -7.7256898333458752E-009   3.9422955193766853     
   21.177790241192458        7.9269325734726628E-002   3.8740719201135428E-002  -7.9134983995584288E-002  -7.6620882368347987E-009   3.9392369138625658     
   21.267526640519545        7.9228308982375220E-002   3.8741196710277689E-002  -7.9149384009416929E-002  -7.6242427926670974E-009   3.9390143348637205     
   21.357263039846632        7.9189000026996956E-002   3.8746694343868009E-002  -7.9163601921417720E-002  -7.6140442619989724E-009   3.9401143858251535     
   21.446999439173720        7.9153948933724599E-002   3.8758734800040676E-002  -7.9180797826298333E-002  -7.6073625338299645E-009   3.9426532068426439     
   21.536735838500803        7.9120648547989336E-002   3.8777621535208695E-002  -7.9198830177919996E-002  -7.6124787486279243E-009   3.9474225110344983     
   21.626472237827890        7.9085451533499343E-002   3.8801526430888925E-002  -7.9212758830964375E-002  -7.6057411123479096E-009   3.9482306128088127     
   21.716208637154978        7.9047254266927644E-002   3.8824537642916865E-002  -7.9223817304790195E-002  -7.5509311256839634E-009   3.9465817435392228     
   21.805945036482065        7.9006986344968957E-002   3.8843486252580682E-002  -7.9234998508689883E-002  -7.5136818200229686E-009   3.9482682212307090     
   21.895681435809152        7.8965650121489830E-002   3.8862188135268386E-002  -7.9246634029460708E-002  -7.5460311050751801E-009   3.9495133872427624     
   21.985417835136239        7.8919573478947944E-002   3.8882534165920593E-002  -7.9255647896173675E-002  -7.5932742240621053E-009   3.9464736561423059     
   22.075154234463323        7.8868164388000775E-002   3.8901790939775138E-002  -7.9261252026573789E-002  -7.5969604784513337E-009   3.9397107731110288     
   22.164890633790410        7.8813237715502471E-002   3.8917512737858206E-002  -7.9264191790462943E-002  -7.5470710377984176E-009   3.9302635558133012     
   22.254627033117497        7.8754565785315200E-002   3.8929163148612216E-002  -7.9262635768542242E-002  -7.4669629969495496E-009   3.9199594483609594     
   22.344363432444585        7.8691848724483413E-002   3.8938674202665655E-002  -7.9255134067924296E-002  -7.4134500064681043E-009   3.9161642634394140     
   22.434099831771672        7.8627317029606666E-002   3.8952084166494129E-002  -7.9241761722394083E-002  -7.4343742687462395E-009   3.9216568650091119     
   22.523836231098759        7.8559749358762490E-002   3.8971990165403599E-002  -7.9220467985715984E-002  -7.5052159903082087E-009   3.9309312977047348     
   22.613572630425846        7.8489507507868872E-002   3.8993574004929074E-002  -7.9191295273215029E-002  -7.6064667773709229E-009   3.9397824510667343     
   22.703309029752930        7.8420455012390658E-002   3.9012516756823795E-002  -7.9157655537134691E-002  -7.7590069876713204E-009   3.9455093817612901     
   22.793045429080017        7.8354095382556957E-002   3.9027373309128040E-002  -7.9125087714143408E-002  -7.9294465034461911E-009   3.9456610934383427     
   22.882781828407104        7.8292347776760973E-002   3.9036015008568577E-002  -7.9097601594567649E-002  -8.0386840712667468E-009   3.9409967642208970     
   22.972518227734191        7.8237530298778432E-002   3.9035554494100233E-002  -7.9079816095448147E-002  -8.0666601164300366E-009   3.9340800552696193     
   23.062254627061279        7.8192531260205256E-002   3.9027712494186788E-002  -7.9079809311769597E-002  -8.0379812198176456E-009   3.9238467094804608     
   23.151991026388366        7.8159218557747837E-002   3.9018626052265401E-002  -7.9100534259876648E-002  -7.9753400139298335E-009   3.9129436646140046     
   23.241727425715453        7.8135874543194317E-002   3.9013726101875999E-002  -7.9138675309025241E-002  -7.8947506123053063E-009   3.9033283370874985     
   23.331463825042537        7.8119083702995876E-002   3.9017362578292171E-002  -7.9185965521419460E-002  -7.8127763032717210E-009   3.9022564125325943     
   23.421200224369624        7.8105168868764049E-002   3.9029728372327460E-002  -7.9232427381649595E-002  -7.7246796015566994E-009   3.9043217656135640     
   23.510936623696711        7.8091676747807301E-002   3.9043860761624596E-002  -7.9272835410469519E-002  -7.5675781173242572E-009   3.8997320731993366     
   23.600673023023798        7.8078149247912884E-002   3.9053054717134703E-002  -7.9305570580379556E-002  -7.4187678184055087E-009   3.8965567613077989     
   23.690409422350886        7.8064011016457588E-002   3.9060080208869877E-002  -7.9332653121030217E-002  -7.4070956279184521E-009   3.8989830345548611     
   23.780145821677973        7.8049147209588998E-002   3.9070337658688697E-002  -7.9356452995885493E-002  -7.4658000415411076E-009   3.9084227441973400     
   23.869882221005060        7.8031440356123000E-002   3.9082359718541147E-002  -7.9375789728883817E-002  -7.5469362478888118E-009   3.9209841573469002     
   23.959618620332144        7.8010047191648071E-002   3.9093695913050355E-002  -7.9390583669588385E-002  -7.6678575821839992E-009   3.9251431229732474     
   24.049355019659231        7.7988551847741838E-002   3.9106532521170641E-002  -7.9401835146059030E-002  -7.8369757753900565E-009   3.9254586091039432     
   24.139091418986318        7.7966976005351615E-002   3.9126082769164711E-002  -7.9406694645015041E-002  -8.0233190913443697E-009   3.9262785464339984     
   24.228827818313405        7.7947379588158144E-002   3.9151915229991424E-002  -7.9407322104723579E-002  -8.1129774117099268E-009   3.9264862375157450     
   24.318564217640493        7.7933305356136212E-002   3.9178172771452323E-002  -7.9407241760139080E-002  -8.1063040579269529E-009   3.9245209941271555     
   24.408300616967580        7.7924516755385184E-002   3.9202682761853014E-002  -7.9410142425323932E-002  -8.0795626508650545E-009   3.9156319111545108     
   24.498037016294663        7.7919831715395863E-002   3.9229625382188972E-002  -7.9419429458480545E-002  -8.0802957009878275E-009   3.9052525334150272     
   24.587773415621751        7.7916736573717116E-002   3.9263195099093658E-002  -7.9430609825027448E-002  -8.0978383047090438E-009   3.9031004331992580     
   24.677509814948838        7.7912917937767487E-002   3.9301885929931217E-002  -7.9437857452951524E-002  -8.1150537422965166E-009   3.9124788450650270     
   24.767246214275925        7.7904745443899984E-002   3.9340470765110248E-002  -7.9438919320904786E-002  -8.1594595313052191E-009   3.9228097820534695     
   24.856982613603012        7.7892497577000105E-002   3.9373961836681112E-002  -7.9434272028913191E-002  -8.2004358700728890E-009   3.9252512315468127     
   24.946719012930100        7.7881834912370065E-002   3.9398577477391221E-002  -7.9432869406245166E-002  -8.2268498507295956E-009   3.9246861432658227     
   25.036455412257187        7.7874962185679339E-002   3.9415332006616247E-002  -7.9439248974177187E-002  -8.2752223322899376E-009   3.9202963485679900     
   25.126191811584270        7.7871531739688166E-002   3.9431945295264136E-002  -7.9453271661982114E-002  -8.3521793246861997E-009   3.9129601703967891     
   25.215928210911358        7.7871245665859443E-002   3.9454497407280707E-002  -7.9478362856586882E-002  -8.4306166231525667E-009   3.9059307037701245     
   25.305664610238445        7.7872823671117961E-002   3.9483960960549555E-002  -7.9514750426841599E-002  -8.4523903682479068E-009   3.8985618447837802     
   25.395401009565532        7.7873740833146063E-002   3.9516235382529241E-002  -7.9559132340589186E-002  -8.4179550906589474E-009   3.8945207897398557     
   25.485137408892619        7.7872083527535427E-002   3.9548320116175123E-002  -7.9606480525642426E-002  -8.4036451789608114E-009   3.8952354245123662     
   25.574873808219706        7.7865837883630343E-002   3.9579673693145696E-002  -7.9652766073709705E-002  -8.4204009888102108E-009   3.8915715918143614     
   25.664610207546794        7.7853417013062420E-002   3.9606821023677137E-002  -7.9695505456763752E-002  -8.4258486095081402E-009   3.8829863152594108     
   25.754346606873877        7.7839402405206273E-002   3.9631158102103534E-002  -7.9738031079485489E-002  -8.4759464904542865E-009   3.8780256219348317     
   25.844083006200965        7.7827222597705456E-002   3.9658477727160135E-002  -7.9784348041787370E-002  -8.6095314985507831E-009   3.8750820447459047     
   25.933819405528052        7.7815861187609373E-002   3.9692689553145206E-002  -7.9830949252436265E-002  -8.7256694158070364E-009   3.8705331981047291     
   26.023555804855139        7.7804359774626797E-002   3.9733202442691719E-002  -7.9869760227560510E-002  -8.7629897224099578E-009   3.8684420453263906     
   26.113292204182226        7.7791059611932334E-002   3.9779029144931845E-002  -7.9893517163516545E-002  -8.7584385833638053E-009   3.8689362140767356     
   26.203028603509313        7.7777000776678734E-002   3.9832256387011544E-002  -7.9900157472835867E-002  -8.7391748038398113E-009   3.8718480198189114     
   26.292765002836401        7.7761401567340044E-002   3.9892632695202261E-002  -7.9890587059488524E-002  -8.7101704962139411E-009   3.8787135511641604     
   26.382501402163484        7.7742799400584317E-002   3.9956499771990464E-002  -7.9866858025220588E-002  -8.6758764498025128E-009   3.8860715925884590     
   26.472237801490571        7.7723341331139950E-002   4.0018527483760502E-002  -7.9836017920356175E-002  -8.6288107817033951E-009   3.8940370694428998     
   26.561974200817659        7.7708577986301042E-002   4.0073782235911098E-002  -7.9812476808611851E-002  -8.6183798539613391E-009   3.9058493004276444     
   26.651710600144746        7.7698973256900297E-002   4.0119683300032051E-002  -7.9800863506406472E-002  -8.6866725543845826E-009   3.9142936498689611     
   26.741446999471833        7.7693060045220377E-002   4.0157800721361346E-002  -7.9800871020490369E-002  -8.7955483017621757E-009   3.9164279607100529     
   26.831183398798920        7.7694736554538069E-002   4.0190758286713806E-002  -7.9817793528044023E-002  -8.8880528985611708E-009   3.9124284474743574     
   26.920919798126004        7.7706274219026317E-002   4.0220677593289088E-002  -7.9852718907256079E-002  -8.9188767965074490E-009   3.9079922520926216     
   27.010656197453091        7.7725587663449974E-002   4.0247838118370037E-002  -7.9898164006310043E-002  -8.9139546582300261E-009   3.9079253087008472     
   27.100392596780178        7.7753795251700897E-002   4.0272977441204540E-002  -7.9951517755744730E-002  -8.9064763004377557E-009   3.9126848828973948     
   27.190128996107266        7.7790812888844846E-002   4.0298023867174550E-002  -8.0010897734056799E-002  -8.9043316352902295E-009   3.9218358881623612     
   27.279865395434353        7.7834621151548822E-002   4.0324454406769905E-002  -8.0070729259503926E-002  -8.8941387975710566E-009   3.9326329271279983     
   27.369601794761440        7.7886402517770903E-002   4.0352180304587391E-002  -8.0131934973192084E-002  -8.8653845510361393E-009   3.9384163622717705     
   27.459338194088527        7.7944186200727614E-002   4.0376923001565951E-002  -8.0194277629462685E-002  -8.7992917775267934E-009   3.9372202052461547     
   27.549074593415611        7.8004925828923655E-002   4.0397219299227523E-002  -8.0258406893331108E-002  -8.7497814832802682E-009   3.9324970874984482     
   27.638810992742698        7.8068934370871007E-002   4.0414741959494731E-002  -8.0327212065882850E-002  -8.6559042608968141E-009   3.9192054193306110     
   27.728547392069785        7.8134808698363478E-002   4.0428727198412326E-002  -8.0399173133989921E-002  -8.5316231544448200E-009   3.9104029878281352     
   27.818283791396873        7.8198469683073188E-002   4.0440002990961413E-002  -8.0468593589277715E-002  -8.4696753393047241E-009   3.9081207748352162     
   27.908020190723960        7.8256253220881741E-002   4.0454523502942027E-002  -8.0528194465976088E-002  -8.5434286579841219E-009   3.9146185820298034     
   27.997756590051047        7.8305591471912447E-002   4.0478544963781594E-002  -8.0572916464523830E-002  -8.7003957993143820E-009   3.9227402501043764     
   28.087492989378134        7.8344401730244595E-002   4.0509077059125327E-002  -8.0600504892464064E-002  -8.8385964756164569E-009   3.9327878850026203     
   28.177229388705218        7.8374557949634716E-002   4.0538203004631283E-002  -8.0613926179448195E-002  -8.9274382380656956E-009   3.9403798824772700     
   28.266965788032305        7.8396673322901164E-002   4.0560663641788147E-002  -8.0613579377990283E-002  -8.9638838078907119E-009   3.9414857825215281     
   28.356702187359392        7.8409664224277448E-002   4.0574720239501351E-002  -8.0600025632282704E-002  -8.9486882095926443E-009   3.9376575990003984     
   28.446438586686480        7.8417118398914229E-002   4.0581233139706123E-002  -8.0580312600319073E-002  -8.9074628302515553E-009   3.9325064155368872     
   28.536174986013567        7.8424439649084896E-002   4.0582677859982243E-002  -8.0561168523655940E-002  -8.8476468218876696E-009   3.9252104155145160     
   28.625911385340654        7.8436491914547893E-002   4.0580153209659228E-002  -8.0551416530268330E-002  -8.7438951002553110E-009   3.9141604456803805     
   28.715647784667738        7.8453389749984961E-002   4.0574528113289224E-002  -8.0553257308095177E-002  -8.6240252621108843E-009   3.9030632011751876     
   28.805384183994825        7.8474733549999759E-002   4.0571591703656505E-002  -8.0564558807714987E-002  -8.5482350318035365E-009   3.8983933653186087     
   28.895120583321912        7.8499682809561405E-002   4.0579605654918527E-002  -8.0581543220867302E-002  -8.5313612257272144E-009   3.9002809772326192     
   28.984856982648999        7.8523116353760483E-002   4.0599077210029415E-002  -8.0595581615993325E-002  -8.5340187309766069E-009   3.9082057036496360     
   29.074593381976086        7.8543132939830368E-002   4.0625972314918490E-002  -8.0605253180222991E-002  -8.5847821460308827E-009   3.9148106954768980     
   29.164329781303174        7.8559132339298912E-002   4.0659727641404922E-002  -8.0608836988570562E-002  -8.6749530094310880E-009   3.9169343944058328     
   29.254066180630261        7.8568527166897079E-002   4.0698947834216764E-002  -8.0602381235038115E-002  -8.7886999406934369E-009   3.9234047331925583     
   29.343802579957345        7.8571504676851922E-002   4.0739554358775430E-002  -8.0584930975340044E-002  -8.8756121951734210E-009   3.9300021654461563     
   29.433538979284432        7.8571813978409052E-002   4.0775956626503219E-002  -8.0563013431870806E-002  -8.9040564835121874E-009   3.9355001703852013     
   29.523275378611519        7.8572112063362676E-002   4.0805240456208508E-002  -8.0543228109875520E-002  -8.9216750090390337E-009   3.9351109037368444     
   29.613011777938606        7.8574161526872924E-002   4.0831338014588929E-002  -8.0524490016694775E-002  -8.9624097531384723E-009   3.9307492397859569     
   29.702748177265693        7.8579231274019362E-002   4.0862345996126079E-002  -8.0507030789738449E-002  -9.0743012316772794E-009   3.9356516927401111     
   29.792484576592781        7.8582924712591470E-002   4.0902417399783932E-002  -8.0486164932603244E-002  -9.2166811234665697E-009   3.9448209074608456     
   29.882220975919868        7.8581556145897097E-002   4.0945876737088931E-002  -8.0456878191580816E-002  -9.2885985113601866E-009   3.9543277722434440     
   29.971957375246951        7.8579737771702685E-002   4.0984823197108229E-002  -8.0424667609625147E-002  -9.3172863589772566E-009   3.9654524262775852     
   30.061693774574039        7.8579890612739359E-002   4.1015385279036448E-002  -8.0393175592716942E-002  -9.3494405656919244E-009   3.9740889917240554     
   30.151430173901126        7.8580282989498609E-002   4.1036039304374404E-002  -8.0362849393801783E-002  -9.3654156197733621E-009   3.9721262234308501     
   30.241166573228213        7.8584918583625901E-002   4.1048748272086585E-002  -8.0339212142580468E-002  -9.3304232134189200E-009   3.9675654050914257     
   30.330902972555300        7.8598404162747243E-002   4.1057596171598612E-002  -8.0326864502759429E-002  -9.2756146516375581E-009   3.9647414096616611     
   30.420639371882388        7.8616220987235752E-002   4.1063383673925952E-002  -8.0321887524562083E-002  -9.1856771394463591E-009   3.9616560149365481     
   30.510375771209475        7.8636225087322931E-002   4.1064764644264826E-002  -8.0321814836411459E-002  -9.0715454394645694E-009   3.9634049816905983     
   30.600112170536558        7.8661351109166305E-002   4.1063536801531006E-002  -8.0330173168300101E-002  -9.0121499769543608E-009   3.9700169764497737     
   30.689848569863646        7.8690789235172892E-002   4.1065105320918741E-002  -8.0347672571267417E-002  -9.0483440006166630E-009   3.9726695083277042     
   30.779584969190733        7.8723594713305325E-002   4.1074819718175407E-002  -8.0371917671837240E-002  -9.1094945571571310E-009   3.9660992992224227     
   30.869321368517820        7.8760488021410877E-002   4.1095637781224950E-002  -8.0404813106644976E-002  -9.1601691937012611E-009   3.9622256712645809     
   30.959057767844907        7.8801156579318493E-002   4.1129491459432267E-002  -8.0448027777863015E-002  -9.2210478903568664E-009   3.9695882272984626     
   31.048794167171994        7.8843223591315501E-002   4.1171436571660322E-002  -8.0499161862995869E-002  -9.2456226264799599E-009   3.9797303849739611     
   31.138530566499078        7.8884553704136398E-002   4.1211711154514774E-002  -8.0556033260519938E-002  -9.2900613477501280E-009   3.9965888760733077     
   31.228266965826165        7.8929653231338007E-002   4.1247960915928486E-002  -8.0621907831795334E-002  -9.3598895127947043E-009   4.0073020804468609     
   31.318003365153253        7.8980530434585236E-002   4.1275321711491779E-002  -8.0697723494060375E-002  -9.3764241727726821E-009   4.0017834124688108     
   31.407739764480340        7.9034426392409110E-002   4.1289353889118176E-002  -8.0778537756822186E-002  -9.3155740064003534E-009   3.9810917568036843     
   31.497476163807427        7.9095449166175877E-002   4.1304514083755427E-002  -8.0868075160945560E-002  -9.3669240499967328E-009   3.9882007450997783     
   31.587212563134514        7.9162054189456155E-002   4.1333704968628093E-002  -8.0960410558986201E-002  -9.3795591237960973E-009   4.0019829360513643     
   31.676948962461601        7.9226022116258760E-002   4.1358287207888991E-002  -8.1042653029066117E-002  -9.2057223625021846E-009   4.0169769755355338     
   31.766685361788685        7.9287008160447550E-002   4.1370271131364621E-002  -8.1115793749752529E-002  -9.0928117185711381E-009   4.0165561867751327     
   31.856421761115772        7.9346771284096215E-002   4.1381521019197461E-002  -8.1180836618618787E-002  -9.0312504206037277E-009   4.0076813336655910     
   31.946158160442859        7.9402383692880690E-002   4.1398559726570132E-002  -8.1231884920660649E-002  -9.0053273972843730E-009   4.0187569603599291     
   32.035894559769950        7.9451101168579952E-002   4.1419862151383074E-002  -8.1263787139222068E-002  -8.9801953389138841E-009   4.0306755158305902     
   32.125630959097030        7.9495423107942970E-002   4.1438634213296029E-002  -8.1280671805243787E-002  -8.9935066878552375E-009   4.0504537596548138     
   32.215367358424118        7.9536640440161316E-002   4.1453630401158646E-002  -8.1287635533611000E-002  -8.9863716136665568E-009   4.0509434774330559     
   32.305103757751205        7.9573835599301201E-002   4.1459562273763899E-002  -8.1290125729905738E-002  -8.8505284151014522E-009   4.0241904273508089     
   32.394840157078292        7.9609474678250136E-002   4.1457811322678506E-002  -8.1296527881709990E-002  -8.7141055978860077E-009   3.9961647747135771     
   32.484576556405379        7.9643754876421571E-002   4.1462927506227328E-002  -8.1305423101374411E-002  -8.6523968542348010E-009   3.9887243857435477     
   32.574312955732466        7.9671746875788041E-002   4.1474797513077706E-002  -8.1305342908991191E-002  -8.5583013435702214E-009   4.0032492096596135     
   32.664049355059554        7.9691234989277673E-002   4.1484300182655226E-002  -8.1288435028100459E-002  -8.5286927088443783E-009   4.0245699173936673     
   32.753785754386641        7.9702921722995146E-002   4.1489822200315385E-002  -8.1252696043413564E-002  -8.6032428575830855E-009   4.0290548288136723     
   32.843522153713728        7.9707943274139770E-002   4.1492123678500692E-002  -8.1198102168653224E-002  -8.6910847138103035E-009   4.0195195069513741     
   32.933258553040815        7.9706564793377344E-002   4.1496977957847223E-002  -8.1123807641761345E-002  -8.7871244828003652E-009   4.0121868783069790     
   33.022994952367902        7.9701233536136215E-002   4.1511337018885597E-002  -8.1031784430036780E-002  -8.8787347261580808E-009   4.0096056328667657     
   33.112731351694990        7.9690918013386444E-002   4.1534023057503387E-002  -8.0924552352762025E-002  -8.9519821068702716E-009   4.0178652426958061     
   33.202467751022077        7.9671715489483305E-002   4.1562012129206245E-002  -8.0803438106876596E-002  -9.0220718900027806E-009   4.0196250859823914     
   33.292204150349157        7.9643139142169500E-002   4.1592021135517548E-002  -8.0671303504859751E-002  -8.9998315954001136E-009   4.0090711224747571     
   33.381940549676244        7.9606361502937234E-002   4.1623725008154353E-002  -8.0528556234785789E-002  -8.9927984106350927E-009   4.0122742277792502     
   33.471676949003331        7.9564560258240866E-002   4.1660222069782211E-002  -8.0376951304266142E-002  -8.9778891163652957E-009   4.0179976559647379     
   33.561413348330419        7.9518319720283281E-002   4.1692733375294437E-002  -8.0222142270558711E-002  -8.9694831451248457E-009   4.0275932870693953     
   33.651149747657506        7.9469659000433790E-002   4.1719819970315090E-002  -8.0070712382885434E-002  -9.0070263096260142E-009   4.0255778174572470     
   33.740886146984593        7.9424259375163772E-002   4.1739583714696930E-002  -7.9928337545676617E-002  -8.9383968862236505E-009   4.0248588725568908     
   33.830622546311680        7.9384213839146053E-002   4.1750422638200772E-002  -7.9799073907345044E-002  -8.8925028767432192E-009   4.0265639643702773     
   33.920358945638768        7.9349148407619668E-002   4.1758838993544975E-002  -7.9685290662716901E-002  -8.9228520055421488E-009   4.0253933991006603     
   34.010095344965855        7.9320072566030631E-002   4.1768758119332859E-002  -7.9586883853357868E-002  -8.9535259572738199E-009   4.0236288347315643     
   34.099831744292942        7.9298046405900935E-002   4.1780104331606227E-002  -7.9503217929899825E-002  -8.9751746632986418E-009   4.0251584468284420     
   34.189568143620029        7.9284090978491470E-002   4.1794431945657788E-002  -7.9434633810930480E-002  -9.0148279402483237E-009   4.0313665743559675     
   34.279304542947116        7.9279088871436504E-002   4.1810959327877706E-002  -7.9383423886043913E-002  -9.0514571999822119E-009   4.0400385086040940     
   34.369040942274204        7.9282421802899128E-002   4.1826640986832267E-002  -7.9348756828804656E-002  -9.0579626962309785E-009   4.0522976853241586     
   34.458777341601291        7.9296056755622180E-002   4.1840184936242600E-002  -7.9331604355165564E-002  -9.0365991825740455E-009   4.0601709140815379     
   34.548513740928371        7.9321484168437983E-002   4.1851720891714669E-002  -7.9332309420458630E-002  -8.9887268630208784E-009   4.0646516228254166     
   34.638250140255458        7.9356301060705153E-002   4.1858198455232420E-002  -7.9347752079313910E-002  -8.8521875093573937E-009   4.0635057510166117     
   34.727986539582545        7.9398141453403709E-002   4.1856749159182020E-002  -7.9379043267308311E-002  -8.7139531370406642E-009   4.0702609217607524     
   34.817722938909633        7.9444289027585865E-002   4.1856528620960780E-002  -7.9426270359909956E-002  -8.6412774095755836E-009   4.0740465348580166     
   34.907459338236720        7.9488178133440668E-002   4.1860888032763166E-002  -7.9482105607556128E-002  -8.5213604333484595E-009   4.0769002158065044     
   34.997195737563807        7.9526369739499989E-002   4.1869249923875834E-002  -7.9541610151926803E-002  -8.4264398364483754E-009   4.0826401667416361     
   35.086932136890894        7.9559202825475003E-002   4.1881947595058089E-002  -7.9603486899528939E-002  -8.3506042395799266E-009   4.0780603811271909     
   35.176668536217981        7.9586256472206518E-002   4.1895007770524018E-002  -7.9665754781427012E-002  -8.2338971299737826E-009   4.0708250830242836     
   35.266404935545069        7.9607794443371113E-002   4.1905144483810587E-002  -7.9727473996411849E-002  -8.1497912185289547E-009   4.0713288308189686     
   35.356141334872156        7.9625517785881728E-002   4.1914887690173284E-002  -7.9785243605953071E-002  -8.1576620515056523E-009   4.0815325938344209     
   35.445877734199243        7.9639369312490854E-002   4.1926792481943573E-002  -7.9835950286284291E-002  -8.1980121487106700E-009   4.0927063395558774     
   35.535614133526330        7.9647143840158321E-002   4.1937231260185406E-002  -7.9878978122685781E-002  -8.2083872877611424E-009   4.0972584936308083     
   35.625350532853417        7.9652244247177276E-002   4.1943721308072543E-002  -7.9918022082054355E-002  -8.2055632959769034E-009   4.0984007117496750     
   35.715086932180498        7.9657120941367579E-002   4.1952802912168720E-002  -7.9951834075686554E-002  -8.2209658001670031E-009   4.0961518174375433     
   35.804823331507585        7.9662038762552456E-002   4.1968347207430090E-002  -7.9975605273401862E-002  -8.1827184792698405E-009   4.0882284637145725     
   35.894559730834672        7.9667528697552767E-002   4.1985882522582632E-002  -7.9987107461764032E-002  -8.0593023604376967E-009   4.0775641437555885     
   35.984296130161759        7.9672621578732949E-002   4.2003884070141877E-002  -7.9985320715929092E-002  -7.8926979750370271E-009   4.0658996859945526     
   36.074032529488846        7.9679159752921613E-002   4.2025542721554641E-002  -7.9974953361447942E-002  -7.7514411652974351E-009   4.0582019898004136     
   36.163768928815934        7.9686988819634597E-002   4.2053315147242740E-002  -7.9960589185079561E-002  -7.6190272881884290E-009   4.0539189100028690     
   36.253505328143021        7.9690327429096985E-002   4.2083955385202175E-002  -7.9939532892825071E-002  -7.4690498403660631E-009   4.0511799374962836     
   36.343241727470108        7.9687568501223854E-002   4.2110527211971956E-002  -7.9914407855400021E-002  -7.2993059436189357E-009   4.0468604424998285     
   36.432978126797195        7.9679317492352450E-002   4.2130832859088793E-002  -7.9889328430603812E-002  -7.1564007726456732E-009   4.0402414078995994     
   36.522714526124282        7.9665010194396813E-002   4.2145973553742326E-002  -7.9864553230182919E-002  -7.0642736472202868E-009   4.0350839121909789     
   36.612450925451370        7.9647692227220068E-002   4.2158971037445959E-002  -7.9842962073977369E-002  -7.0468208192567358E-009   4.0291768701403834     
   36.702187324778457        7.9629276937173976E-002   4.2176397385261896E-002  -7.9824680055570391E-002  -7.0990523154988167E-009   4.0247414567895223     
   36.791923724105544        7.9608055445178294E-002   4.2201445412326372E-002  -7.9803521455285797E-002  -7.1972965820181276E-009   4.0299417666364006     
   36.881660123432624        7.9581307404827675E-002   4.2232867617672296E-002  -7.9771830343153480E-002  -7.2822588511619010E-009   4.0406859203877916     
   36.971396522759711        7.9551263702929323E-002   4.2266308423624409E-002  -7.9734679555439836E-002  -7.3322777267518531E-009   4.0515541674975530     
   37.061132922086799        7.9520251335039829E-002   4.2296297735782647E-002  -7.9696832681967297E-002  -7.3585735198487923E-009   4.0581377725168286     
   37.150869321413886        7.9487689974287179E-002   4.2322224703684776E-002  -7.9658984631351432E-002  -7.3237676151088107E-009   4.0574590110650313     
   37.240605720740973        7.9459368061191402E-002   4.2345762315984047E-002  -7.9627878521769543E-002  -7.2470831936214394E-009   4.0575506647619939     
   37.330342120068060        7.9440963562990727E-002   4.2369007465788866E-002  -7.9608309937329119E-002  -7.1722912789004836E-009   4.0563728936616554     
   37.420078519395148        7.9428575131009663E-002   4.2394029342919679E-002  -7.9593994666163223E-002  -7.1082064044060043E-009   4.0593829912491532     
   37.509814918722235        7.9416122583990278E-002   4.2421152039458516E-002  -7.9578450138266754E-002  -7.0765832126524791E-009   4.0623639639726470     
   37.599551318049322        7.9407747545914092E-002   4.2448553321678358E-002  -7.9564064546752980E-002  -7.0646895326429733E-009   4.0619665161125775     
   37.689287717376409        7.9406767094687428E-002   4.2474308528550719E-002  -7.9553940189807756E-002  -7.0850200498949001E-009   4.0602636604624056     
   37.779024116703496        7.9408089869136958E-002   4.2495360057128943E-002  -7.9546027622693444E-002  -7.1348040132663543E-009   4.0575575352214166     
   37.868760516030584        7.9409851560797634E-002   4.2509999046357924E-002  -7.9541660217624224E-002  -7.2149522105475091E-009   4.0588989307092689     
   37.958496915357671        7.9415021522659002E-002   4.2518179139320343E-002  -7.9549681070653078E-002  -7.3362754592395417E-009   4.0640805065909928     
   38.048233314684758        7.9421907385361451E-002   4.2519155136425492E-002  -7.9570330374838197E-002  -7.4659378031084228E-009   4.0683620302081041     
   38.137969714011838        7.9429338332628802E-002   4.2511458612819228E-002  -7.9600924098728001E-002  -7.5279263234334702E-009   4.0660372094222579     
   38.227706113338925        7.9444866869144801E-002   4.2493492322203980E-002  -7.9646113223219933E-002  -7.4876171856590814E-009   4.0577100991749999     
   38.317442512666013        7.9468763512838103E-002   4.2466289783641621E-002  -7.9703828041432223E-002  -7.3949297171936299E-009   4.0472705333207371     
   38.407178911993100        7.9496594268905582E-002   4.2437153989499835E-002  -7.9766842197354401E-002  -7.3042177068770939E-009   4.0368537300515710     
   38.496915311320187        7.9526128265570095E-002   4.2415456164261074E-002  -7.9825517141246000E-002  -7.2290202334769833E-009   4.0294187410215985     
   38.586651710647274        7.9553231378730743E-002   4.2408000163658845E-002  -7.9869876251535951E-002  -7.1836258209348509E-009   4.0326812605615387     
   38.676388109974361        7.9575955861557510E-002   4.2417537303861427E-002  -7.9897435673812384E-002  -7.1972882875718329E-009   4.0492008864297722     
   38.766124509301449        7.9591991835655393E-002   4.2439754291932516E-002  -7.9906127802245833E-002  -7.2162647937120517E-009   4.0652873180538354     
   38.855860908628536        7.9598496225648033E-002   4.2461580095722110E-002  -7.9893211979852219E-002  -7.1733784883801570E-009   4.0727261484054900     
   38.945597307955623        7.9597527823437111E-002   4.2474210501444148E-002  -7.9863488173196773E-002  -7.1251577480738644E-009   4.0761695366919737     
   39.035333707282710        7.9595130106031642E-002   4.2484050341119781E-002  -7.9828540281616470E-002  -7.1572013796035133E-009   4.0798874693954579     
   39.125070106609797        7.9591718666234712E-002   4.2499253603535576E-002  -7.9794208143075224E-002  -7.1991805499429611E-009   4.0823795416706066     
   39.214806505936885        7.9585847579190794E-002   4.2517838120508161E-002  -7.9760565069177516E-002  -7.1996735952089287E-009   4.0921255163241179     
   39.304542905263965        7.9576943669338568E-002   4.2538570891452958E-002  -7.9727928770364220E-002  -7.2436130873089535E-009   4.1063382333309058     
   39.394279304591052        7.9564601650346164E-002   4.2563247454288210E-002  -7.9696668788343250E-002  -7.3201502413796211E-009   4.1121098622328871     
   39.484015703918139        7.9551208510076118E-002   4.2587543626987884E-002  -7.9672600475368463E-002  -7.3595843601726805E-009   4.1105731135841292     
   39.573752103245226        7.9539175938245818E-002   4.2607282701836974E-002  -7.9662211983354700E-002  -7.3880877417725005E-009   4.1080091572195938     
   39.663488502572314        7.9529492719731393E-002   4.2621854202045173E-002  -7.9665235191921868E-002  -7.4035747784507892E-009   4.1014574109796929     
   39.753224901899401        7.9522021075479399E-002   4.2631519459685664E-002  -7.9679616500631212E-002  -7.3642400621909459E-009   4.0917529187293846     
   39.842961301226488        7.9516585701770864E-002   4.2640548578665151E-002  -7.9706228441871779E-002  -7.3206418556474927E-009   4.0824638667685482     
   39.932697700553575        7.9513222877381051E-002   4.2652334264576208E-002  -7.9742171557481173E-002  -7.2710055449674277E-009   4.0740978088151882     
   40.022434099880662        7.9511461454926213E-002   4.2669542232399160E-002  -7.9779382164722371E-002  -7.2854463125817897E-009   4.0744399516844974     
   40.112170499207750        7.9509671636270013E-002   4.2691700810898278E-002  -7.9810236139231411E-002  -7.3152094622665006E-009   4.0773807013118155     
   40.201906898534837        7.9506629118725344E-002   4.2713368344042234E-002  -7.9830580500625178E-002  -7.3243911104217376E-009   4.0725906927621969     
   40.291643297861924        7.9504763963577946E-002   4.2729449339023312E-002  -7.9845313956487113E-002  -7.2936459748646483E-009   4.0615932608092757     
   40.381379697189011        7.9510265549820713E-002   4.2738045272561948E-002  -7.9863238633621048E-002  -7.2758103806579473E-009   4.0572074413172947     
   40.471116096516099        7.9524411489465138E-002   4.2743379817338251E-002  -7.9886088428541238E-002  -7.3142470103126240E-009   4.0580754371829704     
   40.560852495843179        7.9546569242170378E-002   4.2750922068577370E-002  -7.9914436905506842E-002  -7.3868323841099586E-009   4.0603602101165741     
   40.650588895170266        7.9576574292343466E-002   4.2763541561809434E-002  -7.9951425083924166E-002  -7.4717051896733376E-009   4.0637473639321700     
   40.740325294497353        7.9610208135694194E-002   4.2781040481300027E-002  -7.9992925213460547E-002  -7.5340994730088205E-009   4.0676258179247018     
   40.830061693824440        7.9646875585756866E-002   4.2801169523924217E-002  -8.0038768182687750E-002  -7.5314175257553673E-009   4.0736214375954463     
   40.919798093151527        7.9688529497812743E-002   4.2821014788446646E-002  -8.0089247949380327E-002  -7.4544283855102666E-009   4.0783342263739675     
   41.009534492478615        7.9731939273160593E-002   4.2839972508767782E-002  -8.0135814649830897E-002  -7.3004905104216262E-009   4.0736149274707909     
   41.099270891805702        7.9773991793895355E-002   4.2859008890600576E-002  -8.0176389989597821E-002  -7.0672569492107222E-009   4.0636222907016863     
   41.189007291132789        7.9815566809133057E-002   4.2880311485679702E-002  -8.0212899604518231E-002  -6.8615003539702197E-009   4.0634630618973011     
   41.278743690459876        7.9854119838891360E-002   4.2908184959234763E-002  -8.0241663850469616E-002  -6.7742408719809937E-009   4.0660654322034135     
   41.368480089786964        7.9886199743138417E-002   4.2944163400107677E-002  -8.0258176431994191E-002  -6.7603018826542923E-009   4.0696470622149903     
   41.458216489114051        7.9912616420552557E-002   4.2982726013868884E-002  -8.0263299580893552E-002  -6.7570736623028111E-009   4.0772532455418036     
   41.547952888441138        7.9935803809617026E-002   4.3012984921588795E-002  -8.0266922985947592E-002  -6.7397767733294995E-009   4.0837467718395617     
   41.637689287768225        7.9956709840006079E-002   4.3027180089271130E-002  -8.0278166303579673E-002  -6.6905343772700361E-009   4.0765319306485539     
   41.727425687095305        7.9979584904737444E-002   4.3027070170291226E-002  -8.0302785552835765E-002  -6.6049090605106542E-009   4.0565088174363622     
   41.817162086422393        8.0008713419199046E-002   4.3021263928674017E-002  -8.0345288657482569E-002  -6.5179363565754783E-009   4.0366708136527745     
   41.906898485749480        8.0043978686990730E-002   4.3024342603664958E-002  -8.0404436805604329E-002  -6.4715782934272108E-009   4.0267928928733516     
   41.996634885076567        8.0079651220547207E-002   4.3044138568073029E-002  -8.0470140622090333E-002  -6.4350461225917534E-009   4.0218934165381741     
   42.086371284403654        8.0108567937379832E-002   4.3074703076750133E-002  -8.0530051022635718E-002  -6.3806453776944838E-009   4.0252373175384406     
   42.176107683730741        8.0128055192649886E-002   4.3108946761509261E-002  -8.0579986190213462E-002  -6.3985768574191333E-009   4.0338039193951403     
   42.265844083057829        8.0137617660450550E-002   4.3143314617344032E-002  -8.0626578821845152E-002  -6.4818271518555407E-009   4.0370570471498075     
   42.355580482384916        8.0138245980058670E-002   4.3170654881450804E-002  -8.0679177283231721E-002  -6.5491755602971175E-009   4.0362489639975649     
   42.445316881712003        8.0135077873308480E-002   4.3186510080507688E-002  -8.0740168692976705E-002  -6.6004172394946840E-009   4.0316861069550152     
   42.535053281039090        8.0133311725369943E-002   4.3194334611203887E-002  -8.0808955333160862E-002  -6.6816174706028327E-009   4.0274103086654485     
   42.624789680366177        8.0137356738920751E-002   4.3203432578535365E-002  -8.0885202421529939E-002  -6.8063686192609038E-009   4.0276372268824865     
   42.714526079693265        8.0148901865773031E-002   4.3221411030965676E-002  -8.0965321893001319E-002  -6.9091342025278058E-009   4.0317729963740554     
   42.804262479020352        8.0168235878159314E-002   4.3248953408366396E-002  -8.1046589670402444E-002  -6.9574989631272497E-009   4.0386294062093544     
   42.893998878347439        8.0196732637179802E-002   4.3285087355819776E-002  -8.1128030670147705E-002  -6.9801034102580580E-009   4.0445846174109494     
   42.983735277674519        8.0231529938875640E-002   4.3328009527844456E-002  -8.1208150254749187E-002  -6.9786360759381256E-009   4.0476567253313656     
   43.073471677001606        8.0270884856685099E-002   4.3373629025200401E-002  -8.1288295036565275E-002  -6.9089626452560535E-009   4.0492499598544924     
   43.163208076328694        8.0316374330693510E-002   4.3417286582621790E-002  -8.1371875131382637E-002  -6.7975730190358192E-009   4.0550483406754640     
   43.252944475655781        8.0365495270621298E-002   4.3455024881175697E-002  -8.1459641655835927E-002  -6.6970837175485454E-009   4.0633658744820034     
   43.342680874982868        8.0416193327172120E-002   4.3485757741363040E-002  -8.1548978955377507E-002  -6.6317897903254505E-009   4.0747946354853344     
   43.432417274309955        8.0471335332893620E-002   4.3511756290301871E-002  -8.1644104729597849E-002  -6.5917101312872040E-009   4.0867238938924606     
   43.522153673637042        8.0530902735668167E-002   4.3534995668174890E-002  -8.1748657360543389E-002  -6.5388093384815467E-009   4.0956579061575944     
   43.611890072964130        8.0589713678461752E-002   4.3556432339348750E-002  -8.1855175273066086E-002  -6.4628363807842739E-009   4.0996209040767129     
   43.701626472291217        8.0644615093597855E-002   4.3578232846396538E-002  -8.1955408835505186E-002  -6.3641283451906722E-009   4.0972757598988592     
   43.791362871618304        8.0695607498093999E-002   4.3603641075778243E-002  -8.2043497470743132E-002  -6.2358956887522497E-009   4.0884632725879033     
   43.881099270945391        8.0742575413318654E-002   4.3630898881932154E-002  -8.2116326379162510E-002  -6.1055402767566484E-009   4.0781382842585963     
   43.970835670272479        8.0780511344186706E-002   4.3658609541332744E-002  -8.2169145133479130E-002  -6.0331327053649812E-009   4.0724989056292413     
   44.060572069599566        8.0808215109578127E-002   4.3689186897042737E-002  -8.2199199149408778E-002  -6.0531124798468064E-009   4.0740028781258868     
   44.150308468926646        8.0829215197784840E-002   4.3722442224144238E-002  -8.2208573272816651E-002  -6.0930236180562398E-009   4.0783548246208854     
   44.240044868253733        8.0844134641710488E-002   4.3750614023043741E-002  -8.2196479594787750E-002  -6.0976767190525823E-009   4.0860720488458560     
   44.329781267580820        8.0854069913734075E-002   4.3770152460111622E-002  -8.2166003424987394E-002  -6.1066730508400454E-009   4.0920664343658224     
   44.419517666907907        8.0859539944578507E-002   4.3784678878908606E-002  -8.2120383808835046E-002  -6.1341811943755039E-009   4.0930326788146951     
   44.509254066234995        8.0864383901745288E-002   4.3799761847535118E-002  -8.2069318398894933E-002  -6.1798136500694624E-009   4.0934205211069461     
   44.598990465562082        8.0872313988540431E-002   4.3818442727541117E-002  -8.2026139658968947E-002  -6.2403785486179440E-009   4.0928570225650205     
   44.688726864889169        8.0884247480371541E-002   4.3840524768197491E-002  -8.1996089477783904E-002  -6.2835866834235255E-009   4.0932940764021506     
   44.778463264216256        8.0903077371637377E-002   4.3862731599871828E-002  -8.1985426315900001E-002  -6.3287630602391035E-009   4.1007276785773357     
   44.868199663543344        8.0931124733025356E-002   4.3883045816991748E-002  -8.2001741484023408E-002  -6.4120268409714957E-009   4.1081325412360554     
   44.957936062870431        8.0963214279165002E-002   4.3900715946307303E-002  -8.2042757087104665E-002  -6.4847659698531988E-009   4.1069611795315746     
   45.047672462197518        8.0997427859171522E-002   4.3914277754344290E-002  -8.2106207856478028E-002  -6.4869712546220954E-009   4.1008049545506013     
   45.137408861524605        8.1037969789062927E-002   4.3923002307364019E-002  -8.2193770388462442E-002  -6.4224078082950148E-009   4.0917387245107424     
   45.227145260851692        8.1082137425491252E-002   4.3929326469603847E-002  -8.2301073159168167E-002  -6.3279968856801688E-009   4.0817936791746119     
   45.316881660178780        8.1123631392319234E-002   4.3939305104821066E-002  -8.2418066556411873E-002  -6.2708938377489460E-009   4.0779750870756857     
   45.406618059505860        8.1161154722239393E-002   4.3959743029400505E-002  -8.2534414493323813E-002  -6.2984657579781346E-009   4.0807976813307292     
   45.496354458832947        8.1193038261075434E-002   4.3994093371760690E-002  -8.2641655711210626E-002  -6.4024189998473087E-009   4.0832543974357707     
   45.586090858160034        8.1215966854923091E-002   4.4036063682496913E-002  -8.2729903497900534E-002  -6.5280637291898227E-009   4.0828768057319644     
   45.675827257487121        8.1232078869044960E-002   4.4075067142796014E-002  -8.2797173660982340E-002  -6.6600610849180947E-009   4.0851615113226298     
   45.765563656814209        8.1245385236224862E-002   4.4107433992881827E-002  -8.2848579463992350E-002  -6.8116908269822436E-009   4.0933900294337295     
   45.855300056141296        8.1258996407509138E-002   4.4132089080918445E-002  -8.2890512564112145E-002  -6.9533199204042682E-009   4.1046022021698274     
   45.945036455468383        8.1276367679187625E-002   4.4148176552079595E-002  -8.2932470486678359E-002  -7.0140935823059086E-009   4.1089312964222655     
   46.034772854795470        8.1299894573612072E-002   4.4152744734729951E-002  -8.2982247330449607E-002  -6.9218909396906552E-009   4.1001760592589029     
   46.124509254122557        8.1328819185862475E-002   4.4146738909438210E-002  -8.3040006004716699E-002  -6.7211525215205223E-009   4.0892678773813476     
   46.214245653449645        8.1364727790937397E-002   4.4140999697563570E-002  -8.3106762419126262E-002  -6.5307976928101576E-009   4.0873608347583401     
   46.303982052776732        8.1406462473199229E-002   4.4144173724449710E-002  -8.3179293945284921E-002  -6.3882531995520233E-009   4.0933199357725965     
   46.393718452103819        8.1451794593285248E-002   4.4156623890886669E-002  -8.3256295476085804E-002  -6.2871552435930140E-009   4.1034955118146748     
   46.483454851430906        8.1496644747864930E-002   4.4173697273244515E-002  -8.3338329153022167E-002  -6.2273342148956666E-009   4.1139786802495024     
   46.573191250757986        8.1538876085286954E-002   4.4194096530225394E-002  -8.3420635431264906E-002  -6.1906197607463924E-009   4.1206672765469330     
   46.662927650085074        8.1581265005560927E-002   4.4214344742718154E-002  -8.3500034105846735E-002  -6.1324908408829932E-009   4.1201412952546024     
   46.752664049412161        8.1624436336009035E-002   4.4229549013044663E-002  -8.3574438276369165E-002  -6.0712796025106702E-009   4.1188240387787793     
   46.842400448739248        8.1665025610697564E-002   4.4244304501725215E-002  -8.3639817654211121E-002  -6.0746548242218863E-009   4.1207253908425212     
   46.932136848066335        8.1698773932642355E-002   4.4266107983601997E-002  -8.3691053788147618E-002  -6.1271546900855585E-009   4.1222498018258600     
   47.021873247393422        8.1724699580274104E-002   4.4295607408058373E-002  -8.3728342311363377E-002  -6.1700705253808742E-009   4.1277151730713735     
   47.111609646720510        8.1743054244708985E-002   4.4331640237180156E-002  -8.3753717802122540E-002  -6.1852730100871183E-009   4.1387159695578957     
   47.201346046047597        8.1753214382359718E-002   4.4367559791788538E-002  -8.3769237105311728E-002  -6.1298681548194498E-009   4.1496668883184524     
   47.291082445374684        8.1753617825856065E-002   4.4392238847539213E-002  -8.3773894985952529E-002  -6.0307847881552927E-009   4.1602867019663883     
   47.380818844701771        8.1744602762933910E-002   4.4402063433778408E-002  -8.3766557668336045E-002  -5.9548251940131934E-009   4.1650292812304341     
   47.470555244028859        8.1731930569943739E-002   4.4400927180624494E-002  -8.3754941584280845E-002  -5.9341470000457738E-009   4.1697694087826207     
   47.560291643355946        8.1721099510494624E-002   4.4398505900830589E-002  -8.3745537543931478E-002  -5.9519831561033519E-009   4.1746808474036250     
   47.650028042683033        8.1712434699194578E-002   4.4398895647467455E-002  -8.3740691117831403E-002  -5.9413641697545036E-009   4.1762908678085298     
   47.739764442010120        8.1707632552119380E-002   4.4399540772943814E-002  -8.3742578697517098E-002  -5.9186871909543584E-009   4.1762298756951077     
   47.829500841337200        8.1707015736084826E-002   4.4399193739284915E-002  -8.3753249561450527E-002  -5.9248489176226825E-009   4.1718454906489146     
   47.919237240664287        8.1707828539415869E-002   4.4399972377573406E-002  -8.3769628550423386E-002  -5.9529815584413760E-009   4.1648028950875222     
   48.008973639991375        8.1712050563469946E-002   4.4405413334284501E-002  -8.3789351317709274E-002  -5.9887108021390712E-009   4.1627646571006860     
   48.098710039318462        8.1721174621298243E-002   4.4414208348495451E-002  -8.3811649160647719E-002  -5.9694132971259310E-009   4.1584820525840387     
   48.188446438645549        8.1732350998274028E-002   4.4423081354541608E-002  -8.3833472630847380E-002  -5.8790845624230266E-009   4.1508816363970302     
   48.278182837972636        8.1745184400044857E-002   4.4434167556069888E-002  -8.3854046475883126E-002  -5.7883241206009871E-009   4.1458539203938729     
   48.367919237299724        8.1756069020851391E-002   4.4448724933160766E-002  -8.3866683815804546E-002  -5.6982105678037467E-009   4.1417301725542481     
   48.457655636626811        8.1761749916079443E-002   4.4467033024225971E-002  -8.3865883486564749E-002  -5.6258493673550774E-009   4.1397658722882937     
   48.547392035953898        8.1764741586176803E-002   4.4489627556940178E-002  -8.3854650517096369E-002  -5.5633570577706302E-009   4.1342319074543106     
   48.637128435280985        8.1760441435094186E-002   4.4513632677649059E-002  -8.3828285668464869E-002  -5.4678003374213239E-009   4.1267633947225306     
   48.726864834608072        8.1745054488203600E-002   4.4534536919483600E-002  -8.3781074106969070E-002  -5.3444998336538311E-009   4.1205174562620739     
   48.816601233935160        8.1720509015061865E-002   4.4550008718410958E-002  -8.3715365429616925E-002  -5.2348567612635497E-009   4.1171958229197188     
   48.906337633262247        8.1686913389868041E-002   4.4560544153665088E-002  -8.3633407768414228E-002  -5.1805631692644358E-009   4.1192857424542551     
   48.996074032589327        8.1651779086770723E-002   4.4566810350493431E-002  -8.3548766337490962E-002  -5.2058700939822168E-009   4.1286747628590144     
   49.085810431916414        8.1620084123431122E-002   4.4570221307593499E-002  -8.3473797015127957E-002  -5.3061937789600426E-009   4.1408471067121644     
   49.175546831243501        8.1584897995040373E-002   4.4571440698317838E-002  -8.3400185299284876E-002  -5.4385183074522300E-009   4.1503922576766259     
   49.265283230570589        8.1548125812001784E-002   4.4572143574641551E-002  -8.3326577716997502E-002  -5.5469239710517248E-009   4.1555067409285291     
   49.355019629897676        8.1517799777105326E-002   4.4573560752425412E-002  -8.3257060259870286E-002  -5.5994252464006097E-009   4.1580383127490448     
   49.444756029224763        8.1496757649274859E-002   4.4574528220486145E-002  -8.3192328091557174E-002  -5.5869408888488336E-009   4.1550818212301719     
   49.534492428551850        8.1484718065421860E-002   4.4572549892904628E-002  -8.3133342113906855E-002  -5.5081260892719754E-009   4.1472247952204935     
   49.624228827878937        8.1479045499277578E-002   4.4566847721016566E-002  -8.3076942375129290E-002  -5.4147095065755946E-009   4.1412086718080356     
   49.713965227206025        8.1477155113383770E-002   4.4561763957856319E-002  -8.3021066946339206E-002  -5.3265598979164204E-009   4.1363004405465187     
   49.803701626533112        8.1474932035348752E-002   4.4557769680657271E-002  -8.2962058036542566E-002  -5.2196702989841607E-009   4.1279554824284208     
   49.893438025860199        8.1469375357813845E-002   4.4553048232269937E-002  -8.2894179603289472E-002  -5.0823097412209865E-009   4.1139070934180797     
   49.983174425187286        8.1462291630332334E-002   4.4552025388974549E-002  -8.2820453266966118E-002  -4.9868290821055228E-009   4.1081971588083954     
   50.072910824514373        8.1453508250171752E-002   4.4559858850544996E-002  -8.2745790209931946E-002  -4.9880258513403119E-009   4.1124753113733199     
   50.162647223841461        8.1441746566731504E-002   4.4573463240194504E-002  -8.2670737038862616E-002  -5.0323915934656139E-009   4.1203924237910758     
   50.252383623168541        8.1429319844761039E-002   4.4584234511698420E-002  -8.2599051807411172E-002  -5.0720653604883243E-009   4.1259723578501806     
   50.342120022495628        8.1421843653655651E-002   4.4587252945836174E-002  -8.2539636638005690E-002  -5.0898254156023520E-009   4.1254341883117256     
   50.431856421822715        8.1421918564393569E-002   4.4583872692990904E-002  -8.2496944283259224E-002  -5.0766235665827872E-009   4.1193264110585464     
   50.521592821149802        8.1429389203262884E-002   4.4577583387717522E-002  -8.2471754631134500E-002  -5.0308714400949300E-009   4.1085531704787988     
   50.611329220476890        8.1443182803854944E-002   4.4574879806180016E-002  -8.2460210682869559E-002  -4.9652531706433582E-009   4.0994119269814764     
   50.701065619803977        8.1461574585908469E-002   4.4582057378674177E-002  -8.2457057739752052E-002  -4.9371024762095355E-009   4.0971632543262331     
   50.790802019131064        8.1482253393924731E-002   4.4601760446420190E-002  -8.2457830893585757E-002  -4.9293774571943457E-009   4.0959593310465987     
   50.880538418458151        8.1499946304685794E-002   4.4630386287807675E-002  -8.2455683118120626E-002  -4.9274184795825887E-009   4.0983674650924424     
   50.970274817785238        8.1512763880954756E-002   4.4661439903406271E-002  -8.2448574135658426E-002  -4.9677773452518629E-009   4.1059852658867602     
   51.060011217112326        8.1523568146856421E-002   4.4691385801060801E-002  -8.2446125761157188E-002  -5.0346181210489813E-009   4.1142662557503513     
   51.149747616439413        8.1536303887495540E-002   4.4715870873001641E-002  -8.2460340980158781E-002  -5.0516856781563870E-009   4.1138582590376398     
   51.239484015766500        8.1552845569192983E-002   4.4728019798543475E-002  -8.2495882697923503E-002  -4.9573797977145120E-009   4.1057760651302999     
   51.329220415093587        8.1570702953939991E-002   4.4724580411296719E-002  -8.2549018664482540E-002  -4.8496280021682407E-009   4.1094487132058273     
   51.418956814420667        8.1588693376099752E-002   4.4715047822734881E-002  -8.2613752964549536E-002  -4.8131988676499551E-009   4.1147691305319967     
   51.508693213747755        8.1605188036506418E-002   4.4705421650257059E-002  -8.2682632419156132E-002  -4.7762238875877739E-009   4.1093895238812728     
   51.598429613074842        8.1615565938059409E-002   4.4693667843900386E-002  -8.2745374199509003E-002  -4.7361867136728267E-009   4.1010240601307055     
   51.688166012401929        8.1619698261556656E-002   4.4681791210854083E-002  -8.2795138687855083E-002  -4.7364626565112924E-009   4.0973831618040526     
   51.777902411729016        8.1619839305275804E-002   4.4671164242840067E-002  -8.2828967372972767E-002  -4.7583940972557020E-009   4.0930957677735993     
   51.867638811056104        8.1616333747648789E-002   4.4661969598012219E-002  -8.2845118758281835E-002  -4.7629265062115399E-009   4.0848164586288123     
   51.957375210383191        8.1612681430528369E-002   4.4656456429683924E-002  -8.2845511028744337E-002  -4.7641445071843037E-009   4.0771564432248866     
   52.047111609710278        8.1610118327612169E-002   4.4659195541022670E-002  -8.2835444249984555E-002  -4.8017582614267313E-009   4.0693137306950495     
   52.136848009037365        8.1607667739899498E-002   4.4674514670140782E-002  -8.2815283114169053E-002  -4.8656502357702631E-009   4.0638165169510785     
   52.226584408364452        8.1607308644298548E-002   4.4699081556502478E-002  -8.2786544601673479E-002  -4.9129908481725714E-009   4.0610262236772883     
   52.316320807691540        8.1610670331479770E-002   4.4726057571596908E-002  -8.2750961575315529E-002  -4.9154389436344645E-009   4.0611967760753824     
   52.406057207018627        8.1617463726165157E-002   4.4749928927376371E-002  -8.2710647858586187E-002  -4.9115625061928009E-009   4.0654503680718275     
   52.495793606345714        8.1627959092888322E-002   4.4770621626869712E-002  -8.2669390406639759E-002  -4.9331806090237289E-009   4.0700869758509874     
   52.585530005672801        8.1641199327851965E-002   4.4787495122959500E-002  -8.2627384967456488E-002  -4.9618133236167320E-009   4.0734508100562632     
   52.675266404999881        8.1655643116317914E-002   4.4801298243177898E-002  -8.2585335472179111E-002  -5.0078988974865829E-009   4.0811249444822364     
   52.765002804326969        8.1669341066224060E-002   4.4816295446995627E-002  -8.2542871057625603E-002  -5.0822249883865531E-009   4.0870650777533113     
   52.854739203654056        8.1678185326691494E-002   4.4833900738184149E-002  -8.2499315405481027E-002  -5.1361876775625877E-009   4.0872539935157368     
   52.944475602981143        8.1683232492069283E-002   4.4855387310275524E-002  -8.2457234437089133E-002  -5.1872499635927594E-009   4.0912668804690320     
   53.034212002308230        8.1687523761551792E-002   4.4884470148581858E-002  -8.2417630338393444E-002  -5.2659145748805058E-009   4.0994790742409934     
   53.123948401635317        8.1689230962049969E-002   4.4922745013757648E-002  -8.2374786351709278E-002  -5.3287161607132584E-009   4.1180562423609182     
   53.213684800962405        8.1687030932352842E-002   4.4965319201564359E-002  -8.2324645784719833E-002  -5.3882792511309177E-009   4.1372283489946833     
   53.303421200289492        8.1684562394519891E-002   4.5003138326309110E-002  -8.2273884030078834E-002  -5.4003352275095470E-009   4.1355535731062520     
   53.393157599616579        8.1685664451354029E-002   4.5029475978917793E-002  -8.2232343014183154E-002  -5.3683865616524110E-009   4.1193712252364243     
   53.482893998943666        8.1692261211766148E-002   4.5048924183019999E-002  -8.2205104215270344E-002  -5.4336593706429422E-009   4.1117607693634630     
   53.572630398270753        8.1702193466083067E-002   4.5069725803984662E-002  -8.2190445972053688E-002  -5.5531432532360028E-009   4.1067874622167428     
   53.662366797597841        8.1712670764902615E-002   4.5090563814877457E-002  -8.2187295877778649E-002  -5.6507685917215097E-009   4.1090430835196861     
   53.752103196924928        8.1726058480887806E-002   4.5112231575658121E-002  -8.2199159232972691E-002  -5.7458979797205733E-009   4.1133043630983526     
   53.841839596252008        8.1742980866131007E-002   4.5134611578536411E-002  -8.2225032336163129E-002  -5.8385342394934387E-009   4.1191737797679764     
   53.931575995579095        8.1765048934607676E-002   4.5158396855448257E-002  -8.2265767301214987E-002  -5.9321984854761041E-009   4.1240058540135616     
   54.021312394906182        8.1795526383505957E-002   4.5185641547592803E-002  -8.2326129780295035E-002  -6.0291224089003913E-009   4.1288647292228928     
   54.111048794233270        8.1833408693581564E-002   4.5215469091309968E-002  -8.2404436727546562E-002  -6.1434015082978968E-009   4.1335924359414191     
   54.200785193560357        8.1871688627169703E-002   4.5244430055489157E-002  -8.2490472366840054E-002  -6.2627116806577490E-009   4.1347805398696780     
   54.290521592887444        8.1910051795933955E-002   4.5270554295338404E-002  -8.2580243233539241E-002  -6.3810139858007182E-009   4.1329593726981457     
   54.380257992214531        8.1952217565968113E-002   4.5295537272238673E-002  -8.2678076446378243E-002  -6.4863800495725417E-009   4.1285153307163407     
   54.469994391541618        8.1995548454256745E-002   4.5322138586119831E-002  -8.2781408206416496E-002  -6.5920953153995877E-009   4.1289690057999673     
   54.559730790868706        8.2041551776156602E-002   4.5356790061058312E-002  -8.2891130428974599E-002  -6.6821804967361318E-009   4.1316679787705413     
   54.649467190195793        8.2091673223962422E-002   4.5399509058376447E-002  -8.3008511371504501E-002  -6.6866285791111233E-009   4.1342678828167738     
   54.739203589522880        8.2143619109501145E-002   4.5446003964398872E-002  -8.3128545246514016E-002  -6.6796433582998812E-009   4.1421054152299419     
   54.828939988849967        8.2196437473842990E-002   4.5496241435054624E-002  -8.3249951983526541E-002  -6.7064576715872990E-009   4.1468368652938024     
   54.918676388177055        8.2249159681293052E-002   4.5547095543843716E-002  -8.3372106080588787E-002  -6.7107026312825009E-009   4.1496175444228358     
   55.008412787504142        8.2300125731947116E-002   4.5592141118335122E-002  -8.3492337292225188E-002  -6.7048510601207045E-009   4.1493598085453804     
   55.098149186831222        8.2350089116715916E-002   4.5630254699209380E-002  -8.3612103025787601E-002  -6.7083248491989556E-009   4.1442788772111241     
   55.187885586158309        8.2401073733983907E-002   4.5664143527426385E-002  -8.3732018453536200E-002  -6.7181003773039208E-009   4.1376019048116301     
   55.277621985485396        8.2458396545364326E-002   4.5695083026326896E-002  -8.3858864258528690E-002  -6.7143260418500106E-009   4.1305894959434060     
   55.367358384812484        8.2523430588242602E-002   4.5720694519920509E-002  -8.3992954948048135E-002  -6.7014123913537076E-009   4.1252634605846099     
   55.457094784139571        8.2594362902159893E-002   4.5740736521107481E-002  -8.4126693379689962E-002  -6.7116464942460752E-009   4.1222912857569494     
   55.546831183466658        8.2672428610037388E-002   4.5762602021762286E-002  -8.4260254780912425E-002  -6.7624638973112737E-009   4.1218313078568274     
   55.636567582793745        8.2755666128728755E-002   4.5792170134038558E-002  -8.4393010904284541E-002  -6.8311150234282178E-009   4.1213655422181228     
   55.726303982120832        8.2840434420053274E-002   4.5828154189943002E-002  -8.4518680362511853E-002  -6.8671335114993490E-009   4.1186629638833825     
   55.816040381447920        8.2925575192168297E-002   4.5864473165329274E-002  -8.4631956404943046E-002  -6.8527483444534672E-009   4.1148521759844998     
   55.905776780775007        8.3010993196096866E-002   4.5895149307186273E-002  -8.4731989253165566E-002  -6.8004646774720137E-009   4.1085210555169427     
   55.995513180102094        8.3097485481261252E-002   4.5915823123085779E-002  -8.4821430180954560E-002  -6.7354010789086588E-009   4.1046131138199389     
