   13.500000000000000       -6.2500000000000000        4.0000000000000002E-004
   12.750000000000000       -6.0000000000000000        4.0000000000000002E-004
   13.500000000000000       -5.7500000000000000        4.0000000000000002E-004
   12.750000000000000       -5.5000000000000000        8.0000000000000004E-004
   13.500000000000000       -5.5000000000000000        4.0000000000000002E-004
   13.000000000000000       -5.2500000000000000        4.0000000000000002E-004
   13.750000000000000       -5.2500000000000000        4.0000000000000002E-004
   10.750000000000000       -5.0000000000000000        4.0000000000000002E-004
   11.250000000000000       -5.0000000000000000        4.0000000000000002E-004
   11.500000000000000       -5.0000000000000000        4.0000000000000002E-004
   12.250000000000000       -5.0000000000000000        4.0000000000000002E-004
   12.500000000000000       -5.0000000000000000        4.0000000000000002E-004
   12.750000000000000       -5.0000000000000000        8.0000000000000004E-004
   13.250000000000000       -5.0000000000000000        4.0000000000000002E-004
   17.500000000000000       -5.0000000000000000        4.0000000000000002E-004
   20.750000000000000       -5.0000000000000000        4.0000000000000002E-004
   11.000000000000000       -4.7500000000000000        8.0000000000000004E-004
   11.250000000000000       -4.7500000000000000        8.0000000000000004E-004
   11.500000000000000       -4.7500000000000000        8.0000000000000004E-004
   12.750000000000000       -4.7500000000000000        4.0000000000000002E-004
   13.500000000000000       -4.7500000000000000        4.0000000000000002E-004
   9.7500000000000000       -4.5000000000000000        4.0000000000000002E-004
   10.000000000000000       -4.5000000000000000        8.0000000000000004E-004
   10.500000000000000       -4.5000000000000000        4.0000000000000002E-004
   11.500000000000000       -4.5000000000000000        4.0000000000000002E-004
   12.000000000000000       -4.5000000000000000        4.0000000000000002E-004
   12.250000000000000       -4.5000000000000000        8.0000000000000004E-004
   12.750000000000000       -4.5000000000000000        4.0000000000000002E-004
   10.000000000000000       -4.2500000000000000        8.0000000000000004E-004
   10.250000000000000       -4.2500000000000000        1.1999999999999999E-003
   10.500000000000000       -4.2500000000000000        4.0000000000000002E-004
   11.000000000000000       -4.2500000000000000        4.0000000000000002E-004
   11.250000000000000       -4.2500000000000000        8.0000000000000004E-004
   12.000000000000000       -4.2500000000000000        4.0000000000000002E-004
   12.750000000000000       -4.2500000000000000        4.0000000000000002E-004
   13.250000000000000       -4.2500000000000000        4.0000000000000002E-004
   13.750000000000000       -4.2500000000000000        4.0000000000000002E-004
   15.000000000000000       -4.2500000000000000        4.0000000000000002E-004
   18.000000000000000       -4.2500000000000000        4.0000000000000002E-004
   8.2500000000000000       -4.0000000000000000        4.0000000000000002E-004
   9.0000000000000000       -4.0000000000000000        4.0000000000000002E-004
   9.2500000000000000       -4.0000000000000000        8.0000000000000004E-004
   9.5000000000000000       -4.0000000000000000        1.6000000000000001E-003
   9.7500000000000000       -4.0000000000000000        1.6000000000000001E-003
   10.250000000000000       -4.0000000000000000        4.0000000000000002E-004
   10.750000000000000       -4.0000000000000000        4.0000000000000002E-004
   11.250000000000000       -4.0000000000000000        4.0000000000000002E-004
   11.500000000000000       -4.0000000000000000        4.0000000000000002E-004
   11.750000000000000       -4.0000000000000000        8.0000000000000004E-004
   12.250000000000000       -4.0000000000000000        4.0000000000000002E-004
   12.500000000000000       -4.0000000000000000        8.0000000000000004E-004
   12.750000000000000       -4.0000000000000000        4.0000000000000002E-004
   13.000000000000000       -4.0000000000000000        8.0000000000000004E-004
   14.250000000000000       -4.0000000000000000        4.0000000000000002E-004
   14.500000000000000       -4.0000000000000000        4.0000000000000002E-004
   16.750000000000000       -4.0000000000000000        4.0000000000000002E-004
   7.7500000000000000       -3.7500000000000000        4.0000000000000002E-004
   8.0000000000000000       -3.7500000000000000        4.0000000000000002E-004
   8.5000000000000000       -3.7500000000000000        1.1999999999999999E-003
   8.7500000000000000       -3.7500000000000000        4.0000000000000002E-004
   9.0000000000000000       -3.7500000000000000        1.1999999999999999E-003
   9.2500000000000000       -3.7500000000000000        1.1999999999999999E-003
   9.5000000000000000       -3.7500000000000000        1.6000000000000001E-003
   9.7500000000000000       -3.7500000000000000        1.1999999999999999E-003
   10.000000000000000       -3.7500000000000000        8.0000000000000004E-004
   10.250000000000000       -3.7500000000000000        8.0000000000000004E-004
   10.500000000000000       -3.7500000000000000        8.0000000000000004E-004
   10.750000000000000       -3.7500000000000000        1.1999999999999999E-003
   11.000000000000000       -3.7500000000000000        8.0000000000000004E-004
   11.250000000000000       -3.7500000000000000        1.6000000000000001E-003
   12.500000000000000       -3.7500000000000000        1.6000000000000001E-003
   13.000000000000000       -3.7500000000000000        4.0000000000000002E-004
   13.250000000000000       -3.7500000000000000        8.0000000000000004E-004
   13.500000000000000       -3.7500000000000000        4.0000000000000002E-004
   16.250000000000000       -3.7500000000000000        4.0000000000000002E-004
   8.0000000000000000       -3.5000000000000000        2.0000000000000000E-003
   8.2500000000000000       -3.5000000000000000        2.0000000000000000E-003
   8.5000000000000000       -3.5000000000000000        2.3999999999999998E-003
   8.7500000000000000       -3.5000000000000000        8.0000000000000004E-004
   9.0000000000000000       -3.5000000000000000        2.3999999999999998E-003
   9.2500000000000000       -3.5000000000000000        8.0000000000000004E-004
   9.5000000000000000       -3.5000000000000000        1.1999999999999999E-003
   9.7500000000000000       -3.5000000000000000        2.8000000000000000E-003
   10.000000000000000       -3.5000000000000000        2.0000000000000000E-003
   10.250000000000000       -3.5000000000000000        8.0000000000000004E-004
   10.750000000000000       -3.5000000000000000        8.0000000000000004E-004
   11.000000000000000       -3.5000000000000000        8.0000000000000004E-004
   11.250000000000000       -3.5000000000000000        8.0000000000000004E-004
   11.500000000000000       -3.5000000000000000        8.0000000000000004E-004
   12.000000000000000       -3.5000000000000000        4.0000000000000002E-004
   12.250000000000000       -3.5000000000000000        4.0000000000000002E-004
   12.500000000000000       -3.5000000000000000        1.6000000000000001E-003
   12.750000000000000       -3.5000000000000000        4.0000000000000002E-004
   13.000000000000000       -3.5000000000000000        4.0000000000000002E-004
   13.250000000000000       -3.5000000000000000        4.0000000000000002E-004
   13.500000000000000       -3.5000000000000000        4.0000000000000002E-004
   14.250000000000000       -3.5000000000000000        4.0000000000000002E-004
   15.500000000000000       -3.5000000000000000        4.0000000000000002E-004
   16.750000000000000       -3.5000000000000000        4.0000000000000002E-004
   7.0000000000000000       -3.2500000000000000        4.0000000000000002E-004
   7.2500000000000000       -3.2500000000000000        4.0000000000000002E-004
   7.5000000000000000       -3.2500000000000000        8.0000000000000004E-004
   7.7500000000000000       -3.2500000000000000        2.3999999999999998E-003
   8.0000000000000000       -3.2500000000000000        2.0000000000000000E-003
   8.2500000000000000       -3.2500000000000000        1.1999999999999999E-003
   8.5000000000000000       -3.2500000000000000        1.6000000000000001E-003
   8.7500000000000000       -3.2500000000000000        2.0000000000000000E-003
   9.0000000000000000       -3.2500000000000000        1.6000000000000001E-003
   9.2500000000000000       -3.2500000000000000        2.3999999999999998E-003
   9.5000000000000000       -3.2500000000000000        8.0000000000000004E-004
   9.7500000000000000       -3.2500000000000000        2.3999999999999998E-003
   10.250000000000000       -3.2500000000000000        8.0000000000000004E-004
   10.500000000000000       -3.2500000000000000        4.0000000000000002E-004
   10.750000000000000       -3.2500000000000000        1.6000000000000001E-003
   11.250000000000000       -3.2500000000000000        8.0000000000000004E-004
   11.500000000000000       -3.2500000000000000        8.0000000000000004E-004
   12.250000000000000       -3.2500000000000000        4.0000000000000002E-004
   12.500000000000000       -3.2500000000000000        8.0000000000000004E-004
   12.750000000000000       -3.2500000000000000        8.0000000000000004E-004
   13.000000000000000       -3.2500000000000000        4.0000000000000002E-004
   13.250000000000000       -3.2500000000000000        4.0000000000000002E-004
   14.250000000000000       -3.2500000000000000        4.0000000000000002E-004
   15.000000000000000       -3.2500000000000000        4.0000000000000002E-004
   16.000000000000000       -3.2500000000000000        4.0000000000000002E-004
   16.250000000000000       -3.2500000000000000        4.0000000000000002E-004
   6.2500000000000000       -3.0000000000000000        4.0000000000000002E-004
   6.5000000000000000       -3.0000000000000000        4.0000000000000002E-004
   6.7500000000000000       -3.0000000000000000        8.0000000000000004E-004
   7.2500000000000000       -3.0000000000000000        3.5999999999999999E-003
   7.5000000000000000       -3.0000000000000000        1.1999999999999999E-003
   7.7500000000000000       -3.0000000000000000        2.3999999999999998E-003
   8.0000000000000000       -3.0000000000000000        3.5999999999999999E-003
   8.2500000000000000       -3.0000000000000000        2.8000000000000000E-003
   8.5000000000000000       -3.0000000000000000        1.1999999999999999E-003
   8.7500000000000000       -3.0000000000000000        2.8000000000000000E-003
   9.0000000000000000       -3.0000000000000000        2.3999999999999998E-003
   9.2500000000000000       -3.0000000000000000        2.8000000000000000E-003
   9.5000000000000000       -3.0000000000000000        2.3999999999999998E-003
   9.7500000000000000       -3.0000000000000000        2.0000000000000000E-003
   10.000000000000000       -3.0000000000000000        2.8000000000000000E-003
   10.250000000000000       -3.0000000000000000        1.6000000000000001E-003
   10.500000000000000       -3.0000000000000000        1.6000000000000001E-003
   10.750000000000000       -3.0000000000000000        3.2000000000000002E-003
   11.000000000000000       -3.0000000000000000        4.0000000000000002E-004
   11.250000000000000       -3.0000000000000000        4.0000000000000002E-004
   11.750000000000000       -3.0000000000000000        8.0000000000000004E-004
   12.000000000000000       -3.0000000000000000        4.0000000000000002E-004
   12.250000000000000       -3.0000000000000000        8.0000000000000004E-004
   12.750000000000000       -3.0000000000000000        4.0000000000000002E-004
   13.000000000000000       -3.0000000000000000        4.0000000000000002E-004
   13.250000000000000       -3.0000000000000000        4.0000000000000002E-004
   13.750000000000000       -3.0000000000000000        4.0000000000000002E-004
   15.000000000000000       -3.0000000000000000        4.0000000000000002E-004
   5.7500000000000000       -2.7500000000000000        4.0000000000000002E-004
   6.0000000000000000       -2.7500000000000000        4.0000000000000002E-004
   6.2500000000000000       -2.7500000000000000        4.0000000000000002E-004
   6.5000000000000000       -2.7500000000000000        1.1999999999999999E-003
   6.7500000000000000       -2.7500000000000000        2.3999999999999998E-003
   7.0000000000000000       -2.7500000000000000        4.0000000000000001E-003
   7.2500000000000000       -2.7500000000000000        4.0000000000000001E-003
   7.5000000000000000       -2.7500000000000000        3.5999999999999999E-003
   7.7500000000000000       -2.7500000000000000        4.4000000000000003E-003
   8.0000000000000000       -2.7500000000000000        2.8000000000000000E-003
   8.2500000000000000       -2.7500000000000000        2.3999999999999998E-003
   8.5000000000000000       -2.7500000000000000        3.2000000000000002E-003
   8.7500000000000000       -2.7500000000000000        4.4000000000000003E-003
   9.0000000000000000       -2.7500000000000000        1.6000000000000001E-003
   9.2500000000000000       -2.7500000000000000        5.5999999999999999E-003
   9.5000000000000000       -2.7500000000000000        1.6000000000000001E-003
   9.7500000000000000       -2.7500000000000000        3.5999999999999999E-003
   10.000000000000000       -2.7500000000000000        1.1999999999999999E-003
   10.250000000000000       -2.7500000000000000        1.6000000000000001E-003
   10.500000000000000       -2.7500000000000000        1.1999999999999999E-003
   10.750000000000000       -2.7500000000000000        1.1999999999999999E-003
   11.000000000000000       -2.7500000000000000        8.0000000000000004E-004
   11.250000000000000       -2.7500000000000000        4.0000000000000002E-004
   11.500000000000000       -2.7500000000000000        4.0000000000000002E-004
   11.750000000000000       -2.7500000000000000        4.0000000000000002E-004
   12.000000000000000       -2.7500000000000000        1.1999999999999999E-003
   12.250000000000000       -2.7500000000000000        4.0000000000000002E-004
   12.500000000000000       -2.7500000000000000        4.0000000000000002E-004
   12.750000000000000       -2.7500000000000000        4.0000000000000002E-004
   13.000000000000000       -2.7500000000000000        8.0000000000000004E-004
   13.250000000000000       -2.7500000000000000        8.0000000000000004E-004
   13.500000000000000       -2.7500000000000000        4.0000000000000002E-004
   13.750000000000000       -2.7500000000000000        8.0000000000000004E-004
   16.500000000000000       -2.7500000000000000        4.0000000000000002E-004
   16.750000000000000       -2.7500000000000000        4.0000000000000002E-004
   5.7500000000000000       -2.5000000000000000        1.1999999999999999E-003
   6.0000000000000000       -2.5000000000000000        8.0000000000000004E-004
   6.2500000000000000       -2.5000000000000000        3.2000000000000002E-003
   6.5000000000000000       -2.5000000000000000        3.5999999999999999E-003
   6.7500000000000000       -2.5000000000000000        2.3999999999999998E-003
   7.0000000000000000       -2.5000000000000000        2.3999999999999998E-003
   7.2500000000000000       -2.5000000000000000        4.7999999999999996E-003
   7.5000000000000000       -2.5000000000000000        4.0000000000000001E-003
   7.7500000000000000       -2.5000000000000000        4.0000000000000001E-003
   8.0000000000000000       -2.5000000000000000        6.4000000000000003E-003
   8.2500000000000000       -2.5000000000000000        2.8000000000000000E-003
   8.5000000000000000       -2.5000000000000000        4.0000000000000001E-003
   8.7500000000000000       -2.5000000000000000        4.4000000000000003E-003
   9.0000000000000000       -2.5000000000000000        3.2000000000000002E-003
   9.2500000000000000       -2.5000000000000000        2.8000000000000000E-003
   9.5000000000000000       -2.5000000000000000        2.3999999999999998E-003
   9.7500000000000000       -2.5000000000000000        1.1999999999999999E-003
   10.000000000000000       -2.5000000000000000        4.0000000000000002E-004
   10.250000000000000       -2.5000000000000000        2.8000000000000000E-003
   10.500000000000000       -2.5000000000000000        1.1999999999999999E-003
   10.750000000000000       -2.5000000000000000        2.0000000000000000E-003
   11.000000000000000       -2.5000000000000000        8.0000000000000004E-004
   11.250000000000000       -2.5000000000000000        1.6000000000000001E-003
   11.500000000000000       -2.5000000000000000        1.1999999999999999E-003
   11.750000000000000       -2.5000000000000000        4.0000000000000002E-004
   12.000000000000000       -2.5000000000000000        4.0000000000000002E-004
   13.000000000000000       -2.5000000000000000        8.0000000000000004E-004
   13.750000000000000       -2.5000000000000000        8.0000000000000004E-004
   14.500000000000000       -2.5000000000000000        4.0000000000000002E-004
   15.250000000000000       -2.5000000000000000        4.0000000000000002E-004
   4.7500000000000000       -2.2500000000000000        4.0000000000000002E-004
   5.0000000000000000       -2.2500000000000000        4.0000000000000002E-004
   5.2500000000000000       -2.2500000000000000        2.0000000000000000E-003
   5.5000000000000000       -2.2500000000000000        2.0000000000000000E-003
   5.7500000000000000       -2.2500000000000000        2.8000000000000000E-003
   6.0000000000000000       -2.2500000000000000        2.0000000000000000E-003
   6.2500000000000000       -2.2500000000000000        2.3999999999999998E-003
   6.5000000000000000       -2.2500000000000000        4.7999999999999996E-003
   6.7500000000000000       -2.2500000000000000        1.6000000000000001E-003
   7.0000000000000000       -2.2500000000000000        4.0000000000000001E-003
   7.2500000000000000       -2.2500000000000000        4.0000000000000001E-003
   7.5000000000000000       -2.2500000000000000        2.8000000000000000E-003
   7.7500000000000000       -2.2500000000000000        4.0000000000000001E-003
   8.0000000000000000       -2.2500000000000000        4.7999999999999996E-003
   8.2500000000000000       -2.2500000000000000        2.8000000000000000E-003
   8.5000000000000000       -2.2500000000000000        6.0000000000000001E-003
   8.7500000000000000       -2.2500000000000000        2.8000000000000000E-003
   9.0000000000000000       -2.2500000000000000        3.2000000000000002E-003
   9.2500000000000000       -2.2500000000000000        4.4000000000000003E-003
   9.5000000000000000       -2.2500000000000000        5.1999999999999998E-003
   9.7500000000000000       -2.2500000000000000        2.8000000000000000E-003
   10.000000000000000       -2.2500000000000000        1.6000000000000001E-003
   10.250000000000000       -2.2500000000000000        1.6000000000000001E-003
   10.500000000000000       -2.2500000000000000        1.6000000000000001E-003
   10.750000000000000       -2.2500000000000000        1.6000000000000001E-003
   11.000000000000000       -2.2500000000000000        1.6000000000000001E-003
   11.250000000000000       -2.2500000000000000        1.6000000000000001E-003
   11.500000000000000       -2.2500000000000000        4.0000000000000002E-004
   11.750000000000000       -2.2500000000000000        8.0000000000000004E-004
   12.250000000000000       -2.2500000000000000        8.0000000000000004E-004
   12.500000000000000       -2.2500000000000000        4.0000000000000002E-004
   12.750000000000000       -2.2500000000000000        4.0000000000000002E-004
   13.000000000000000       -2.2500000000000000        1.1999999999999999E-003
   13.250000000000000       -2.2500000000000000        8.0000000000000004E-004
   13.500000000000000       -2.2500000000000000        4.0000000000000002E-004
   15.500000000000000       -2.2500000000000000        4.0000000000000002E-004
   16.500000000000000       -2.2500000000000000        4.0000000000000002E-004
   4.5000000000000000       -2.0000000000000000        4.0000000000000002E-004
   5.0000000000000000       -2.0000000000000000        3.5999999999999999E-003
   5.2500000000000000       -2.0000000000000000        3.2000000000000002E-003
   5.5000000000000000       -2.0000000000000000        5.1999999999999998E-003
   5.7500000000000000       -2.0000000000000000        3.5999999999999999E-003
   6.0000000000000000       -2.0000000000000000        3.5999999999999999E-003
   6.2500000000000000       -2.0000000000000000        5.5999999999999999E-003
   6.5000000000000000       -2.0000000000000000        4.7999999999999996E-003
   6.7500000000000000       -2.0000000000000000        5.5999999999999999E-003
   7.0000000000000000       -2.0000000000000000        7.6000000000000000E-003
   7.2500000000000000       -2.0000000000000000        4.7999999999999996E-003
   7.5000000000000000       -2.0000000000000000        5.5999999999999999E-003
   7.7500000000000000       -2.0000000000000000        6.7999999999999996E-003
   8.0000000000000000       -2.0000000000000000        6.4000000000000003E-003
   8.2500000000000000       -2.0000000000000000        7.1999999999999998E-003
   8.5000000000000000       -2.0000000000000000        6.7999999999999996E-003
   8.7500000000000000       -2.0000000000000000        4.0000000000000001E-003
   9.0000000000000000       -2.0000000000000000        3.5999999999999999E-003
   9.2500000000000000       -2.0000000000000000        3.2000000000000002E-003
   9.5000000000000000       -2.0000000000000000        4.4000000000000003E-003
   9.7500000000000000       -2.0000000000000000        2.8000000000000000E-003
   10.000000000000000       -2.0000000000000000        2.8000000000000000E-003
   10.500000000000000       -2.0000000000000000        8.0000000000000004E-004
   10.750000000000000       -2.0000000000000000        1.6000000000000001E-003
   11.000000000000000       -2.0000000000000000        8.0000000000000004E-004
   11.500000000000000       -2.0000000000000000        4.0000000000000002E-004
   11.750000000000000       -2.0000000000000000        4.0000000000000002E-004
   12.000000000000000       -2.0000000000000000        4.0000000000000002E-004
   12.750000000000000       -2.0000000000000000        8.0000000000000004E-004
   13.000000000000000       -2.0000000000000000        4.0000000000000002E-004
   13.250000000000000       -2.0000000000000000        4.0000000000000002E-004
   13.500000000000000       -2.0000000000000000        4.0000000000000002E-004
   14.500000000000000       -2.0000000000000000        4.0000000000000002E-004
   4.5000000000000000       -1.7500000000000000        1.6000000000000001E-003
   4.7500000000000000       -1.7500000000000000        2.8000000000000000E-003
   5.0000000000000000       -1.7500000000000000        2.3999999999999998E-003
   5.2500000000000000       -1.7500000000000000        2.3999999999999998E-003
   5.5000000000000000       -1.7500000000000000        6.7999999999999996E-003
   5.7500000000000000       -1.7500000000000000        6.4000000000000003E-003
   6.0000000000000000       -1.7500000000000000        5.1999999999999998E-003
   6.2500000000000000       -1.7500000000000000        7.1999999999999998E-003
   6.5000000000000000       -1.7500000000000000        5.5999999999999999E-003
   6.7500000000000000       -1.7500000000000000        8.0000000000000002E-003
   7.0000000000000000       -1.7500000000000000        7.6000000000000000E-003
   7.2500000000000000       -1.7500000000000000        3.5999999999999999E-003
   7.5000000000000000       -1.7500000000000000        8.0000000000000002E-003
   7.7500000000000000       -1.7500000000000000        6.7999999999999996E-003
   8.0000000000000000       -1.7500000000000000        6.7999999999999996E-003
   8.2500000000000000       -1.7500000000000000        4.0000000000000001E-003
   8.5000000000000000       -1.7500000000000000        6.0000000000000001E-003
   8.7500000000000000       -1.7500000000000000        5.5999999999999999E-003
   9.0000000000000000       -1.7500000000000000        4.0000000000000001E-003
   9.2500000000000000       -1.7500000000000000        3.2000000000000002E-003
   9.5000000000000000       -1.7500000000000000        2.8000000000000000E-003
   9.7500000000000000       -1.7500000000000000        3.2000000000000002E-003
   10.000000000000000       -1.7500000000000000        3.2000000000000002E-003
   10.250000000000000       -1.7500000000000000        2.0000000000000000E-003
   10.500000000000000       -1.7500000000000000        8.0000000000000004E-004
   10.750000000000000       -1.7500000000000000        8.0000000000000004E-004
   11.000000000000000       -1.7500000000000000        4.0000000000000002E-004
   11.250000000000000       -1.7500000000000000        8.0000000000000004E-004
   11.500000000000000       -1.7500000000000000        1.6000000000000001E-003
   11.750000000000000       -1.7500000000000000        4.0000000000000002E-004
   12.250000000000000       -1.7500000000000000        8.0000000000000004E-004
   12.500000000000000       -1.7500000000000000        4.0000000000000002E-004
   12.750000000000000       -1.7500000000000000        4.0000000000000002E-004
   13.500000000000000       -1.7500000000000000        4.0000000000000002E-004
   14.750000000000000       -1.7500000000000000        4.0000000000000002E-004
   3.5000000000000000       -1.5000000000000000        4.0000000000000002E-004
   4.0000000000000000       -1.5000000000000000        1.1999999999999999E-003
   4.2500000000000000       -1.5000000000000000        2.3999999999999998E-003
   4.5000000000000000       -1.5000000000000000        2.0000000000000000E-003
   4.7500000000000000       -1.5000000000000000        4.0000000000000001E-003
   5.0000000000000000       -1.5000000000000000        4.0000000000000001E-003
   5.2500000000000000       -1.5000000000000000        6.4000000000000003E-003
   5.5000000000000000       -1.5000000000000000        6.0000000000000001E-003
   5.7500000000000000       -1.5000000000000000        8.3999999999999995E-003
   6.0000000000000000       -1.5000000000000000        4.0000000000000001E-003
   6.2500000000000000       -1.5000000000000000        5.5999999999999999E-003
   6.5000000000000000       -1.5000000000000000        7.6000000000000000E-003
   6.7500000000000000       -1.5000000000000000        7.1999999999999998E-003
   7.0000000000000000       -1.5000000000000000        9.5999999999999992E-003
   7.2500000000000000       -1.5000000000000000        6.4000000000000003E-003
   7.5000000000000000       -1.5000000000000000        5.5999999999999999E-003
   7.7500000000000000       -1.5000000000000000        5.5999999999999999E-003
   8.0000000000000000       -1.5000000000000000        6.0000000000000001E-003
   8.2500000000000000       -1.5000000000000000        4.7999999999999996E-003
   8.5000000000000000       -1.5000000000000000        8.3999999999999995E-003
   8.7500000000000000       -1.5000000000000000        5.5999999999999999E-003
   9.0000000000000000       -1.5000000000000000        4.4000000000000003E-003
   9.2500000000000000       -1.5000000000000000        4.7999999999999996E-003
   9.5000000000000000       -1.5000000000000000        3.2000000000000002E-003
   9.7500000000000000       -1.5000000000000000        2.8000000000000000E-003
   10.000000000000000       -1.5000000000000000        2.3999999999999998E-003
   10.250000000000000       -1.5000000000000000        2.0000000000000000E-003
   10.500000000000000       -1.5000000000000000        2.0000000000000000E-003
   10.750000000000000       -1.5000000000000000        1.1999999999999999E-003
   11.000000000000000       -1.5000000000000000        2.0000000000000000E-003
   11.250000000000000       -1.5000000000000000        1.1999999999999999E-003
   11.500000000000000       -1.5000000000000000        8.0000000000000004E-004
   11.750000000000000       -1.5000000000000000        4.0000000000000002E-004
   12.000000000000000       -1.5000000000000000        2.0000000000000000E-003
   12.500000000000000       -1.5000000000000000        4.0000000000000002E-004
   12.750000000000000       -1.5000000000000000        1.1999999999999999E-003
   13.000000000000000       -1.5000000000000000        4.0000000000000002E-004
   13.750000000000000       -1.5000000000000000        4.0000000000000002E-004
   14.250000000000000       -1.5000000000000000        4.0000000000000002E-004
   2.7500000000000000       -1.2500000000000000        8.0000000000000004E-004
   3.0000000000000000       -1.2500000000000000        4.0000000000000002E-004
   3.2500000000000000       -1.2500000000000000        4.0000000000000002E-004
   3.5000000000000000       -1.2500000000000000        1.6000000000000001E-003
   3.7500000000000000       -1.2500000000000000        3.2000000000000002E-003
   4.0000000000000000       -1.2500000000000000        2.8000000000000000E-003
   4.2500000000000000       -1.2500000000000000        2.0000000000000000E-003
   4.5000000000000000       -1.2500000000000000        2.8000000000000000E-003
   4.7500000000000000       -1.2500000000000000        6.4000000000000003E-003
   5.0000000000000000       -1.2500000000000000        7.6000000000000000E-003
   5.2500000000000000       -1.2500000000000000        3.5999999999999999E-003
   5.5000000000000000       -1.2500000000000000        1.1200000000000000E-002
   5.7500000000000000       -1.2500000000000000        7.6000000000000000E-003
   6.0000000000000000       -1.2500000000000000        6.7999999999999996E-003
   6.2500000000000000       -1.2500000000000000        6.7999999999999996E-003
   6.5000000000000000       -1.2500000000000000        1.0800000000000001E-002
   6.7500000000000000       -1.2500000000000000        1.1200000000000000E-002
   7.0000000000000000       -1.2500000000000000        8.8000000000000005E-003
   7.2500000000000000       -1.2500000000000000        4.7999999999999996E-003
   7.5000000000000000       -1.2500000000000000        8.3999999999999995E-003
   7.7500000000000000       -1.2500000000000000        1.0800000000000001E-002
   8.0000000000000000       -1.2500000000000000        5.1999999999999998E-003
   8.2500000000000000       -1.2500000000000000        6.0000000000000001E-003
   8.5000000000000000       -1.2500000000000000        4.7999999999999996E-003
   8.7500000000000000       -1.2500000000000000        4.0000000000000001E-003
   9.0000000000000000       -1.2500000000000000        4.0000000000000001E-003
   9.2500000000000000       -1.2500000000000000        3.2000000000000002E-003
   9.5000000000000000       -1.2500000000000000        4.0000000000000001E-003
   9.7500000000000000       -1.2500000000000000        3.5999999999999999E-003
   10.000000000000000       -1.2500000000000000        8.0000000000000004E-004
   10.250000000000000       -1.2500000000000000        2.0000000000000000E-003
   10.500000000000000       -1.2500000000000000        2.3999999999999998E-003
   10.750000000000000       -1.2500000000000000        1.1999999999999999E-003
   11.000000000000000       -1.2500000000000000        4.0000000000000002E-004
   11.250000000000000       -1.2500000000000000        4.0000000000000002E-004
   11.500000000000000       -1.2500000000000000        8.0000000000000004E-004
   11.750000000000000       -1.2500000000000000        1.1999999999999999E-003
   12.000000000000000       -1.2500000000000000        4.0000000000000002E-004
   12.250000000000000       -1.2500000000000000        4.0000000000000002E-004
   12.500000000000000       -1.2500000000000000        4.0000000000000002E-004
   12.750000000000000       -1.2500000000000000        4.0000000000000002E-004
   13.750000000000000       -1.2500000000000000        4.0000000000000002E-004
   14.250000000000000       -1.2500000000000000        4.0000000000000002E-004
   14.750000000000000       -1.2500000000000000        4.0000000000000002E-004
   16.750000000000000       -1.2500000000000000        4.0000000000000002E-004
   2.5000000000000000       -1.0000000000000000        4.0000000000000002E-004
   2.7500000000000000       -1.0000000000000000        8.0000000000000004E-004
   3.0000000000000000       -1.0000000000000000        1.6000000000000001E-003
   3.2500000000000000       -1.0000000000000000        8.0000000000000004E-004
   3.5000000000000000       -1.0000000000000000        2.0000000000000000E-003
   3.7500000000000000       -1.0000000000000000        4.7999999999999996E-003
   4.0000000000000000       -1.0000000000000000        4.7999999999999996E-003
   4.2500000000000000       -1.0000000000000000        4.0000000000000001E-003
   4.5000000000000000       -1.0000000000000000        6.7999999999999996E-003
   4.7500000000000000       -1.0000000000000000        8.0000000000000002E-003
   5.0000000000000000       -1.0000000000000000        8.0000000000000002E-003
   5.2500000000000000       -1.0000000000000000        7.1999999999999998E-003
   5.5000000000000000       -1.0000000000000000        8.8000000000000005E-003
   5.7500000000000000       -1.0000000000000000        9.1999999999999998E-003
   6.0000000000000000       -1.0000000000000000        1.0800000000000001E-002
   6.2500000000000000       -1.0000000000000000        8.3999999999999995E-003
   6.5000000000000000       -1.0000000000000000        1.1200000000000000E-002
   6.7500000000000000       -1.0000000000000000        9.1999999999999998E-003
   7.0000000000000000       -1.0000000000000000        1.1200000000000000E-002
   7.2500000000000000       -1.0000000000000000        7.6000000000000000E-003
   7.5000000000000000       -1.0000000000000000        1.0000000000000000E-002
   7.7500000000000000       -1.0000000000000000        7.6000000000000000E-003
   8.0000000000000000       -1.0000000000000000        9.1999999999999998E-003
   8.2500000000000000       -1.0000000000000000        8.0000000000000002E-003
   8.5000000000000000       -1.0000000000000000        8.8000000000000005E-003
   8.7500000000000000       -1.0000000000000000        8.0000000000000002E-003
   9.0000000000000000       -1.0000000000000000        8.3999999999999995E-003
   9.2500000000000000       -1.0000000000000000        4.0000000000000001E-003
   9.5000000000000000       -1.0000000000000000        4.0000000000000001E-003
   9.7500000000000000       -1.0000000000000000        4.7999999999999996E-003
   10.000000000000000       -1.0000000000000000        1.1999999999999999E-003
   10.250000000000000       -1.0000000000000000        8.0000000000000004E-004
   10.500000000000000       -1.0000000000000000        2.3999999999999998E-003
   10.750000000000000       -1.0000000000000000        8.0000000000000004E-004
   11.250000000000000       -1.0000000000000000        1.6000000000000001E-003
   11.500000000000000       -1.0000000000000000        8.0000000000000004E-004
   11.750000000000000       -1.0000000000000000        8.0000000000000004E-004
   12.000000000000000       -1.0000000000000000        4.0000000000000002E-004
   12.250000000000000       -1.0000000000000000        8.0000000000000004E-004
   12.750000000000000       -1.0000000000000000        1.6000000000000001E-003
   13.250000000000000       -1.0000000000000000        4.0000000000000002E-004
   14.250000000000000       -1.0000000000000000        4.0000000000000002E-004
   2.5000000000000000      -0.75000000000000000        4.0000000000000002E-004
   2.7500000000000000      -0.75000000000000000        2.8000000000000000E-003
   3.0000000000000000      -0.75000000000000000        2.0000000000000000E-003
   3.2500000000000000      -0.75000000000000000        4.4000000000000003E-003
   3.5000000000000000      -0.75000000000000000        4.7999999999999996E-003
   3.7500000000000000      -0.75000000000000000        4.4000000000000003E-003
   4.0000000000000000      -0.75000000000000000        6.4000000000000003E-003
   4.2500000000000000      -0.75000000000000000        8.0000000000000002E-003
   4.5000000000000000      -0.75000000000000000        7.6000000000000000E-003
   4.7500000000000000      -0.75000000000000000        9.5999999999999992E-003
   5.0000000000000000      -0.75000000000000000        5.1999999999999998E-003
   5.2500000000000000      -0.75000000000000000        1.1200000000000000E-002
   5.5000000000000000      -0.75000000000000000        1.1599999999999999E-002
   5.7500000000000000      -0.75000000000000000        1.0400000000000000E-002
   6.0000000000000000      -0.75000000000000000        1.0000000000000000E-002
   6.2500000000000000      -0.75000000000000000        1.0000000000000000E-002
   6.5000000000000000      -0.75000000000000000        1.1599999999999999E-002
   6.7500000000000000      -0.75000000000000000        7.6000000000000000E-003
   7.0000000000000000      -0.75000000000000000        1.2000000000000000E-002
   7.2500000000000000      -0.75000000000000000        6.7999999999999996E-003
   7.5000000000000000      -0.75000000000000000        4.7999999999999996E-003
   7.7500000000000000      -0.75000000000000000        6.0000000000000001E-003
   8.0000000000000000      -0.75000000000000000        4.7999999999999996E-003
   8.2500000000000000      -0.75000000000000000        7.1999999999999998E-003
   8.5000000000000000      -0.75000000000000000        5.5999999999999999E-003
   8.7500000000000000      -0.75000000000000000        3.2000000000000002E-003
   9.0000000000000000      -0.75000000000000000        6.0000000000000001E-003
   9.2500000000000000      -0.75000000000000000        4.4000000000000003E-003
   9.5000000000000000      -0.75000000000000000        2.3999999999999998E-003
   9.7500000000000000      -0.75000000000000000        4.4000000000000003E-003
   10.000000000000000      -0.75000000000000000        2.3999999999999998E-003
   10.250000000000000      -0.75000000000000000        2.3999999999999998E-003
   10.500000000000000      -0.75000000000000000        1.1999999999999999E-003
   10.750000000000000      -0.75000000000000000        8.0000000000000004E-004
   11.000000000000000      -0.75000000000000000        1.1999999999999999E-003
   11.250000000000000      -0.75000000000000000        1.1999999999999999E-003
   12.000000000000000      -0.75000000000000000        4.0000000000000002E-004
   12.250000000000000      -0.75000000000000000        4.0000000000000002E-004
   12.500000000000000      -0.75000000000000000        4.0000000000000002E-004
   13.750000000000000      -0.75000000000000000        4.0000000000000002E-004
   15.000000000000000      -0.75000000000000000        4.0000000000000002E-004
   1.7500000000000000      -0.50000000000000000        1.1999999999999999E-003
   2.0000000000000000      -0.50000000000000000        1.1999999999999999E-003
   2.2500000000000000      -0.50000000000000000        8.0000000000000004E-004
   2.5000000000000000      -0.50000000000000000        2.0000000000000000E-003
   2.7500000000000000      -0.50000000000000000        2.8000000000000000E-003
   3.0000000000000000      -0.50000000000000000        3.2000000000000002E-003
   3.2500000000000000      -0.50000000000000000        2.3999999999999998E-003
   3.5000000000000000      -0.50000000000000000        4.7999999999999996E-003
   3.7500000000000000      -0.50000000000000000        6.0000000000000001E-003
   4.0000000000000000      -0.50000000000000000        4.7999999999999996E-003
   4.2500000000000000      -0.50000000000000000        5.1999999999999998E-003
   4.5000000000000000      -0.50000000000000000        7.1999999999999998E-003
   4.7500000000000000      -0.50000000000000000        1.2000000000000000E-002
   5.0000000000000000      -0.50000000000000000        1.0000000000000000E-002
   5.2500000000000000      -0.50000000000000000        6.0000000000000001E-003
   5.5000000000000000      -0.50000000000000000        1.2800000000000001E-002
   5.7500000000000000      -0.50000000000000000        1.2400000000000000E-002
   6.0000000000000000      -0.50000000000000000        9.5999999999999992E-003
   6.2500000000000000      -0.50000000000000000        1.0000000000000000E-002
   6.5000000000000000      -0.50000000000000000        1.4000000000000000E-002
   6.7500000000000000      -0.50000000000000000        9.1999999999999998E-003
   7.0000000000000000      -0.50000000000000000        1.0400000000000000E-002
   7.2500000000000000      -0.50000000000000000        1.0000000000000000E-002
   7.5000000000000000      -0.50000000000000000        9.1999999999999998E-003
   7.7500000000000000      -0.50000000000000000        1.1200000000000000E-002
   8.0000000000000000      -0.50000000000000000        8.8000000000000005E-003
   8.2500000000000000      -0.50000000000000000        7.6000000000000000E-003
   8.5000000000000000      -0.50000000000000000        7.6000000000000000E-003
   8.7500000000000000      -0.50000000000000000        3.5999999999999999E-003
   9.0000000000000000      -0.50000000000000000        3.5999999999999999E-003
   9.2500000000000000      -0.50000000000000000        6.4000000000000003E-003
   9.5000000000000000      -0.50000000000000000        1.6000000000000001E-003
   9.7500000000000000      -0.50000000000000000        3.5999999999999999E-003
   10.000000000000000      -0.50000000000000000        2.8000000000000000E-003
   10.250000000000000      -0.50000000000000000        1.6000000000000001E-003
   10.500000000000000      -0.50000000000000000        1.1999999999999999E-003
   10.750000000000000      -0.50000000000000000        8.0000000000000004E-004
   11.000000000000000      -0.50000000000000000        8.0000000000000004E-004
   11.500000000000000      -0.50000000000000000        8.0000000000000004E-004
   12.000000000000000      -0.50000000000000000        4.0000000000000002E-004
   12.500000000000000      -0.50000000000000000        8.0000000000000004E-004
   12.750000000000000      -0.50000000000000000        4.0000000000000002E-004
   13.250000000000000      -0.50000000000000000        8.0000000000000004E-004
   1.2500000000000000      -0.25000000000000000        4.0000000000000002E-004
   1.7500000000000000      -0.25000000000000000        4.0000000000000002E-004
   2.0000000000000000      -0.25000000000000000        1.1999999999999999E-003
   2.2500000000000000      -0.25000000000000000        2.0000000000000000E-003
   2.5000000000000000      -0.25000000000000000        2.3999999999999998E-003
   2.7500000000000000      -0.25000000000000000        3.2000000000000002E-003
   3.0000000000000000      -0.25000000000000000        4.4000000000000003E-003
   3.2500000000000000      -0.25000000000000000        5.1999999999999998E-003
   3.5000000000000000      -0.25000000000000000        5.1999999999999998E-003
   3.7500000000000000      -0.25000000000000000        4.7999999999999996E-003
   4.0000000000000000      -0.25000000000000000        9.1999999999999998E-003
   4.2500000000000000      -0.25000000000000000        8.0000000000000002E-003
   4.5000000000000000      -0.25000000000000000        9.1999999999999998E-003
   4.7500000000000000      -0.25000000000000000        1.3200000000000000E-002
   5.0000000000000000      -0.25000000000000000        8.0000000000000002E-003
   5.2500000000000000      -0.25000000000000000        6.7999999999999996E-003
   5.5000000000000000      -0.25000000000000000        9.1999999999999998E-003
   5.7500000000000000      -0.25000000000000000        1.2000000000000000E-002
   6.0000000000000000      -0.25000000000000000        1.4800000000000001E-002
   6.2500000000000000      -0.25000000000000000        9.1999999999999998E-003
   6.5000000000000000      -0.25000000000000000        1.3200000000000000E-002
   6.7500000000000000      -0.25000000000000000        1.3200000000000000E-002
   7.0000000000000000      -0.25000000000000000        1.0800000000000001E-002
   7.2500000000000000      -0.25000000000000000        7.6000000000000000E-003
   7.5000000000000000      -0.25000000000000000        8.3999999999999995E-003
   7.7500000000000000      -0.25000000000000000        6.0000000000000001E-003
   8.0000000000000000      -0.25000000000000000        6.7999999999999996E-003
   8.2500000000000000      -0.25000000000000000        3.5999999999999999E-003
   8.5000000000000000      -0.25000000000000000        7.6000000000000000E-003
   8.7500000000000000      -0.25000000000000000        2.3999999999999998E-003
   9.0000000000000000      -0.25000000000000000        3.5999999999999999E-003
   9.2500000000000000      -0.25000000000000000        2.3999999999999998E-003
   9.5000000000000000      -0.25000000000000000        1.6000000000000001E-003
   9.7500000000000000      -0.25000000000000000        2.8000000000000000E-003
   10.000000000000000      -0.25000000000000000        2.8000000000000000E-003
   10.250000000000000      -0.25000000000000000        1.6000000000000001E-003
   10.500000000000000      -0.25000000000000000        4.0000000000000002E-004
   10.750000000000000      -0.25000000000000000        8.0000000000000004E-004
   11.000000000000000      -0.25000000000000000        8.0000000000000004E-004
   11.250000000000000      -0.25000000000000000        8.0000000000000004E-004
   11.500000000000000      -0.25000000000000000        4.0000000000000002E-004
   11.750000000000000      -0.25000000000000000        4.0000000000000002E-004
   12.000000000000000      -0.25000000000000000        8.0000000000000004E-004
   12.250000000000000      -0.25000000000000000        8.0000000000000004E-004
   12.750000000000000      -0.25000000000000000        4.0000000000000002E-004
   13.000000000000000      -0.25000000000000000        8.0000000000000004E-004
   13.500000000000000      -0.25000000000000000        4.0000000000000002E-004
   1.5000000000000000        0.0000000000000000        4.0000000000000002E-004
   1.7500000000000000        0.0000000000000000        1.1999999999999999E-003
   2.0000000000000000        0.0000000000000000        1.1999999999999999E-003
   2.2500000000000000        0.0000000000000000        8.0000000000000004E-004
   2.5000000000000000        0.0000000000000000        1.6000000000000001E-003
   2.7500000000000000        0.0000000000000000        4.4000000000000003E-003
   3.0000000000000000        0.0000000000000000        5.1999999999999998E-003
   3.2500000000000000        0.0000000000000000        5.5999999999999999E-003
   3.5000000000000000        0.0000000000000000        5.5999999999999999E-003
   3.7500000000000000        0.0000000000000000        6.7999999999999996E-003
   4.0000000000000000        0.0000000000000000        1.4000000000000000E-002
   4.2500000000000000        0.0000000000000000        1.2000000000000000E-002
   4.5000000000000000        0.0000000000000000        1.2000000000000000E-002
   4.7500000000000000        0.0000000000000000        8.3999999999999995E-003
   5.0000000000000000        0.0000000000000000        1.3200000000000000E-002
   5.2500000000000000        0.0000000000000000        1.4800000000000001E-002
   5.5000000000000000        0.0000000000000000        1.0400000000000000E-002
   5.7500000000000000        0.0000000000000000        1.1599999999999999E-002
   6.0000000000000000        0.0000000000000000        8.3999999999999995E-003
   6.2500000000000000        0.0000000000000000        1.0000000000000000E-002
   6.5000000000000000        0.0000000000000000        1.4000000000000000E-002
   6.7500000000000000        0.0000000000000000        1.0400000000000000E-002
   7.0000000000000000        0.0000000000000000        8.3999999999999995E-003
   7.2500000000000000        0.0000000000000000        7.6000000000000000E-003
   7.5000000000000000        0.0000000000000000        6.4000000000000003E-003
   7.7500000000000000        0.0000000000000000        6.4000000000000003E-003
   8.0000000000000000        0.0000000000000000        6.0000000000000001E-003
   8.2500000000000000        0.0000000000000000        4.4000000000000003E-003
   8.5000000000000000        0.0000000000000000        7.6000000000000000E-003
   8.7500000000000000        0.0000000000000000        5.5999999999999999E-003
   9.0000000000000000        0.0000000000000000        1.1999999999999999E-003
   9.2500000000000000        0.0000000000000000        3.2000000000000002E-003
   9.5000000000000000        0.0000000000000000        2.8000000000000000E-003
   9.7500000000000000        0.0000000000000000        3.2000000000000002E-003
   10.000000000000000        0.0000000000000000        2.0000000000000000E-003
   10.250000000000000        0.0000000000000000        3.2000000000000002E-003
   10.500000000000000        0.0000000000000000        1.1999999999999999E-003
   10.750000000000000        0.0000000000000000        2.3999999999999998E-003
   11.000000000000000        0.0000000000000000        1.1999999999999999E-003
   11.250000000000000        0.0000000000000000        1.6000000000000001E-003
   11.500000000000000        0.0000000000000000        1.1999999999999999E-003
   11.750000000000000        0.0000000000000000        1.6000000000000001E-003
   13.750000000000000        0.0000000000000000        4.0000000000000002E-004
   15.500000000000000        0.0000000000000000        4.0000000000000002E-004
   16.500000000000000        0.0000000000000000        4.0000000000000002E-004
   1.0000000000000000       0.25000000000000000        4.0000000000000002E-004
   1.5000000000000000       0.25000000000000000        4.0000000000000002E-004
   1.7500000000000000       0.25000000000000000        8.0000000000000004E-004
   2.0000000000000000       0.25000000000000000        1.6000000000000001E-003
   2.2500000000000000       0.25000000000000000        3.5999999999999999E-003
   2.5000000000000000       0.25000000000000000        7.6000000000000000E-003
   2.7500000000000000       0.25000000000000000        4.0000000000000001E-003
   3.0000000000000000       0.25000000000000000        5.5999999999999999E-003
   3.2500000000000000       0.25000000000000000        5.1999999999999998E-003
   3.5000000000000000       0.25000000000000000        6.4000000000000003E-003
   3.7500000000000000       0.25000000000000000        7.6000000000000000E-003
   4.0000000000000000       0.25000000000000000        9.5999999999999992E-003
   4.2500000000000000       0.25000000000000000        1.0400000000000000E-002
   4.5000000000000000       0.25000000000000000        1.1200000000000000E-002
   4.7500000000000000       0.25000000000000000        1.3599999999999999E-002
   5.0000000000000000       0.25000000000000000        1.0800000000000001E-002
   5.2500000000000000       0.25000000000000000        1.0800000000000001E-002
   5.5000000000000000       0.25000000000000000        9.5999999999999992E-003
   5.7500000000000000       0.25000000000000000        1.0400000000000000E-002
   6.0000000000000000       0.25000000000000000        1.3200000000000000E-002
   6.2500000000000000       0.25000000000000000        1.1200000000000000E-002
   6.5000000000000000       0.25000000000000000        1.0800000000000001E-002
   6.7500000000000000       0.25000000000000000        8.0000000000000002E-003
   7.0000000000000000       0.25000000000000000        1.0400000000000000E-002
   7.2500000000000000       0.25000000000000000        4.0000000000000001E-003
   7.5000000000000000       0.25000000000000000        8.3999999999999995E-003
   7.7500000000000000       0.25000000000000000        6.7999999999999996E-003
   8.0000000000000000       0.25000000000000000        7.1999999999999998E-003
   8.2500000000000000       0.25000000000000000        4.0000000000000001E-003
   8.5000000000000000       0.25000000000000000        4.7999999999999996E-003
   8.7500000000000000       0.25000000000000000        4.0000000000000001E-003
   9.0000000000000000       0.25000000000000000        2.8000000000000000E-003
   9.2500000000000000       0.25000000000000000        2.8000000000000000E-003
   9.5000000000000000       0.25000000000000000        3.2000000000000002E-003
   9.7500000000000000       0.25000000000000000        2.0000000000000000E-003
   10.000000000000000       0.25000000000000000        2.0000000000000000E-003
   10.250000000000000       0.25000000000000000        4.0000000000000002E-004
   10.500000000000000       0.25000000000000000        1.1999999999999999E-003
   10.750000000000000       0.25000000000000000        2.3999999999999998E-003
   11.250000000000000       0.25000000000000000        4.0000000000000002E-004
   11.500000000000000       0.25000000000000000        4.0000000000000002E-004
   11.750000000000000       0.25000000000000000        1.1999999999999999E-003
   12.000000000000000       0.25000000000000000        1.1999999999999999E-003
   12.500000000000000       0.25000000000000000        1.1999999999999999E-003
   14.000000000000000       0.25000000000000000        8.0000000000000004E-004
   1.0000000000000000       0.50000000000000000        4.0000000000000002E-004
   1.2500000000000000       0.50000000000000000        4.0000000000000002E-004
   1.5000000000000000       0.50000000000000000        4.0000000000000002E-004
   1.7500000000000000       0.50000000000000000        2.0000000000000000E-003
   2.0000000000000000       0.50000000000000000        1.1999999999999999E-003
   2.2500000000000000       0.50000000000000000        4.7999999999999996E-003
   2.5000000000000000       0.50000000000000000        4.0000000000000001E-003
   2.7500000000000000       0.50000000000000000        4.4000000000000003E-003
   3.0000000000000000       0.50000000000000000        5.1999999999999998E-003
   3.2500000000000000       0.50000000000000000        6.4000000000000003E-003
   3.5000000000000000       0.50000000000000000        7.6000000000000000E-003
   3.7500000000000000       0.50000000000000000        8.0000000000000002E-003
   4.0000000000000000       0.50000000000000000        8.8000000000000005E-003
   4.2500000000000000       0.50000000000000000        9.5999999999999992E-003
   4.5000000000000000       0.50000000000000000        9.1999999999999998E-003
   4.7500000000000000       0.50000000000000000        1.2800000000000001E-002
   5.0000000000000000       0.50000000000000000        8.8000000000000005E-003
   5.2500000000000000       0.50000000000000000        1.1200000000000000E-002
   5.5000000000000000       0.50000000000000000        1.0400000000000000E-002
   5.7500000000000000       0.50000000000000000        1.1200000000000000E-002
   6.0000000000000000       0.50000000000000000        8.3999999999999995E-003
   6.2500000000000000       0.50000000000000000        7.6000000000000000E-003
   6.5000000000000000       0.50000000000000000        9.5999999999999992E-003
   6.7500000000000000       0.50000000000000000        9.1999999999999998E-003
   7.0000000000000000       0.50000000000000000        4.0000000000000001E-003
   7.2500000000000000       0.50000000000000000        8.3999999999999995E-003
   7.5000000000000000       0.50000000000000000        9.5999999999999992E-003
   7.7500000000000000       0.50000000000000000        7.6000000000000000E-003
   8.0000000000000000       0.50000000000000000        8.3999999999999995E-003
   8.2500000000000000       0.50000000000000000        6.7999999999999996E-003
   8.5000000000000000       0.50000000000000000        5.1999999999999998E-003
   8.7500000000000000       0.50000000000000000        2.8000000000000000E-003
   9.0000000000000000       0.50000000000000000        4.0000000000000001E-003
   9.2500000000000000       0.50000000000000000        4.0000000000000001E-003
   9.5000000000000000       0.50000000000000000        1.6000000000000001E-003
   9.7500000000000000       0.50000000000000000        1.1999999999999999E-003
   10.000000000000000       0.50000000000000000        2.0000000000000000E-003
   10.250000000000000       0.50000000000000000        2.0000000000000000E-003
   10.500000000000000       0.50000000000000000        8.0000000000000004E-004
   10.750000000000000       0.50000000000000000        1.6000000000000001E-003
   11.000000000000000       0.50000000000000000        4.0000000000000002E-004
   11.250000000000000       0.50000000000000000        1.1999999999999999E-003
   11.500000000000000       0.50000000000000000        1.1999999999999999E-003
   11.750000000000000       0.50000000000000000        8.0000000000000004E-004
   12.000000000000000       0.50000000000000000        4.0000000000000002E-004
   12.250000000000000       0.50000000000000000        8.0000000000000004E-004
   1.5000000000000000       0.75000000000000000        1.6000000000000001E-003
   1.7500000000000000       0.75000000000000000        1.1999999999999999E-003
   2.0000000000000000       0.75000000000000000        8.0000000000000004E-004
   2.2500000000000000       0.75000000000000000        2.3999999999999998E-003
   2.5000000000000000       0.75000000000000000        4.0000000000000001E-003
   2.7500000000000000       0.75000000000000000        3.5999999999999999E-003
   3.0000000000000000       0.75000000000000000        5.5999999999999999E-003
   3.2500000000000000       0.75000000000000000        6.0000000000000001E-003
   3.5000000000000000       0.75000000000000000        8.0000000000000002E-003
   3.7500000000000000       0.75000000000000000        6.0000000000000001E-003
   4.0000000000000000       0.75000000000000000        1.0800000000000001E-002
   4.2500000000000000       0.75000000000000000        6.7999999999999996E-003
   4.5000000000000000       0.75000000000000000        1.0000000000000000E-002
   4.7500000000000000       0.75000000000000000        1.2800000000000001E-002
   5.0000000000000000       0.75000000000000000        1.2000000000000000E-002
   5.2500000000000000       0.75000000000000000        1.1599999999999999E-002
   5.5000000000000000       0.75000000000000000        1.4800000000000001E-002
   5.7500000000000000       0.75000000000000000        1.3599999999999999E-002
   6.0000000000000000       0.75000000000000000        8.8000000000000005E-003
   6.2500000000000000       0.75000000000000000        1.2800000000000001E-002
   6.5000000000000000       0.75000000000000000        6.7999999999999996E-003
   6.7500000000000000       0.75000000000000000        1.0000000000000000E-002
   7.0000000000000000       0.75000000000000000        9.5999999999999992E-003
   7.2500000000000000       0.75000000000000000        8.0000000000000002E-003
   7.5000000000000000       0.75000000000000000        5.5999999999999999E-003
   7.7500000000000000       0.75000000000000000        8.0000000000000002E-003
   8.0000000000000000       0.75000000000000000        3.2000000000000002E-003
   8.2500000000000000       0.75000000000000000        4.0000000000000001E-003
   8.5000000000000000       0.75000000000000000        6.4000000000000003E-003
   8.7500000000000000       0.75000000000000000        4.4000000000000003E-003
   9.0000000000000000       0.75000000000000000        3.2000000000000002E-003
   9.2500000000000000       0.75000000000000000        2.3999999999999998E-003
   9.5000000000000000       0.75000000000000000        8.0000000000000004E-004
   9.7500000000000000       0.75000000000000000        2.3999999999999998E-003
   10.000000000000000       0.75000000000000000        1.1999999999999999E-003
   10.250000000000000       0.75000000000000000        1.1999999999999999E-003
   10.500000000000000       0.75000000000000000        1.6000000000000001E-003
   10.750000000000000       0.75000000000000000        8.0000000000000004E-004
   11.250000000000000       0.75000000000000000        8.0000000000000004E-004
   11.500000000000000       0.75000000000000000        1.1999999999999999E-003
   11.750000000000000       0.75000000000000000        8.0000000000000004E-004
   12.000000000000000       0.75000000000000000        4.0000000000000002E-004
   12.500000000000000       0.75000000000000000        4.0000000000000002E-004
   13.250000000000000       0.75000000000000000        8.0000000000000004E-004
   14.000000000000000       0.75000000000000000        4.0000000000000002E-004
   1.2500000000000000        1.0000000000000000        4.0000000000000002E-004
   2.0000000000000000        1.0000000000000000        1.1999999999999999E-003
   2.2500000000000000        1.0000000000000000        2.8000000000000000E-003
   2.5000000000000000        1.0000000000000000        3.5999999999999999E-003
   2.7500000000000000        1.0000000000000000        4.7999999999999996E-003
   3.0000000000000000        1.0000000000000000        6.0000000000000001E-003
   3.2500000000000000        1.0000000000000000        7.1999999999999998E-003
   3.5000000000000000        1.0000000000000000        5.1999999999999998E-003
   3.7500000000000000        1.0000000000000000        1.1599999999999999E-002
   4.0000000000000000        1.0000000000000000        6.4000000000000003E-003
   4.2500000000000000        1.0000000000000000        8.0000000000000002E-003
   4.5000000000000000        1.0000000000000000        9.5999999999999992E-003
   4.7500000000000000        1.0000000000000000        1.1200000000000000E-002
   5.0000000000000000        1.0000000000000000        1.2400000000000000E-002
   5.2500000000000000        1.0000000000000000        8.0000000000000002E-003
   5.5000000000000000        1.0000000000000000        6.4000000000000003E-003
   5.7500000000000000        1.0000000000000000        9.1999999999999998E-003
   6.0000000000000000        1.0000000000000000        1.0000000000000000E-002
   6.2500000000000000        1.0000000000000000        1.1200000000000000E-002
   6.5000000000000000        1.0000000000000000        1.0000000000000000E-002
   6.7500000000000000        1.0000000000000000        8.3999999999999995E-003
   7.0000000000000000        1.0000000000000000        6.7999999999999996E-003
   7.2500000000000000        1.0000000000000000        7.1999999999999998E-003
   7.5000000000000000        1.0000000000000000        3.2000000000000002E-003
   7.7500000000000000        1.0000000000000000        7.6000000000000000E-003
   8.0000000000000000        1.0000000000000000        5.1999999999999998E-003
   8.2500000000000000        1.0000000000000000        4.4000000000000003E-003
   8.5000000000000000        1.0000000000000000        3.5999999999999999E-003
   8.7500000000000000        1.0000000000000000        1.6000000000000001E-003
   9.0000000000000000        1.0000000000000000        3.5999999999999999E-003
   9.2500000000000000        1.0000000000000000        2.0000000000000000E-003
   9.5000000000000000        1.0000000000000000        1.1999999999999999E-003
   9.7500000000000000        1.0000000000000000        4.0000000000000002E-004
   10.000000000000000        1.0000000000000000        2.3999999999999998E-003
   10.250000000000000        1.0000000000000000        1.1999999999999999E-003
   10.500000000000000        1.0000000000000000        4.0000000000000002E-004
   10.750000000000000        1.0000000000000000        8.0000000000000004E-004
   11.000000000000000        1.0000000000000000        8.0000000000000004E-004
   11.250000000000000        1.0000000000000000        4.0000000000000002E-004
   11.500000000000000        1.0000000000000000        4.0000000000000002E-004
   12.250000000000000        1.0000000000000000        8.0000000000000004E-004
   1.7500000000000000        1.2500000000000000        1.6000000000000001E-003
   2.0000000000000000        1.2500000000000000        3.2000000000000002E-003
   2.2500000000000000        1.2500000000000000        8.0000000000000004E-004
   2.5000000000000000        1.2500000000000000        2.0000000000000000E-003
   2.7500000000000000        1.2500000000000000        4.7999999999999996E-003
   3.0000000000000000        1.2500000000000000        3.2000000000000002E-003
   3.2500000000000000        1.2500000000000000        4.7999999999999996E-003
   3.5000000000000000        1.2500000000000000        5.5999999999999999E-003
   3.7500000000000000        1.2500000000000000        6.7999999999999996E-003
   4.0000000000000000        1.2500000000000000        1.0400000000000000E-002
   4.2500000000000000        1.2500000000000000        8.3999999999999995E-003
   4.5000000000000000        1.2500000000000000        8.0000000000000002E-003
   4.7500000000000000        1.2500000000000000        7.6000000000000000E-003
   5.0000000000000000        1.2500000000000000        5.1999999999999998E-003
   5.2500000000000000        1.2500000000000000        8.0000000000000002E-003
   5.5000000000000000        1.2500000000000000        9.1999999999999998E-003
   5.7500000000000000        1.2500000000000000        7.1999999999999998E-003
   6.0000000000000000        1.2500000000000000        6.4000000000000003E-003
   6.2500000000000000        1.2500000000000000        7.6000000000000000E-003
   6.5000000000000000        1.2500000000000000        1.0000000000000000E-002
   6.7500000000000000        1.2500000000000000        1.0400000000000000E-002
   7.0000000000000000        1.2500000000000000        4.0000000000000001E-003
   7.2500000000000000        1.2500000000000000        4.0000000000000001E-003
   7.5000000000000000        1.2500000000000000        5.1999999999999998E-003
   7.7500000000000000        1.2500000000000000        3.5999999999999999E-003
   8.0000000000000000        1.2500000000000000        1.6000000000000001E-003
   8.2500000000000000        1.2500000000000000        6.4000000000000003E-003
   8.5000000000000000        1.2500000000000000        4.7999999999999996E-003
   8.7500000000000000        1.2500000000000000        3.5999999999999999E-003
   9.0000000000000000        1.2500000000000000        2.3999999999999998E-003
   9.2500000000000000        1.2500000000000000        1.6000000000000001E-003
   9.5000000000000000        1.2500000000000000        2.0000000000000000E-003
   9.7500000000000000        1.2500000000000000        2.0000000000000000E-003
   10.000000000000000        1.2500000000000000        1.1999999999999999E-003
   10.250000000000000        1.2500000000000000        1.1999999999999999E-003
   10.500000000000000        1.2500000000000000        8.0000000000000004E-004
   10.750000000000000        1.2500000000000000        8.0000000000000004E-004
   11.000000000000000        1.2500000000000000        8.0000000000000004E-004
   11.250000000000000        1.2500000000000000        4.0000000000000002E-004
   12.000000000000000        1.2500000000000000        8.0000000000000004E-004
   14.750000000000000        1.2500000000000000        4.0000000000000002E-004
   1.5000000000000000        1.5000000000000000        4.0000000000000002E-004
   1.7500000000000000        1.5000000000000000        8.0000000000000004E-004
   2.0000000000000000        1.5000000000000000        2.0000000000000000E-003
   2.2500000000000000        1.5000000000000000        2.8000000000000000E-003
   2.5000000000000000        1.5000000000000000        2.3999999999999998E-003
   2.7500000000000000        1.5000000000000000        4.7999999999999996E-003
   3.0000000000000000        1.5000000000000000        3.5999999999999999E-003
   3.2500000000000000        1.5000000000000000        3.5999999999999999E-003
   3.5000000000000000        1.5000000000000000        7.6000000000000000E-003
   3.7500000000000000        1.5000000000000000        7.6000000000000000E-003
   4.0000000000000000        1.5000000000000000        6.7999999999999996E-003
   4.2500000000000000        1.5000000000000000        9.5999999999999992E-003
   4.5000000000000000        1.5000000000000000        7.1999999999999998E-003
   4.7500000000000000        1.5000000000000000        1.0400000000000000E-002
   5.0000000000000000        1.5000000000000000        8.8000000000000005E-003
   5.2500000000000000        1.5000000000000000        7.1999999999999998E-003
   5.5000000000000000        1.5000000000000000        9.1999999999999998E-003
   5.7500000000000000        1.5000000000000000        6.0000000000000001E-003
   6.0000000000000000        1.5000000000000000        8.8000000000000005E-003
   6.2500000000000000        1.5000000000000000        4.7999999999999996E-003
   6.5000000000000000        1.5000000000000000        8.3999999999999995E-003
   6.7500000000000000        1.5000000000000000        5.5999999999999999E-003
   7.0000000000000000        1.5000000000000000        3.5999999999999999E-003
   7.2500000000000000        1.5000000000000000        4.4000000000000003E-003
   7.5000000000000000        1.5000000000000000        3.5999999999999999E-003
   7.7500000000000000        1.5000000000000000        4.4000000000000003E-003
   8.0000000000000000        1.5000000000000000        2.3999999999999998E-003
   8.2500000000000000        1.5000000000000000        3.5999999999999999E-003
   8.5000000000000000        1.5000000000000000        2.3999999999999998E-003
   8.7500000000000000        1.5000000000000000        8.0000000000000004E-004
   9.0000000000000000        1.5000000000000000        2.3999999999999998E-003
   9.2500000000000000        1.5000000000000000        2.3999999999999998E-003
   9.5000000000000000        1.5000000000000000        1.1999999999999999E-003
   9.7500000000000000        1.5000000000000000        8.0000000000000004E-004
   10.000000000000000        1.5000000000000000        4.0000000000000002E-004
   10.250000000000000        1.5000000000000000        2.0000000000000000E-003
   10.500000000000000        1.5000000000000000        8.0000000000000004E-004
   11.000000000000000        1.5000000000000000        4.0000000000000002E-004
   11.250000000000000        1.5000000000000000        4.0000000000000002E-004
   11.500000000000000        1.5000000000000000        4.0000000000000002E-004
   12.000000000000000        1.5000000000000000        4.0000000000000002E-004
   13.000000000000000        1.5000000000000000        4.0000000000000002E-004
   13.750000000000000        1.5000000000000000        4.0000000000000002E-004
   15.750000000000000        1.5000000000000000        4.0000000000000002E-004
   2.0000000000000000        1.7500000000000000        1.6000000000000001E-003
   2.2500000000000000        1.7500000000000000        1.1999999999999999E-003
   2.5000000000000000        1.7500000000000000        2.0000000000000000E-003
   2.7500000000000000        1.7500000000000000        2.3999999999999998E-003
   3.0000000000000000        1.7500000000000000        2.8000000000000000E-003
   3.2500000000000000        1.7500000000000000        4.4000000000000003E-003
   3.5000000000000000        1.7500000000000000        4.7999999999999996E-003
   3.7500000000000000        1.7500000000000000        7.1999999999999998E-003
   4.0000000000000000        1.7500000000000000        5.5999999999999999E-003
   4.2500000000000000        1.7500000000000000        8.0000000000000002E-003
   4.5000000000000000        1.7500000000000000        6.0000000000000001E-003
   4.7500000000000000        1.7500000000000000        5.5999999999999999E-003
   5.0000000000000000        1.7500000000000000        4.7999999999999996E-003
   5.2500000000000000        1.7500000000000000        6.0000000000000001E-003
   5.5000000000000000        1.7500000000000000        7.6000000000000000E-003
   5.7500000000000000        1.7500000000000000        8.8000000000000005E-003
   6.0000000000000000        1.7500000000000000        8.8000000000000005E-003
   6.2500000000000000        1.7500000000000000        8.0000000000000002E-003
   6.5000000000000000        1.7500000000000000        8.3999999999999995E-003
   6.7500000000000000        1.7500000000000000        6.4000000000000003E-003
   7.0000000000000000        1.7500000000000000        4.4000000000000003E-003
   7.2500000000000000        1.7500000000000000        4.7999999999999996E-003
   7.5000000000000000        1.7500000000000000        5.1999999999999998E-003
   7.7500000000000000        1.7500000000000000        2.0000000000000000E-003
   8.0000000000000000        1.7500000000000000        4.4000000000000003E-003
   8.2500000000000000        1.7500000000000000        5.5999999999999999E-003
   8.5000000000000000        1.7500000000000000        1.1999999999999999E-003
   8.7500000000000000        1.7500000000000000        8.0000000000000004E-004
   9.0000000000000000        1.7500000000000000        2.3999999999999998E-003
   9.2500000000000000        1.7500000000000000        2.8000000000000000E-003
   9.5000000000000000        1.7500000000000000        1.1999999999999999E-003
   9.7500000000000000        1.7500000000000000        8.0000000000000004E-004
   10.000000000000000        1.7500000000000000        8.0000000000000004E-004
   10.250000000000000        1.7500000000000000        4.0000000000000002E-004
   10.500000000000000        1.7500000000000000        4.0000000000000002E-004
   10.750000000000000        1.7500000000000000        8.0000000000000004E-004
   11.000000000000000        1.7500000000000000        8.0000000000000004E-004
   11.250000000000000        1.7500000000000000        4.0000000000000002E-004
   12.500000000000000        1.7500000000000000        1.1999999999999999E-003
   12.750000000000000        1.7500000000000000        4.0000000000000002E-004
   2.5000000000000000        2.0000000000000000        2.0000000000000000E-003
   2.7500000000000000        2.0000000000000000        2.0000000000000000E-003
   3.0000000000000000        2.0000000000000000        4.0000000000000001E-003
   3.2500000000000000        2.0000000000000000        2.3999999999999998E-003
   3.5000000000000000        2.0000000000000000        5.1999999999999998E-003
   3.7500000000000000        2.0000000000000000        9.1999999999999998E-003
   4.0000000000000000        2.0000000000000000        5.5999999999999999E-003
   4.2500000000000000        2.0000000000000000        6.4000000000000003E-003
   4.5000000000000000        2.0000000000000000        5.1999999999999998E-003
   4.7500000000000000        2.0000000000000000        4.0000000000000001E-003
   5.0000000000000000        2.0000000000000000        6.7999999999999996E-003
   5.2500000000000000        2.0000000000000000        6.0000000000000001E-003
   5.5000000000000000        2.0000000000000000        6.0000000000000001E-003
   5.7500000000000000        2.0000000000000000        4.4000000000000003E-003
   6.0000000000000000        2.0000000000000000        5.1999999999999998E-003
   6.2500000000000000        2.0000000000000000        4.7999999999999996E-003
   6.5000000000000000        2.0000000000000000        5.5999999999999999E-003
   6.7500000000000000        2.0000000000000000        5.1999999999999998E-003
   7.0000000000000000        2.0000000000000000        4.0000000000000001E-003
   7.2500000000000000        2.0000000000000000        4.4000000000000003E-003
   7.5000000000000000        2.0000000000000000        2.8000000000000000E-003
   7.7500000000000000        2.0000000000000000        4.0000000000000001E-003
   8.0000000000000000        2.0000000000000000        2.3999999999999998E-003
   8.2500000000000000        2.0000000000000000        2.3999999999999998E-003
   8.5000000000000000        2.0000000000000000        2.0000000000000000E-003
   8.7500000000000000        2.0000000000000000        2.0000000000000000E-003
   9.0000000000000000        2.0000000000000000        1.6000000000000001E-003
   9.2500000000000000        2.0000000000000000        8.0000000000000004E-004
   9.5000000000000000        2.0000000000000000        4.0000000000000002E-004
   9.7500000000000000        2.0000000000000000        1.6000000000000001E-003
   10.000000000000000        2.0000000000000000        8.0000000000000004E-004
   10.750000000000000        2.0000000000000000        1.1999999999999999E-003
   11.000000000000000        2.0000000000000000        4.0000000000000002E-004
   2.2500000000000000        2.2500000000000000        4.0000000000000002E-004
   2.5000000000000000        2.2500000000000000        1.1999999999999999E-003
   2.7500000000000000        2.2500000000000000        2.8000000000000000E-003
   3.0000000000000000        2.2500000000000000        1.6000000000000001E-003
   3.2500000000000000        2.2500000000000000        4.0000000000000001E-003
   3.5000000000000000        2.2500000000000000        4.0000000000000001E-003
   3.7500000000000000        2.2500000000000000        4.0000000000000001E-003
   4.0000000000000000        2.2500000000000000        4.0000000000000001E-003
   4.2500000000000000        2.2500000000000000        5.1999999999999998E-003
   4.5000000000000000        2.2500000000000000        4.7999999999999996E-003
   4.7500000000000000        2.2500000000000000        4.7999999999999996E-003
   5.0000000000000000        2.2500000000000000        2.3999999999999998E-003
   5.2500000000000000        2.2500000000000000        7.6000000000000000E-003
   5.5000000000000000        2.2500000000000000        5.5999999999999999E-003
   5.7500000000000000        2.2500000000000000        6.7999999999999996E-003
   6.0000000000000000        2.2500000000000000        2.0000000000000000E-003
   6.2500000000000000        2.2500000000000000        4.4000000000000003E-003
   6.5000000000000000        2.2500000000000000        4.4000000000000003E-003
   6.7500000000000000        2.2500000000000000        2.3999999999999998E-003
   7.0000000000000000        2.2500000000000000        4.7999999999999996E-003
   7.2500000000000000        2.2500000000000000        5.5999999999999999E-003
   7.5000000000000000        2.2500000000000000        3.5999999999999999E-003
   7.7500000000000000        2.2500000000000000        3.2000000000000002E-003
   8.0000000000000000        2.2500000000000000        2.3999999999999998E-003
   8.2500000000000000        2.2500000000000000        2.3999999999999998E-003
   8.5000000000000000        2.2500000000000000        8.0000000000000004E-004
   8.7500000000000000        2.2500000000000000        8.0000000000000004E-004
   9.0000000000000000        2.2500000000000000        2.0000000000000000E-003
   9.2500000000000000        2.2500000000000000        1.1999999999999999E-003
   9.5000000000000000        2.2500000000000000        4.0000000000000002E-004
   11.000000000000000        2.2500000000000000        8.0000000000000004E-004
   2.7500000000000000        2.5000000000000000        2.0000000000000000E-003
   3.0000000000000000        2.5000000000000000        2.0000000000000000E-003
   3.2500000000000000        2.5000000000000000        3.5999999999999999E-003
   3.5000000000000000        2.5000000000000000        3.2000000000000002E-003
   3.7500000000000000        2.5000000000000000        3.5999999999999999E-003
   4.0000000000000000        2.5000000000000000        4.4000000000000003E-003
   4.2500000000000000        2.5000000000000000        2.8000000000000000E-003
   4.5000000000000000        2.5000000000000000        5.5999999999999999E-003
   4.7500000000000000        2.5000000000000000        3.2000000000000002E-003
   5.0000000000000000        2.5000000000000000        5.5999999999999999E-003
   5.2500000000000000        2.5000000000000000        6.7999999999999996E-003
   5.5000000000000000        2.5000000000000000        3.5999999999999999E-003
   5.7500000000000000        2.5000000000000000        3.5999999999999999E-003
   6.0000000000000000        2.5000000000000000        3.5999999999999999E-003
   6.2500000000000000        2.5000000000000000        4.7999999999999996E-003
   6.5000000000000000        2.5000000000000000        3.5999999999999999E-003
   6.7500000000000000        2.5000000000000000        3.2000000000000002E-003
   7.0000000000000000        2.5000000000000000        3.2000000000000002E-003
   7.2500000000000000        2.5000000000000000        2.0000000000000000E-003
   7.5000000000000000        2.5000000000000000        2.0000000000000000E-003
   7.7500000000000000        2.5000000000000000        1.1999999999999999E-003
   8.0000000000000000        2.5000000000000000        2.3999999999999998E-003
   8.2500000000000000        2.5000000000000000        2.0000000000000000E-003
   8.5000000000000000        2.5000000000000000        1.1999999999999999E-003
   8.7500000000000000        2.5000000000000000        4.0000000000000002E-004
   9.0000000000000000        2.5000000000000000        8.0000000000000004E-004
   9.2500000000000000        2.5000000000000000        4.0000000000000002E-004
   9.5000000000000000        2.5000000000000000        1.1999999999999999E-003
   9.7500000000000000        2.5000000000000000        4.0000000000000002E-004
   10.000000000000000        2.5000000000000000        4.0000000000000002E-004
   10.750000000000000        2.5000000000000000        4.0000000000000002E-004
   11.250000000000000        2.5000000000000000        4.0000000000000002E-004
   12.750000000000000        2.5000000000000000        4.0000000000000002E-004
   3.0000000000000000        2.7500000000000000        4.0000000000000002E-004
   3.2500000000000000        2.7500000000000000        1.1999999999999999E-003
   3.5000000000000000        2.7500000000000000        1.1999999999999999E-003
   3.7500000000000000        2.7500000000000000        2.3999999999999998E-003
   4.0000000000000000        2.7500000000000000        5.1999999999999998E-003
   4.2500000000000000        2.7500000000000000        1.6000000000000001E-003
   4.5000000000000000        2.7500000000000000        3.2000000000000002E-003
   4.7500000000000000        2.7500000000000000        4.0000000000000001E-003
   5.0000000000000000        2.7500000000000000        4.0000000000000001E-003
   5.2500000000000000        2.7500000000000000        5.1999999999999998E-003
   5.5000000000000000        2.7500000000000000        3.5999999999999999E-003
   5.7500000000000000        2.7500000000000000        4.4000000000000003E-003
   6.0000000000000000        2.7500000000000000        4.7999999999999996E-003
   6.2500000000000000        2.7500000000000000        2.8000000000000000E-003
   6.5000000000000000        2.7500000000000000        4.0000000000000001E-003
   6.7500000000000000        2.7500000000000000        1.1999999999999999E-003
   7.0000000000000000        2.7500000000000000        1.1999999999999999E-003
   7.2500000000000000        2.7500000000000000        2.3999999999999998E-003
   7.5000000000000000        2.7500000000000000        1.1999999999999999E-003
   7.7500000000000000        2.7500000000000000        1.6000000000000001E-003
   8.0000000000000000        2.7500000000000000        2.0000000000000000E-003
   8.2500000000000000        2.7500000000000000        1.1999999999999999E-003
   8.5000000000000000        2.7500000000000000        1.1999999999999999E-003
   8.7500000000000000        2.7500000000000000        4.0000000000000002E-004
   9.0000000000000000        2.7500000000000000        4.0000000000000002E-004
   9.2500000000000000        2.7500000000000000        4.0000000000000002E-004
   9.5000000000000000        2.7500000000000000        4.0000000000000002E-004
   9.7500000000000000        2.7500000000000000        8.0000000000000004E-004
   10.750000000000000        2.7500000000000000        4.0000000000000002E-004
   11.500000000000000        2.7500000000000000        4.0000000000000002E-004
   3.2500000000000000        3.0000000000000000        4.0000000000000002E-004
   3.5000000000000000        3.0000000000000000        4.0000000000000002E-004
   3.7500000000000000        3.0000000000000000        1.6000000000000001E-003
   4.0000000000000000        3.0000000000000000        1.6000000000000001E-003
   4.2500000000000000        3.0000000000000000        2.8000000000000000E-003
   4.5000000000000000        3.0000000000000000        2.3999999999999998E-003
   4.7500000000000000        3.0000000000000000        3.2000000000000002E-003
   5.0000000000000000        3.0000000000000000        3.5999999999999999E-003
   5.2500000000000000        3.0000000000000000        5.1999999999999998E-003
   5.5000000000000000        3.0000000000000000        2.0000000000000000E-003
   5.7500000000000000        3.0000000000000000        8.0000000000000004E-004
   6.0000000000000000        3.0000000000000000        5.5999999999999999E-003
   6.2500000000000000        3.0000000000000000        8.0000000000000004E-004
   6.5000000000000000        3.0000000000000000        2.8000000000000000E-003
   6.7500000000000000        3.0000000000000000        2.8000000000000000E-003
   7.0000000000000000        3.0000000000000000        8.0000000000000004E-004
   7.2500000000000000        3.0000000000000000        4.0000000000000002E-004
   7.5000000000000000        3.0000000000000000        1.1999999999999999E-003
   7.7500000000000000        3.0000000000000000        1.1999999999999999E-003
   8.0000000000000000        3.0000000000000000        4.0000000000000002E-004
   8.2500000000000000        3.0000000000000000        1.1999999999999999E-003
   8.5000000000000000        3.0000000000000000        8.0000000000000004E-004
   8.7500000000000000        3.0000000000000000        4.0000000000000002E-004
   9.2500000000000000        3.0000000000000000        4.0000000000000002E-004
   9.5000000000000000        3.0000000000000000        8.0000000000000004E-004
   10.000000000000000        3.0000000000000000        4.0000000000000002E-004
   10.250000000000000        3.0000000000000000        4.0000000000000002E-004
   10.500000000000000        3.0000000000000000        4.0000000000000002E-004
   10.750000000000000        3.0000000000000000        4.0000000000000002E-004
   3.5000000000000000        3.2500000000000000        2.3999999999999998E-003
   3.7500000000000000        3.2500000000000000        1.1999999999999999E-003
   4.0000000000000000        3.2500000000000000        2.3999999999999998E-003
   4.2500000000000000        3.2500000000000000        2.0000000000000000E-003
   4.5000000000000000        3.2500000000000000        2.3999999999999998E-003
   4.7500000000000000        3.2500000000000000        1.1999999999999999E-003
   5.0000000000000000        3.2500000000000000        1.6000000000000001E-003
   5.2500000000000000        3.2500000000000000        3.2000000000000002E-003
   5.5000000000000000        3.2500000000000000        1.1999999999999999E-003
   5.7500000000000000        3.2500000000000000        2.0000000000000000E-003
   6.0000000000000000        3.2500000000000000        2.8000000000000000E-003
   6.2500000000000000        3.2500000000000000        1.6000000000000001E-003
   6.5000000000000000        3.2500000000000000        1.6000000000000001E-003
   6.7500000000000000        3.2500000000000000        4.4000000000000003E-003
   7.0000000000000000        3.2500000000000000        2.8000000000000000E-003
   7.2500000000000000        3.2500000000000000        1.6000000000000001E-003
   7.5000000000000000        3.2500000000000000        2.0000000000000000E-003
   7.7500000000000000        3.2500000000000000        1.6000000000000001E-003
   8.0000000000000000        3.2500000000000000        1.1999999999999999E-003
   8.2500000000000000        3.2500000000000000        1.1999999999999999E-003
   8.5000000000000000        3.2500000000000000        4.0000000000000002E-004
   8.7500000000000000        3.2500000000000000        8.0000000000000004E-004
   9.2500000000000000        3.2500000000000000        4.0000000000000002E-004
   9.7500000000000000        3.2500000000000000        8.0000000000000004E-004
   10.250000000000000        3.2500000000000000        4.0000000000000002E-004
   10.500000000000000        3.2500000000000000        4.0000000000000002E-004
   10.750000000000000        3.2500000000000000        4.0000000000000002E-004
   3.7500000000000000        3.5000000000000000        1.1999999999999999E-003
   4.0000000000000000        3.5000000000000000        8.0000000000000004E-004
   4.2500000000000000        3.5000000000000000        2.3999999999999998E-003
   4.5000000000000000        3.5000000000000000        2.0000000000000000E-003
   4.7500000000000000        3.5000000000000000        1.1999999999999999E-003
   5.0000000000000000        3.5000000000000000        4.0000000000000002E-004
   5.2500000000000000        3.5000000000000000        8.0000000000000004E-004
   5.5000000000000000        3.5000000000000000        1.1999999999999999E-003
   5.7500000000000000        3.5000000000000000        2.0000000000000000E-003
   6.0000000000000000        3.5000000000000000        2.0000000000000000E-003
   6.2500000000000000        3.5000000000000000        2.3999999999999998E-003
   6.5000000000000000        3.5000000000000000        2.0000000000000000E-003
   6.7500000000000000        3.5000000000000000        2.0000000000000000E-003
   7.0000000000000000        3.5000000000000000        2.8000000000000000E-003
   7.2500000000000000        3.5000000000000000        8.0000000000000004E-004
   7.5000000000000000        3.5000000000000000        4.0000000000000002E-004
   7.7500000000000000        3.5000000000000000        2.0000000000000000E-003
   8.2500000000000000        3.5000000000000000        8.0000000000000004E-004
   8.7500000000000000        3.5000000000000000        4.0000000000000002E-004
   9.2500000000000000        3.5000000000000000        4.0000000000000002E-004
   4.2500000000000000        3.7500000000000000        8.0000000000000004E-004
   4.5000000000000000        3.7500000000000000        8.0000000000000004E-004
   4.7500000000000000        3.7500000000000000        2.0000000000000000E-003
   5.0000000000000000        3.7500000000000000        1.1999999999999999E-003
   5.2500000000000000        3.7500000000000000        1.1999999999999999E-003
   5.5000000000000000        3.7500000000000000        8.0000000000000004E-004
   5.7500000000000000        3.7500000000000000        2.0000000000000000E-003
   6.0000000000000000        3.7500000000000000        4.0000000000000002E-004
   6.2500000000000000        3.7500000000000000        1.1999999999999999E-003
   6.5000000000000000        3.7500000000000000        8.0000000000000004E-004
   6.7500000000000000        3.7500000000000000        1.1999999999999999E-003
   7.0000000000000000        3.7500000000000000        1.6000000000000001E-003
   7.2500000000000000        3.7500000000000000        8.0000000000000004E-004
   7.5000000000000000        3.7500000000000000        8.0000000000000004E-004
   8.0000000000000000        3.7500000000000000        8.0000000000000004E-004
   8.2500000000000000        3.7500000000000000        4.0000000000000002E-004
   8.5000000000000000        3.7500000000000000        8.0000000000000004E-004
   8.7500000000000000        3.7500000000000000        4.0000000000000002E-004
   9.0000000000000000        3.7500000000000000        4.0000000000000002E-004
   9.2500000000000000        3.7500000000000000        4.0000000000000002E-004
   9.5000000000000000        3.7500000000000000        4.0000000000000002E-004
   9.7500000000000000        3.7500000000000000        4.0000000000000002E-004
   10.000000000000000        3.7500000000000000        4.0000000000000002E-004
   11.000000000000000        3.7500000000000000        4.0000000000000002E-004
   11.750000000000000        3.7500000000000000        8.0000000000000004E-004
   4.2500000000000000        4.0000000000000000        4.0000000000000002E-004
   4.5000000000000000        4.0000000000000000        1.1999999999999999E-003
   4.7500000000000000        4.0000000000000000        8.0000000000000004E-004
   5.0000000000000000        4.0000000000000000        4.0000000000000002E-004
   5.2500000000000000        4.0000000000000000        1.1999999999999999E-003
   5.5000000000000000        4.0000000000000000        1.6000000000000001E-003
   5.7500000000000000        4.0000000000000000        4.0000000000000002E-004
   6.0000000000000000        4.0000000000000000        1.1999999999999999E-003
   6.5000000000000000        4.0000000000000000        1.1999999999999999E-003
   6.7500000000000000        4.0000000000000000        8.0000000000000004E-004
   7.0000000000000000        4.0000000000000000        8.0000000000000004E-004
   7.2500000000000000        4.0000000000000000        4.0000000000000002E-004
   7.5000000000000000        4.0000000000000000        4.0000000000000002E-004
   8.0000000000000000        4.0000000000000000        1.1999999999999999E-003
   8.2500000000000000        4.0000000000000000        4.0000000000000002E-004
   8.5000000000000000        4.0000000000000000        8.0000000000000004E-004
   9.0000000000000000        4.0000000000000000        4.0000000000000002E-004
   9.2500000000000000        4.0000000000000000        4.0000000000000002E-004
   9.5000000000000000        4.0000000000000000        4.0000000000000002E-004
   9.7500000000000000        4.0000000000000000        4.0000000000000002E-004
   10.500000000000000        4.0000000000000000        4.0000000000000002E-004
   12.750000000000000        4.0000000000000000        4.0000000000000002E-004
   4.7500000000000000        4.2500000000000000        8.0000000000000004E-004
   5.2500000000000000        4.2500000000000000        2.3999999999999998E-003
   5.5000000000000000        4.2500000000000000        4.0000000000000002E-004
   5.7500000000000000        4.2500000000000000        8.0000000000000004E-004
   6.0000000000000000        4.2500000000000000        1.1999999999999999E-003
   6.2500000000000000        4.2500000000000000        8.0000000000000004E-004
   6.5000000000000000        4.2500000000000000        4.0000000000000002E-004
   6.7500000000000000        4.2500000000000000        8.0000000000000004E-004
   7.0000000000000000        4.2500000000000000        8.0000000000000004E-004
   7.2500000000000000        4.2500000000000000        8.0000000000000004E-004
   7.5000000000000000        4.2500000000000000        4.0000000000000002E-004
   8.7500000000000000        4.2500000000000000        8.0000000000000004E-004
   9.0000000000000000        4.2500000000000000        4.0000000000000002E-004
   9.2500000000000000        4.2500000000000000        4.0000000000000002E-004
   5.2500000000000000        4.5000000000000000        8.0000000000000004E-004
   6.0000000000000000        4.5000000000000000        8.0000000000000004E-004
   6.2500000000000000        4.5000000000000000        4.0000000000000002E-004
   6.5000000000000000        4.5000000000000000        1.1999999999999999E-003
   7.0000000000000000        4.5000000000000000        8.0000000000000004E-004
   7.2500000000000000        4.5000000000000000        4.0000000000000002E-004
   7.7500000000000000        4.5000000000000000        4.0000000000000002E-004
   8.2500000000000000        4.5000000000000000        4.0000000000000002E-004
   9.2500000000000000        4.5000000000000000        4.0000000000000002E-004
   5.2500000000000000        4.7500000000000000        4.0000000000000002E-004
   5.5000000000000000        4.7500000000000000        4.0000000000000002E-004
   6.0000000000000000        4.7500000000000000        4.0000000000000002E-004
   6.5000000000000000        4.7500000000000000        2.0000000000000000E-003
   6.7500000000000000        4.7500000000000000        8.0000000000000004E-004
   7.0000000000000000        4.7500000000000000        8.0000000000000004E-004
   7.2500000000000000        4.7500000000000000        4.0000000000000002E-004
   7.5000000000000000        4.7500000000000000        4.0000000000000002E-004
   8.0000000000000000        4.7500000000000000        8.0000000000000004E-004
   8.2500000000000000        4.7500000000000000        4.0000000000000002E-004
   9.2500000000000000        4.7500000000000000        4.0000000000000002E-004
   10.250000000000000        4.7500000000000000        4.0000000000000002E-004
   11.000000000000000        4.7500000000000000        4.0000000000000002E-004
   5.5000000000000000        5.0000000000000000        4.0000000000000002E-004
   5.7500000000000000        5.0000000000000000        4.0000000000000002E-004
   6.0000000000000000        5.0000000000000000        1.1999999999999999E-003
   6.2500000000000000        5.0000000000000000        4.0000000000000002E-004
   6.7500000000000000        5.0000000000000000        4.0000000000000002E-004
   8.5000000000000000        5.0000000000000000        4.0000000000000002E-004
   8.7500000000000000        5.0000000000000000        4.0000000000000002E-004
   10.250000000000000        5.0000000000000000        4.0000000000000002E-004
   11.750000000000000        5.0000000000000000        4.0000000000000002E-004
   5.5000000000000000        5.2500000000000000        4.0000000000000002E-004
   6.7500000000000000        5.2500000000000000        4.0000000000000002E-004
   7.7500000000000000        5.2500000000000000        4.0000000000000002E-004
   5.7500000000000000        5.5000000000000000        8.0000000000000004E-004
   8.2500000000000000        5.5000000000000000        8.0000000000000004E-004
   6.7500000000000000        5.7500000000000000        4.0000000000000002E-004
   7.0000000000000000        5.7500000000000000        1.1999999999999999E-003
   8.0000000000000000        5.7500000000000000        4.0000000000000002E-004
   8.5000000000000000        5.7500000000000000        4.0000000000000002E-004
   10.750000000000000        5.7500000000000000        4.0000000000000002E-004
   8.7500000000000000        6.2500000000000000        4.0000000000000002E-004
   10.750000000000000        6.2500000000000000        4.0000000000000002E-004
   9.5000000000000000        6.7500000000000000        4.0000000000000002E-004
