   3.1256104707933448E-002  0.37571525855597782       0.10695358808268009     
   3.1256104707933448E-002  0.37571525855597782       0.10695358808268009     
   6.2512209415866896E-002  0.37581029407066724       0.10684431275700793     
   9.3768314123800350E-002  0.37590983788831422       0.10673217845749083     
  0.12502441883173379       0.37601831343952019       0.10662535710171628     
  0.15628052353966723       0.37613939231921667       0.10652020272604595     
  0.18753662824760070       0.37625994084324116       0.10641541988269855     
  0.21879273295553414       0.37637091372273784       0.10631006248614391     
  0.25004883766346758       0.37648589346851097       0.10620609465043519     
  0.28130494237140102       0.37660094087002494       0.10610157344956604     
  0.31256104707933446       0.37671502659157285       0.10599871058397685     
  0.34381715178726791       0.37682813481434246       0.10589602546148158     
  0.37507325649520140       0.37693631515521581       0.10579407865181602     
  0.40632936120313484       0.37705081362879889       0.10569350684516746     
  0.43758546591106828       0.37716965810256936       0.10559416075549045     
  0.46884157061900172       0.37730824362318011       0.10549728437517020     
  0.50009767532693516       0.37746946087106154       0.10540181778446618     
  0.53135378003486866       0.37766064509300667       0.10531032830318390     
  0.56260988474280205       0.37784609477013092       0.10521429299684262     
  0.59386598945073554       0.37803411135526660       0.10511909586004253     
  0.62512209415866893       0.37821222773606944       0.10502322653492656     
  0.65637819886660242       0.37838139412586119       0.10492412848666645     
  0.68763430357453581       0.37854244658933073       0.10482482876440292     
  0.71889040828246931       0.37868975256081183       0.10472277882466072     
  0.75014651299040280       0.37883991738477191       0.10462125422248503     
  0.78140261769833619       0.37900482685347103       0.10452192811585857     
  0.81265872240626968       0.37914740818124026       0.10442613654919555     
  0.84391482711420307       0.37927945540084401       0.10433095264671033     
  0.87517093182213657       0.37941079519419857       0.10423643663140776     
  0.90642703653006995       0.37952897411200570       0.10414054297818311     
  0.93768314123800345       0.37963307795636941       0.10404433608422121     
  0.96893924594593683       0.37972834749377082       0.10394943053602002     
   1.0001953506538703       0.37982702301341653       0.10385458646947786     
   1.0314514553618037       0.37993293147727869       0.10375939736500661     
   1.0627075600697373       0.38003360372452860       0.10366479712211851     
   1.0939636647776707       0.38014093722699666       0.10357392876204255     
   1.1252197694856041       0.38026135133777805       0.10348613868141199     
   1.1564758741935375       0.38037539056346986       0.10339953690836919     
   1.1877319789014711       0.38049452302815956       0.10331796582410696     
   1.2189880836094045       0.38062031342794000       0.10324279630841682     
   1.2502441883173379       0.38074279023686575       0.10316873734973517     
   1.2815002930252715       0.38086337670368914       0.10309610382649305     
   1.3127563977332048       0.38099389575081960       0.10302717478104026     
   1.3440125024411382       0.38112843409438280       0.10295852620554147     
   1.3752686071490716       0.38126724719086669       0.10289001032913379     
   1.4065247118570052       0.38141640626301682       0.10282550447749154     
   1.4377808165649386       0.38156849398802672       0.10276389833521880     
   1.4690369212728720       0.38173106312768290       0.10270341582021206     
   1.5002930259808056       0.38188982577221631       0.10264710219939463     
   1.5315491306887390       0.38205388260684975       0.10259107448257873     
   1.5628052353966724       0.38221946835791742       0.10253369093211033     
   1.5940613401046058       0.38238095267849864       0.10247845944370081     
   1.6253174448125394       0.38253864966465789       0.10242580597135729     
   1.6565735495204728       0.38269353042059767       0.10237921648015834     
   1.6878296542284061       0.38285083910350215       0.10233574912706027     
   1.7190857589363395       0.38300789719421907       0.10229304679703612     
   1.7503418636442731       0.38316710960791633       0.10225115094871548     
   1.7815979683522065       0.38331560677695559       0.10220679714328781     
   1.8128540730601399       0.38346262100260770       0.10216309886687935     
   1.8441101777680735       0.38360722626099164       0.10211906969964982     
   1.8753662824760069       0.38376160712610530       0.10207642883995412     
   1.9066223871839403       0.38391691769887137       0.10203357645452234     
   1.9378784918918737       0.38407496514628942       0.10198818229095162     
   1.9691345965998073       0.38422584320987724       0.10194496628635115     
   2.0003907013077407       0.38436068871845919       0.10190318631105909     
   2.0316468060156740       0.38449027918190243       0.10186152033673515     
   2.0629029107236074       0.38464274234784041       0.10182463886547806     
   2.0941590154315408       0.38479394379084403       0.10178736973107338     
   2.1254151201394746       0.38494908847228121       0.10175337372303236     
   2.1566712248474080       0.38510984894584271       0.10172233418953179     
   2.1879273295553414       0.38526581048827474       0.10169173795832753     
   2.2191834342632748       0.38542555176315252       0.10166008415355697     
   2.2504395389712082       0.38561075566559960       0.10163274641796871     
   2.2816956436791416       0.38579588360960942       0.10160362145537714     
   2.3129517483870750       0.38599027463942587       0.10157644344673407     
   2.3442078530950088       0.38618225357182923       0.10155106351259953     
   2.3754639578029422       0.38637020741226336       0.10152526132110842     
   2.4067200625108756       0.38656479114814846       0.10150066249288237     
   2.4379761672188089       0.38674692262396398       0.10147326011963233     
   2.4692322719267423       0.38692583773142131       0.10144682520022644     
   2.5004883766346757       0.38710542087565075       0.10141910535971393     
   2.5317444813426091       0.38728729959173042       0.10139021798520553     
   2.5630005860505429       0.38745972677085827       0.10136197060145440     
   2.5942566907584763       0.38762672057845265       0.10133524200648128     
   2.6255127954664097       0.38779846735696999       0.10130786267158003     
   2.6567689001743431       0.38795890674042544       0.10127764949979551     
   2.6880250048822765       0.38811922737924714       0.10124496031242604     
   2.7192811095902099       0.38827807688295846       0.10121371268387881     
   2.7505372142981432       0.38843677763933149       0.10118173493335815     
   2.7817933190060771       0.38859602738093613       0.10114790900602022     
   2.8130494237140105       0.38876395095315586       0.10111416912377097     
   2.8443055284219438       0.38892125151547202       0.10107650687088092     
   2.8755616331298772       0.38907631019942340       0.10103489454856655     
   2.9068177378378106       0.38923044632300219       0.10099279907554780     
   2.9380738425457440       0.38937845249631903       0.10094737614613139     
   2.9693299472536774       0.38951446022274627       0.10090291544565501     
   3.0005860519616112       0.38965410317131616       0.10085511278422847     
   3.0318421566695446       0.38980222214590365       0.10080494878879244     
   3.0630982613774780       0.38994973291735924       0.10075302000816488     
   3.0943543660854114       0.39010423321910304       0.10069956470348015     
   3.1256104707933448       0.39026713326362478       0.10064734193572171     
   3.1568665755012781       0.39044566108827672       0.10059687529123226     
   3.1881226802092115       0.39064118345104848       0.10054695723211651     
   3.2193787849171449       0.39083481218064614       0.10049674257584973     
   3.2506348896250787       0.39103338738910154       0.10044699479419102     
   3.2818909943330121       0.39122129914666748       0.10039751847710746     
   3.3131470990409455       0.39140882538706534       0.10034548570897826     
   3.3444032037488789       0.39160286267517230       0.10029265321962118     
   3.3756593084568123       0.39180559564161133       0.10023965520443680     
   3.4069154131647457       0.39200896509582461       0.10018472980302620     
   3.4381715178726791       0.39219935990862242       0.10012994619599147     
   3.4694276225806129       0.39238114675636543       0.10007506181950254     
   3.5006837272885463       0.39256586162160828       0.10002003561035128     
   3.5319398319964797       0.39275791199025128        9.9963152240298905E-002
   3.5631959367044130       0.39294955243157403        9.9906397609109063E-002
   3.5944520414123464       0.39313838139001933        9.9849872254161712E-002
   3.6257081461202798       0.39333276560132818        9.9792210460066436E-002
   3.6569642508282132       0.39353484452720283        9.9737155563993013E-002
   3.6882203555361470       0.39373359347790565        9.9679228521076427E-002
   3.7194764602440804       0.39394475473873197        9.9625561428154485E-002
   3.7507325649520138       0.39415950105195224        9.9569953215873766E-002
   3.7819886696599472       0.39436472976829057        9.9514561136313115E-002
   3.8132447743678806       0.39455530539366790        9.9454833919660979E-002
   3.8445008790758139       0.39472955299980356        9.9393577805835062E-002
   3.8757569837837473       0.39489914163525064        9.9332885067094451E-002
   3.9070130884916812       0.39505161565020097        9.9268677583272097E-002
   3.9382691931996145       0.39519488166284278        9.9203349914912642E-002
   3.9695252979075479       0.39532755406159292        9.9137864148949373E-002
   4.0007814026154813       0.39546428808729217        9.9068863331955262E-002
   4.0320375073234151       0.39560938450622540        9.9001980112622484E-002
   4.0632936120313481       0.39576595437225964        9.8933820479712747E-002
   4.0945497167392819       0.39592001485910971        9.8863740070910491E-002
   4.1258058214472149       0.39606122031687968        9.8791078746444813E-002
   4.1570619261551487       0.39620823493910040        9.8718398942267194E-002
   4.1883180308630816       0.39639252698126509        9.8649007361337984E-002
   4.2195741355710155       0.39660707512332705        9.8579604097418241E-002
   4.2508302402789493       0.39681442232519681        9.8507663645468937E-002
   4.2820863449868822       0.39701691405913692        9.8437106548433406E-002
   4.3133424496948161       0.39722914725849179        9.8363765352605645E-002
   4.3445985544027490       0.39743688500261071        9.8287710867052680E-002
   4.3758546591106828       0.39764042007377609        9.8210598156911078E-002
   4.4071107638186158       0.39784689351826574        9.8133404764896875E-002
   4.4383668685265496       0.39804421002338114        9.8055124260631801E-002
   4.4696229732344834       0.39825073135811445        9.7977312553880369E-002
   4.5008790779424164       0.39846180032138023        9.7900815643842246E-002
   4.5321351826503502       0.39868237892268910        9.7823011336481705E-002
   4.5633912873582831       0.39889476405804847        9.7744206300400288E-002
   4.5946473920662170       0.39911224412020996        9.7667250950649875E-002
   4.6259034967741499       0.39933785067158090        9.7590802612812749E-002
   4.6571596014820837       0.39956044183390810        9.7512445898796873E-002
   4.6884157061900176       0.39977401737353896        9.7434000167652565E-002
   4.7196718108979505       0.39997508256007852        9.7351792762412917E-002
   4.7509279156058843       0.40017921655062644        9.7269911350044008E-002
   4.7821840203138173       0.40039380606084840        9.7188800363267450E-002
   4.8134401250217511       0.40062096143442016        9.7106390759084407E-002
   4.8446962297296841       0.40084065032050281        9.7025798346928122E-002
   4.8759523344376179       0.40106591969011601        9.6944687263055107E-002
   4.9072084391455517       0.40128743943242823        9.6861643274785178E-002
   4.9384645438534847       0.40149601681509922        9.6776443005282792E-002
   4.9697206485614185       0.40170112052986062        9.6691073224427965E-002
   5.0009767532693514       0.40190898209575898        9.6608397060821846E-002
   5.0322328579772853       0.40213954016403958        9.6528884327944472E-002
   5.0634889626852182       0.40236446008100840        9.6446529510146844E-002
   5.0947450673931520       0.40257078855255135        9.6362723874491213E-002
   5.1260011721010859       0.40274871122924277        9.6273057581037547E-002
   5.1572572768090188       0.40291292941447537        9.6180678883692902E-002
   5.1885133815169526       0.40308160284543187        9.6086566106123455E-002
   5.2197694862248856       0.40323044616447073        9.5988386354539074E-002
   5.2510255909328194       0.40334953895186909        9.5888474618838246E-002
   5.2822816956407523       0.40344332378928405        9.5791738837934279E-002
   5.3135378003486862       0.40353865688679341        9.5693569326366190E-002
   5.3447939050566200       0.40363580475097188        9.5594231014592745E-002
   5.3760500097645529       0.40372331699855657        9.5496172305798474E-002
   5.4073061144724868       0.40382822806053975        9.5401133193289980E-002
   5.4385622191804197       0.40394027818995759        9.5313711007736474E-002
   5.4698183238883535       0.40404191908481363        9.5227398214786749E-002
   5.5010744285962865       0.40414734474726310        9.5140598767687060E-002
   5.5323305333042203       0.40424433579587282        9.5052101141004999E-002
   5.5635866380121541       0.40435767703376474        9.4967177680792769E-002
   5.5948427427200871       0.40448779836974791        9.4880328649887033E-002
   5.6260988474280209       0.40462505795219256        9.4793396165464075E-002
   5.6573549521359539       0.40478452988716579        9.4706593487259280E-002
   5.6886110568438877       0.40494372649780708        9.4618713568795587E-002
   5.7198671615518206       0.40510693212588228        9.4528456729257720E-002
   5.7511232662597545       0.40527618867838855        9.4440519774188006E-002
   5.7823793709676883       0.40545660133588057        9.4352791803935618E-002
   5.8136354756756212       0.40564341128744791        9.4265220126753563E-002
   5.8448915803835551       0.40582972275220225        9.4176739450667041E-002
   5.8761476850914880       0.40601595100749294        9.4091100323470955E-002
   5.9074037897994218       0.40618164129352141        9.4001962511321799E-002
   5.9386598945073548       0.40633595638084169        9.3913472929487998E-002
   5.9699159992152886       0.40649458669501132        9.3825662090420897E-002
   6.0011721039232224       0.40664615299991164        9.3736084027223207E-002
   6.0324282086311554       0.40680874297592867        9.3648800743293070E-002
   6.0636843133390892       0.40697311193677188        9.3559753191325673E-002
   6.0949404180470221       0.40712754134901841        9.3467389635364398E-002
   6.1261965227549560       0.40727192800397777        9.3374209594432087E-002
   6.1574526274628889       0.40740499755998755        9.3285185962350053E-002
   6.1887087321708227       0.40752713552023573        9.3196013259746982E-002
   6.2199648368787557       0.40765102379260704        9.3106295478541018E-002
   6.2512209415866895       0.40779149950843846        9.3016782637781598E-002
   6.2824770462946233       0.40793342229702212        9.2927381480204144E-002
   6.3137331510025563       0.40808854211673468        9.2839202678976718E-002
   6.3449892557104901       0.40823486904965778        9.2750937711099435E-002
   6.3762453604184230       0.40836715219776643        9.2661053732730120E-002
   6.4075014651263569       0.40849616143048656        9.2569152099875221E-002
   6.4387575698342898       0.40862996330170165        9.2480553611498054E-002
   6.4700136745422236       0.40876657556923324        9.2390697309110065E-002
   6.5012697792501575       0.40889927045394586        9.2297781426466372E-002
   6.5325258839580904       0.40902820833297565        9.2205968576784064E-002
   6.5637819886660242       0.40915278094273849        9.2116313811547848E-002
   6.5950380933739572       0.40927874109789630        9.2029330510480456E-002
   6.6262941980818910       0.40939681542001916        9.1940106286643661E-002
   6.6575503027898240       0.40950441282992178        9.1851977059793324E-002
   6.6888064074977578       0.40962464081716632        9.1769149049739276E-002
   6.7200625122056916       0.40974878225275968        9.1686277066265739E-002
   6.7513186169136246       0.40986000580962445        9.1603141771226443E-002
   6.7825747216215584       0.40997693450478218        9.1520261759466329E-002
   6.8138308263294913       0.41008985873832787        9.1440059230557647E-002
   6.8450869310374252       0.41021068930913068        9.1359257706103272E-002
   6.8763430357453581       0.41033484751929045        9.1282243324383727E-002
   6.9075991404532919       0.41047258477410986        9.1205335495754256E-002
   6.9388552451612258       0.41060861687422701        9.1126185410490820E-002
   6.9701113498691587       0.41071175026420981        9.1045443983167149E-002
   7.0013674545770925       0.41079498923562180        9.0965196408447899E-002
   7.0326235592850255       0.41087295595768764        9.0884834752192320E-002
   7.0638796639929593       0.41095297295589406        9.0806959993277342E-002
   7.0951357687008922       0.41102059043831307        9.0729006698803752E-002
   7.1263918734088261       0.41108592824521228        9.0651013013095888E-002
   7.1576479781167599       0.41114783723081416        9.0573573778236327E-002
   7.1889040828246928       0.41121555902258061        9.0493662610840062E-002
   7.2201601875326267       0.41125954275845444        9.0408062384087357E-002
   7.2514162922405596       0.41129515257606519        9.0323055661282944E-002
   7.2826723969484934       0.41130651201498547        9.0238206063193258E-002
   7.3139285016564264       0.41131108880579775        9.0153494238094281E-002
   7.3451846063643602       0.41131589922136147        9.0070617819482487E-002
   7.3764407110722940       0.41132460644630225        8.9988602859407976E-002
   7.4076968157802270       0.41134639454255950        8.9908542869371333E-002
   7.4389529204881608       0.41136130850331526        8.9827894641887687E-002
   7.4702090251960938       0.41137639931709918        8.9747266510330007E-002
   7.5014651299040276       0.41139491323796812        8.9665696301774636E-002
   7.5327212346119605       0.41139987556622293        8.9581372825493027E-002
   7.5639773393198944       0.41139251564823837        8.9498609950028396E-002
   7.5952334440278282       0.41138851592691544        8.9413556457149046E-002
   7.6264895487357611       0.41137471358726241        8.9328208177241950E-002
   7.6577456534436950       0.41135087831233069        8.9242487700869247E-002
   7.6890017581516279       0.41132183074176021        8.9157632133842965E-002
   7.7202578628595617       0.41129239217523145        8.9071476119018583E-002
   7.7515139675674947       0.41126893221699495        8.8984215988330645E-002
   7.7827700722754285       0.41125726944272439        8.8899661849674169E-002
   7.8140261769833623       0.41122572872443691        8.8812824601326459E-002
   7.8452822816912953       0.41117913059862959        8.8724471316758355E-002
   7.8765383863992291       0.41112188134014804        8.8636858579804259E-002
   7.9077944911071620       0.41106181970218786        8.8552399625685063E-002
   7.9390505958150959       0.41101410699449736        8.8469619187364693E-002
   7.9703067005230288       0.41097648463807562        8.8391262348445826E-002
   8.0015628052309626       0.41095225766649074        8.8314844171029194E-002
   8.0328189099388965       0.41095875029360951        8.8238803084455517E-002
   8.0640750146468303       0.41096709957505945        8.8163590195229596E-002
   8.0953311193547624       0.41096454266044002        8.8088744474968950E-002
   8.1265872240626962       0.41095827864654727        8.8013164445462228E-002
   8.1578433287706300       0.41093065918010807        8.7934225902882121E-002
   8.1890994334785638       0.41091947194190426        8.7856818030193712E-002
   8.2203555381864959       0.41092086105786996        8.7781166537936287E-002
   8.2516116428944297       0.41092508591723570        8.7705791645207559E-002
   8.2828677476023636       0.41092234310167425        8.7629405820275161E-002
   8.3141238523102974       0.41093288716406107        8.7555850549833045E-002
   8.3453799570182312       0.41094522121421306        8.7481413716842968E-002
   8.3766360617261633       0.41095624541584674        8.7405700102265865E-002
   8.4078921664340971       0.41097705149646518        8.7333704793836203E-002
   8.4391482711420309       0.41101228408336499        8.7262855212052209E-002
   8.4704043758499648       0.41105847921007133        8.7193441590395895E-002
   8.5016604805578986       0.41111070179533571        8.7125249225944432E-002
   8.5329165852658306       0.41117158935814552        8.7055010904701122E-002
   8.5641726899737645       0.41125562017106138        8.6989029711931481E-002
   8.5954287946816983       0.41133435388367134        8.6923213625021589E-002
   8.6266848993896321       0.41141596909552935        8.6858866581619870E-002
   8.6579410040975642       0.41151038619735436        8.6796395133784121E-002
   8.6891971088054980       0.41161521487561914        8.6736248439001559E-002
   8.7204532135134318       0.41172146645492302        8.6675975025146693E-002
   8.7517093182213657       0.41181730299505326        8.6616942615859907E-002
   8.7829654229292995       0.41190321151321757        8.6560793933714936E-002
   8.8142215276372315       0.41197839835971461        8.6504088398239462E-002
   8.8454776323451654       0.41204409190924990        8.6448110082741614E-002
   8.8767337370530992       0.41211198831437990        8.6393850246883327E-002
   8.9079898417610330       0.41218981161839763        8.6343501486266017E-002
   8.9392459464689669       0.41228736756703904        8.6293147514804353E-002
   8.9705020511768989       0.41238450248630826        8.6243410958411065E-002
   9.0017581558848327       0.41247252469963852        8.6192601095512619E-002
   9.0330142605927666       0.41257046785287482        8.6141213701238187E-002
   9.0642703653007004       0.41267079665815692        8.6091233127660108E-002
   9.0955264700086325       0.41276534166282947        8.6039967926968650E-002
   9.1267825747165663       0.41286076723489978        8.5990746076441429E-002
   9.1580386794245001       0.41295420656196757        8.5939489616686904E-002
   9.1892947841324339       0.41304263771927924        8.5887329924114186E-002
   9.2205508888403678       0.41312082156201213        8.5834767163848941E-002
   9.2518069935482998       0.41320863698260230        8.5781459366609358E-002
   9.2830630982562337       0.41331306023130698        8.5728234165669687E-002
   9.3143192029641675       0.41341332276558285        8.5674209729597398E-002
   9.3455753076721013       0.41351675366619645        8.5620899114929677E-002
   9.3768314123800351       0.41363474679264783        8.5566734713274875E-002
   9.4080875170879672       0.41376434463048883        8.5512556949295895E-002
   9.4393436217959010       0.41391229234787735        8.5457500920318910E-002
   9.4705997265038349       0.41407400377176556        8.5402832693753594E-002
   9.5018558312117687       0.41424731676645787        8.5347393303248059E-002
   9.5331119359197007       0.41439503647670700        8.5289806564981460E-002
   9.5643680406276346       0.41453332906240536        8.5232231944214795E-002
   9.5956241453355684       0.41466526840254619        8.5174455705407062E-002
   9.6268802500435022       0.41479468823726268        8.5114216907332452E-002
   9.6581363547514361       0.41492972512584320        8.5054029001025905E-002
   9.6893924594593681       0.41507352445613643        8.4994474643101017E-002
   9.7206485641673019       0.41523803003293863        8.4935790280977530E-002
   9.7519046688752358       0.41540117867064774        8.4874517638149558E-002
   9.7831607735831696       0.41558451585698458        8.4813944533676938E-002
   9.8144168782911034       0.41577421309687906        8.4751603918686705E-002
   9.8456729829990355       0.41595195026482168        8.4687252728798026E-002
   9.8769290877069693       0.41612384895059384        8.4622079046127938E-002
   9.9081851924149031       0.41630193289664091        8.4557176487597252E-002
   9.9394412971228370       0.41647174171045642        8.4493802894235109E-002
   9.9706974018307690       0.41665083669167408        8.4428941005811622E-002
   10.001953506538703       0.41682504418631022        8.4361418724244353E-002
   10.033209611246637       0.41701493902965020        8.4296677966939473E-002
   10.064465715954571       0.41720392234918829        8.4228165918333250E-002
   10.095721820662504       0.41737683672562487        8.4157122493002931E-002
   10.126977925370436       0.41753358532291224        8.4086100940582428E-002
   10.158234030078370       0.41768771570081054        8.4015946574836742E-002
   10.189490134786304       0.41782546949039917        8.3943866096918313E-002
   10.220746239494238       0.41794000092830286        8.3871874059874729E-002
   10.252002344202172       0.41804585674378075        8.3801150508889435E-002
   10.283258448910104       0.41813303711064392        8.3730528750249111E-002
   10.314514553618038       0.41821807657486942        8.3658536716362669E-002
   10.345770658325971       0.41830851178989586        8.3586792662074000E-002
   10.377026763033905       0.41839966298194142        8.3515914202491257E-002
   10.408282867741837       0.41849787330270966        8.3444555003835325E-002
   10.439538972449771       0.41858231004716345        8.3369707913184252E-002
   10.470795077157705       0.41865909857010586        8.3295505577513751E-002
   10.502051181865639       0.41873734395454493        8.3222538652350311E-002
   10.533307286573573       0.41881927446348055        8.3147752295970309E-002
   10.564563391281505       0.41892304766123173        8.3072027513600599E-002
   10.595819495989439       0.41902202406804628        8.2994356321764357E-002
   10.627075600697372       0.41912256494800870        8.2917704790952410E-002
   10.658331705405306       0.41921548597437086        8.2841687457974406E-002
   10.689587810113240       0.41930161015963857        8.2764946757474950E-002
   10.720843914821172       0.41938351901415838        8.2685476260648802E-002
   10.752100019529106       0.41948541722893840        8.2604714010141869E-002
   10.783356124237040       0.41959317999761758        8.2523844136235772E-002
   10.814612228944974       0.41970115555531684        8.2440664762693461E-002
   10.845868333652906       0.41980881881828475        8.2358958252649897E-002
   10.877124438360839       0.41992334313249530        8.2276418554422068E-002
   10.908380543068773       0.42001761655615499        8.2193340153648931E-002
   10.939636647776707       0.42009586578062663        8.2108776063534158E-002
   10.970892752484641       0.42017306858693937        8.2023203390303584E-002
   11.002148857192573       0.42024546850546651        8.1937629228052325E-002
   11.033404961900507       0.42033211375739649        8.1852581291906409E-002
   11.064661066608441       0.42043079996835497        8.1765846042876941E-002
   11.095917171316374       0.42055437729853645        8.1681295398176854E-002
   11.127173276024308       0.42067019647317977        8.1593892038516483E-002
   11.158429380732240       0.42076829238323143        8.1506562941203092E-002
   11.189685485440174       0.42085547668752116        8.1416216207456232E-002
   11.220941590148108       0.42093597779364161        8.1323929127058256E-002
   11.252197694856042       0.42101366453248695        8.1231917725231306E-002
   11.283453799563974       0.42108614811834449        8.1139214139110349E-002
   11.314709904271908       0.42117915662476335        8.1049503312765517E-002
   11.345966008979842       0.42129306853821580        8.0963727446754785E-002
   11.377222113687775       0.42141181380909676        8.0878565235693492E-002
   11.408478218395709       0.42153198009161413        8.0794193628253699E-002
   11.439734323103641       0.42164961008803420        8.0711356220969394E-002
   11.470990427811575       0.42177622747253418        8.0627360367318629E-002
   11.502246532519509       0.42191068528539427        8.0546120263316465E-002
   11.533502637227443       0.42205681026575192        8.0466220766179333E-002
   11.564758741935377       0.42221349076494141        8.0388804788130402E-002
   11.596014846643309       0.42238153103947135        8.0311569852930642E-002
   11.627270951351242       0.42255386056329591        8.0230478505669944E-002
   11.658527056059176       0.42271275451768670        8.0147034351858978E-002
   11.689783160767110       0.42287353194598271        8.0062423571018171E-002
   11.721039265475042       0.42302899532915617        7.9977695209938846E-002
   11.752295370182976       0.42319120745741240        7.9894023111553081E-002
   11.783551474890910       0.42333646482493670        7.9809874530158351E-002
   11.814807579598844       0.42348469844664433        7.9725395467408935E-002
   11.846063684306777       0.42363111054245767        7.9640557697033654E-002
   11.877319789014710       0.42379088857646074        7.9557352304498702E-002
   11.908575893722643       0.42396837938217552        7.9476153524903920E-002
   11.939831998430577       0.42414119852472087        7.9393002835164816E-002
   11.971088103138511       0.42431704516098778        7.9309982067895038E-002
   12.002344207846445       0.42449612280002774        7.9226233950859815E-002
   12.033600312554377       0.42467824760327783        7.9142009699118679E-002
   12.064856417262311       0.42487116948761378        7.9057990200876643E-002
   12.096112521970245       0.42506473403894468        7.8973789878383410E-002
   12.127368626678178       0.42523746963204112        7.8885000288506729E-002
   12.158624731386110       0.42540927767941611        7.8799727875517631E-002
   12.189880836094044       0.42558108411142548        7.8714313644955902E-002
   12.221136940801978       0.42574619055514440        7.8627354848354258E-002
   12.252393045509912       0.42589691317413664        7.8538292657950745E-002
   12.283649150217846       0.42603598539969206        7.8449745153338468E-002
   12.314905254925778       0.42616171127309455        7.8359326044777175E-002
   12.346161359633712       0.42628389520428855        7.8267248981406176E-002
   12.377417464341645       0.42640403070039329        7.8173920620258366E-002
   12.408673569049579       0.42652109727800752        7.8079019092364768E-002
   12.439929673757511       0.42664077973184705        7.7982984985667247E-002
   12.471185778465445       0.42675280342162353        7.7885754794223161E-002
   12.502441883173379       0.42686492489106748        7.7788160218531147E-002
   12.533697987881313       0.42696992100097358        7.7689132503829333E-002
   12.564954092589247       0.42706474743394346        7.7590899507495786E-002
   12.596210197297179       0.42715573247394495        7.7491956370126208E-002
   12.627466302005113       0.42725621799750207        7.7394477814557841E-002
   12.658722406713046       0.42736030056208346        7.7297571384718738E-002
   12.689978511420980       0.42748825219474329        7.7201937979798615E-002
   12.721234616128914       0.42761988418457220        7.7104261049495429E-002
   12.752490720836846       0.42776736090298939        7.7007995174057556E-002
   12.783746825544780       0.42791763119309345        7.6912328596830268E-002
   12.815002930252714       0.42807123453224932        7.6817296082269393E-002
   12.846259034960648       0.42823021852735221        7.6722649746212027E-002
   12.877515139668580       0.42840137306332410        7.6627987335621123E-002
   12.908771244376513       0.42856833549913537        7.6530120566470711E-002
   12.940027349084447       0.42873745928343143        7.6431348773209229E-002
   12.971283453792381       0.42891290191858750        7.6333422334046788E-002
   13.002539558500315       0.42908006903645873        7.6235824380408101E-002
   13.033795663208247       0.42921930930101027        7.6135941916020813E-002
   13.065051767916181       0.42937134994070486        7.6036738921013050E-002
   13.096307872624115       0.42953190551779774        7.5936302466008312E-002
   13.127563977332048       0.42969190685407410        7.5833724452136694E-002
   13.158820082039982       0.42984988050282547        7.5729867695537842E-002
   13.190076186747914       0.43001139872760624        7.5625883308961320E-002
   13.221332291455848       0.43018058612254817        7.5522754733978029E-002
   13.252588396163782       0.43036634633644227        7.5420723690275943E-002
   13.283844500871716       0.43055010527612148        7.5319485160480537E-002
   13.315100605579648       0.43075444859067713        7.5220427449850816E-002
   13.346356710287582       0.43097158385184620        7.5122115398983808E-002
   13.377612814995516       0.43117444231747065        7.5020841352280945E-002
   13.408868919703449       0.43136376844988572        7.4921150274884149E-002
   13.440125024411383       0.43155908208686150        7.4824583115114085E-002
   13.471381129119315       0.43174965087051526        7.4728427031134942E-002
   13.502637233827249       0.43194768365014252        7.4634890118819200E-002
   13.533893338535183       0.43215281199375349        7.4542184839468797E-002
   13.565149443243117       0.43236077694119601        7.4450949930483526E-002
   13.596405547951051       0.43256525693885106        7.4362370572985559E-002
   13.627661652658983       0.43277459642681504        7.4275650813497546E-002
   13.658917757366916       0.43296140142416834        7.4185994120023593E-002
   13.690173862074850       0.43313995014148704        7.4100290019952747E-002
   13.721429966782784       0.43331777594307502        7.4019388835160085E-002
   13.752686071490716       0.43351688819040912        7.3941341140520742E-002
   13.783942176198650       0.43371887306915308        7.3864592674191681E-002
   13.815198280906584       0.43390779936778678        7.3787112764627710E-002
   13.846454385614518       0.43410011318303632        7.3712502485935180E-002
   13.877710490322452       0.43430981091965359        7.3639006690590661E-002
   13.908966595030384       0.43451763968084117        7.3565247909308212E-002
   13.940222699738317       0.43472843088722291        7.3494679263588381E-002
   13.971478804446251       0.43494207098690885        7.3422725016568824E-002
   14.002734909154185       0.43516390645594394        7.3353007857145242E-002
   14.033991013862119       0.43540538323999178        7.3284181936225559E-002
   14.065247118570051       0.43563817120126441        7.3212519243557386E-002
   14.096503223277985       0.43586284101158879        7.3141239946223680E-002
   14.127759327985919       0.43607398743763942        7.3068241139912102E-002
   14.159015432693852       0.43628731899256157        7.2996713786711770E-002
   14.190271537401784       0.43650156332443246        7.2923282514579427E-002
   14.221527642109718       0.43671412040408625        7.2852417669096906E-002
   14.252783746817652       0.43692847690466236        7.2780830335131844E-002
   14.284039851525586       0.43712414873653488        7.2706634696174041E-002
   14.315295956233520       0.43730982229576532        7.2634208358258012E-002
   14.346552060941452       0.43749979000742589        7.2561111526685443E-002
   14.377808165649386       0.43769505589763913        7.2488569050782797E-002
   14.409064270357320       0.43788632842770558        7.2416866516635509E-002
   14.440320375065253       0.43808137068043279        7.2346258044773792E-002
   14.471576479773187       0.43827373043939605        7.2275050544475014E-002
   14.502832584481119       0.43844888877508720        7.2202585923514834E-002
   14.534088689189053       0.43861256920065561        7.2129689859229476E-002
   14.565344793896987       0.43876453552427647        7.2056778326673190E-002
   14.596600898604921       0.43892736841928109        7.1983499743032003E-002
   14.627857003312853       0.43909549932880465        7.1910616136091024E-002
   14.659113108020787       0.43926357358857221        7.1836254310053999E-002
   14.690369212728720       0.43943561458704861        7.1763032242187885E-002
   14.721625317436654       0.43960404737951658        7.1687869982208399E-002
   14.752881422144588       0.43976396316936323        7.1613480038106359E-002
   14.784137526852520       0.43991556205446641        7.1538852595438032E-002
   14.815393631560454       0.44007199764070892        7.1463020920930015E-002
   14.846649736268388       0.44022065285518386        7.1383120713251952E-002
   14.877905840976322       0.44036717290870836        7.1302850469495221E-002
   14.909161945684255       0.44051145606820030        7.1222218182484753E-002
   14.940418050392188       0.44067119565055429        7.1142470318556000E-002
   14.971674155100121       0.44083712430539052        7.1061583144549981E-002
   15.002930259808055       0.44098224283435611        7.0980300929379167E-002
   15.034186364515989       0.44110509196160719        7.0899089615652514E-002
   15.065442469223921       0.44123018770971728        7.0818234498741167E-002
   15.096698573931855       0.44136839895305402        7.0739225929589561E-002
   15.127954678639789       0.44150634451907173        7.0660533892237101E-002
   15.159210783347723       0.44164560635644851        7.0582466632416352E-002
   15.190466888055656       0.44180235997170830        7.0507383876239879E-002
   15.221722992763588       0.44195516981784805        7.0429485463715746E-002
   15.252979097471522       0.44211172546986161        7.0352869449936753E-002
   15.284235202179456       0.44225100372378739        7.0277413594619309E-002
   15.315491306887390       0.44238377504764415        7.0204134329638762E-002
   15.346747411595324       0.44249220341272422        7.0129926714038449E-002
   15.378003516303256       0.44259305657637688        7.0055308030629482E-002
   15.409259621011190       0.44267969755605152        6.9978299624087498E-002
   15.440515725719123       0.44277126932068323        6.9902441516432212E-002
   15.471771830427057       0.44287403935124203        6.9825632542422120E-002
   15.503027935134989       0.44295194273312916        6.9748311086986911E-002
   15.534284039842923       0.44300659000822218        6.9670400781063069E-002
   15.565540144550857       0.44305226395251418        6.9593526833927638E-002
   15.596796249258791       0.44311189547663410        6.9515827885529569E-002
   15.628052353966725       0.44315356838582837        6.9435521074725601E-002
   15.659308458674657       0.44318556060788644        6.9355055004285668E-002
   15.690564563382591       0.44322783851254433        6.9274515244665283E-002
   15.721820668090524       0.44327178371041892        6.9193351411911019E-002
   15.753076772798458       0.44332101070962388        6.9112428217932051E-002
   15.784332877506392       0.44336918223450428        6.9031937144037436E-002
   15.815588982214324       0.44342967994722948        6.8950080286470455E-002
   15.846845086922258       0.44350235823709011        6.8865694379720427E-002
   15.878101191630192       0.44358695023967903        6.8783159765545027E-002
   15.909357296338126       0.44367799927210300        6.8695337625219052E-002
   15.940613401046058       0.44376015435632510        6.8606473936386039E-002
   15.971869505753991       0.44384553136946442        6.8517514086987655E-002
   16.003125610461925       0.44392352381919264        6.8427777770696835E-002
   16.034381715169857       0.44401333433587259        6.8336540335390855E-002
   16.065637819877793       0.44410422885828021        6.8245126408056828E-002
   16.096893924585725       0.44420339740051923        6.8155317335547430E-002
   16.128150029293661       0.44429835605618873        6.8065817598691986E-002
   16.159406134001593       0.44439662335856783        6.7975528583468600E-002
   16.190662238709525       0.44450397599878916        6.7885076102067246E-002
   16.221918343417460       0.44462367784414553        6.7794299716235407E-002
   16.253174448125392       0.44475767190508503        6.7704310482409269E-002
   16.284430552833328       0.44488591335683597        6.7612137572588021E-002
   16.315686657541260       0.44502396752712620        6.7521120065130280E-002
   16.346942762249192       0.44515591507808822        6.7430021993449912E-002
   16.378198866957128       0.44526529547081783        6.7339464744143748E-002
   16.409454971665060       0.44535929131686164        6.7248453476477538E-002
   16.440711076372992       0.44546069794970217        6.7157780524303753E-002
   16.471967181080927       0.44557217803655302        6.7067018583469334E-002
   16.503223285788859       0.44568648426932139        6.6975872339924372E-002
   16.534479390496795       0.44580624420842851        6.6887165380252356E-002
   16.565735495204727       0.44591942525298384        6.6800581912139695E-002
   16.596991599912659       0.44603094980169189        6.6715773303593517E-002
   16.628247704620595       0.44614223472388176        6.6631349812078328E-002
   16.659503809328527       0.44623823851563255        6.6546293715245397E-002
   16.690759914036462       0.44631805201487906        6.6461583687089848E-002
   16.722016018744394       0.44639083707674854        6.6376208686397972E-002
   16.753272123452327       0.44644706818625191        6.6292248385075525E-002
   16.784528228160262       0.44650382505184816        6.6209097648159493E-002
   16.815784332868194       0.44657246198216960        6.6126583211799442E-002
   16.847040437576130       0.44663493229673096        6.6042675706776979E-002
   16.878296542284062       0.44671329797346759        6.5958466099473076E-002
   16.909552646991994       0.44677921892341926        6.5873383267925509E-002
   16.940808751699930       0.44683794026867352        6.5788913584957184E-002
   16.972064856407862       0.44690076247995769        6.5705899669450160E-002
   17.003320961115797       0.44696652688606980        6.5623225850187025E-002
   17.034577065823729       0.44701705758077798        6.5539116491499835E-002
   17.065833170531661       0.44705412666302219        6.5454869875614968E-002
   17.097089275239597       0.44709035933752794        6.5369636066542253E-002
   17.128345379947529       0.44712564755000295        6.5283139884505931E-002
   17.159601484655465       0.44714842163260210        6.5197182204097856E-002
   17.190857589363397       0.44717225720186732        6.5110295557599202E-002
   17.222113694071329       0.44718474902662664        6.5023268231026943E-002
   17.253369798779264       0.44718507619040249        6.4937848981983584E-002
   17.284625903487196       0.44716699748022420        6.4852989470361791E-002
   17.315882008195128       0.44712770118037470        6.4767577694231290E-002
   17.347138112903064       0.44709654749145650        6.4683720348972268E-002
   17.378394217610996       0.44705939787403043        6.4596884117478076E-002
   17.409650322318932       0.44702975207463896        6.4514780225506427E-002
   17.440906427026864       0.44702420786500380        6.4432042334235218E-002
   17.472162531734796       0.44701295311973710        6.4349733772236420E-002
   17.503418636442731       0.44700727903223908        6.4269254471248954E-002
   17.534674741150663       0.44701296826931658        6.4186227256103331E-002
   17.565930845858599       0.44702902809164013        6.4104508405541563E-002
   17.597186950566531       0.44704755617156106        6.4022480346758587E-002
   17.628443055274463       0.44707956642679658        6.3940524869329399E-002
   17.659699159982399       0.44712192776349641        6.3858837209705421E-002
   17.690955264690331       0.44718438410646211        6.3777320950708344E-002
   17.722211369398266       0.44726850022435222        6.3697545938677810E-002
   17.753467474106198       0.44737466532398212        6.3619187260989696E-002
   17.784723578814130       0.44748489059524116        6.3541427678356882E-002
   17.815979683522066       0.44760807701941585        6.3465810268968165E-002
   17.847235788229998       0.44772815806670124        6.3391156820887903E-002
   17.878491892937934       0.44784317853609729        6.3318688728387446E-002
   17.909747997645866       0.44796784090089997        6.3248466438439607E-002
   17.941004102353798       0.44809269604628343        6.3178171347678891E-002
   17.972260207061733       0.44821107258616910        6.3108763026044692E-002
   18.003516311769665       0.44831557546947226        6.3038995069155515E-002
   18.034772416477601       0.44839390911904337        6.2969881633927346E-002
   18.066028521185533       0.44846327351014298        6.2903449070953937E-002
   18.097284625893465       0.44853776793115757        6.2835321823865961E-002
   18.128540730601401       0.44861318389866445        6.2767273058655565E-002
   18.159796835309333       0.44869878015307330        6.2698950334938483E-002
   18.191052940017265       0.44880469192062472        6.2629470710111004E-002
   18.222309044725201       0.44891861873232464        6.2560127028738574E-002
   18.253565149433133       0.44903908045461277        6.2488399583953608E-002
   18.284821254141068       0.44916548064294531        6.2417764936681150E-002
   18.316077358849000       0.44928083849382666        6.2345543079622277E-002
   18.347333463556932       0.44939004715991621        6.2274220684112286E-002
   18.378589568264868       0.44949448428753497        6.2203455245233998E-002
   18.409845672972800       0.44959317725180364        6.2132703669697358E-002
   18.441101777680736       0.44969311133244855        6.2062735940776305E-002
   18.472357882388668       0.44980358458616493        6.1992170815973247E-002
   18.503613987096600       0.44991110830029846        6.1921609307823679E-002
   18.534870091804535       0.45003134390722388        6.1853539940049121E-002
   18.566126196512467       0.45015930821614530        6.1786603486699378E-002
   18.597382301220403       0.45029570572764060        6.1720933174235167E-002
   18.628638405928335       0.45042000187112347        6.1653023918386216E-002
   18.659894510636267       0.45055170834930852        6.1586486210269992E-002
   18.691150615344203       0.45068749356999344        6.1518541760545262E-002
   18.722406720052135       0.45080618814115203        6.1450058334283117E-002
   18.753662824760070       0.45093839805029068        6.1383118569529042E-002
   18.784918929468002       0.45106328211620683        6.1316541592306727E-002
   18.816175034175934       0.45119293283962708        6.1249577980047730E-002
   18.847431138883870       0.45131107718804658        6.1183373152212436E-002
   18.878687243591802       0.45143472482121877        6.1117859151359206E-002
   18.909943348299738       0.45156686717270733        6.1052065340954198E-002
   18.941199453007670       0.45168612105509226        6.0982555685922056E-002
   18.972455557715602       0.45179548343800435        6.0913783956203907E-002
   19.003711662423537       0.45191019030694435        6.0845544739002527E-002
   19.034967767131469       0.45204336310807020        6.0778052471472020E-002
   19.066223871839401       0.45217237126407689        6.0711226924113529E-002
   19.097479976547337       0.45231172379518658        6.0644257956314514E-002
   19.128736081255269       0.45244783888377726        6.0575147211816956E-002
   19.159992185963205       0.45259650400153451        6.0507887137587701E-002
   19.191248290671137       0.45275037039352162        6.0442823469692382E-002
   19.222504395379069       0.45288948944127572        6.0376493667427394E-002
   19.253760500087004       0.45301551193392653        6.0310579369696055E-002
   19.285016604794937       0.45314380133823978        6.0245595872858840E-002
   19.316272709502872       0.45327733230434059        6.0180855629905952E-002
   19.347528814210804       0.45339247491888873        6.0115488868108011E-002
   19.378784918918736       0.45349280185519064        6.0051747447705237E-002
   19.410041023626672       0.45359130425501909        5.9987679351450302E-002
   19.441297128334604       0.45369664527960474        5.9924747799841319E-002
   19.472553233042539       0.45380352563575233        5.9859628864429942E-002
   19.503809337750472       0.45390617367921304        5.9793663732915503E-002
   19.535065442458404       0.45402553458454292        5.9729498685126690E-002
   19.566321547166339       0.45414789614160983        5.9666554102298382E-002
   19.597577651874271       0.45428197440374335        5.9604370664679378E-002
   19.628833756582207       0.45441990180636693        5.9539470495615136E-002
   19.660089861290139       0.45456882348567751        5.9476563599445594E-002
   19.691345965998071       0.45474454510726264        5.9413358385327797E-002
   19.722602070706007       0.45492418891954522        5.9351962063127893E-002
   19.753858175413939       0.45508993125796304        5.9291736419280573E-002
   19.785114280121874       0.45523461155099615        5.9230757059734150E-002
   19.816370384829806       0.45538059384832374        5.9171435390237261E-002
   19.847626489537738       0.45550921996919086        5.9112252584916883E-002
   19.878882594245674       0.45563274522839819        5.9054120797920745E-002
   19.910138698953606       0.45576144733897617        5.8993549737665206E-002
   19.941394803661538       0.45589567749684784        5.8933344327614462E-002
   19.972650908369474       0.45602047913085164        5.8873923457088015E-002
   20.003907013077406       0.45612794269688123        5.8811341906521888E-002
   20.035163117785341       0.45624317915352242        5.8748791200684124E-002
   20.066419222493273       0.45634667350293978        5.8684405709289816E-002
   20.097675327201205       0.45644990049991518        5.8622681580850863E-002
   20.128931431909141       0.45655286938830414        5.8555859873397835E-002
   20.160187536617073       0.45662145856822589        5.8489882097588521E-002
   20.191443641325009       0.45667937219464227        5.8426321983958918E-002
   20.222699746032941       0.45672190523312117        5.8361675714969939E-002
   20.253955850740873       0.45676914005552360        5.8296765942234541E-002
   20.285211955448808       0.45682012069664490        5.8232990372289919E-002
   20.316468060156740       0.45687125742231427        5.8169591654955319E-002
   20.347724164864676       0.45691066706425965        5.8104769608194058E-002
   20.378980269572608       0.45696282613670036        5.8042436115144994E-002
   20.410236374280540       0.45700820613959420        5.7980556479879236E-002
   20.441492478988476       0.45705947080580134        5.7920031240370033E-002
   20.472748583696408       0.45711502438578228        5.7860770268189324E-002
   20.504004688404343       0.45717211671383812        5.7801788233115041E-002
   20.535260793112275       0.45722907695182885        5.7744638047438922E-002
   20.566516897820208       0.45728112901574453        5.7688856944414599E-002
   20.597773002528143       0.45735322168064574        5.7634874426212082E-002
   20.629029107236075       0.45743706211312640        5.7582881237364089E-002
   20.660285211944007       0.45754217153297366        5.7529803309467754E-002
   20.691541316651943       0.45766581507247195        5.7477980816148966E-002
   20.722797421359875       0.45778702513777964        5.7424211835769304E-002
   20.754053526067811       0.45789916412546117        5.7369661991444068E-002
   20.785309630775743       0.45800942579037229        5.7315276951545778E-002
   20.816565735483675       0.45809901926088853        5.7258791251219701E-002
   20.847821840191610       0.45817814248131711        5.7202881299850197E-002
   20.879077944899542       0.45826110916653989        5.7148089180158436E-002
   20.910334049607478       0.45834265426834536        5.7091218275464095E-002
   20.941590154315410       0.45841842845115327        5.7036763537792877E-002
   20.972846259023342       0.45847311893366466        5.6981465599937463E-002
   21.004102363731278       0.45853052146409584        5.6928781543399518E-002
   21.035358468439210       0.45860413073095252        5.6876083956042559E-002
   21.066614573147145       0.45867376865687937        5.6823615242952437E-002
   21.097870677855077       0.45874072610813738        5.6768192069849746E-002
   21.129126782563009       0.45879295202500386        5.6712613554393783E-002
   21.160382887270945       0.45884803732971724        5.6658261912889418E-002
   21.191638991978877       0.45889908163253151        5.6603748058375661E-002
   21.222895096686813       0.45895144606376270        5.6551204592406486E-002
   21.254151201394745       0.45899147618970854        5.6500896297715597E-002
   21.285407306102677       0.45904876672308165        5.6453462852603886E-002
   21.316663410810612       0.45908776944409685        5.6405610746073594E-002
   21.347919515518544       0.45913590185211545        5.6359400361103359E-002
   21.379175620226480       0.45918980779048479        5.6309570398684380E-002
   21.410431724934412       0.45923218675096350        5.6261539006711027E-002
   21.441687829642344       0.45927777716203616        5.6213525171666445E-002
   21.472943934350280       0.45934398879713972        5.6166719716012441E-002
   21.504200039058212       0.45942501353214277        5.6122008077651109E-002
   21.535456143766144       0.45948728678311934        5.6073958822990162E-002
   21.566712248474079       0.45953709729542336        5.6028116689322394E-002
   21.597968353182011       0.45957205129923834        5.5984021403961422E-002
   21.629224457889947       0.45959413267976668        5.5940338324834048E-002
   21.660480562597879       0.45962004443784671        5.5898152655286956E-002
   21.691736667305811       0.45964354874081209        5.5855448133761414E-002
   21.722992772013747       0.45965599460063178        5.5810725091928567E-002
   21.754248876721679       0.45966739605378060        5.5767376256504214E-002
   21.785504981429614       0.45967481188648551        5.5724710636583963E-002
   21.816761086137546       0.45969197022432873        5.5682970010228892E-002
   21.848017190845479       0.45972282427420758        5.5641623641838396E-002
   21.879273295553414       0.45974293677045863        5.5601584902244101E-002
   21.910529400261346       0.45975795036786765        5.5560173895841204E-002
   21.941785504969282       0.45977303556145405        5.5518434133040841E-002
   21.973041609677214       0.45977830308070133        5.5474561140398441E-002
   22.004297714385146       0.45978772920116007        5.5430097820632476E-002
   22.035553819093082       0.45979178046766739        5.5385697612602272E-002
   22.066809923801014       0.45981539479804084        5.5341352788754128E-002
   22.098066028508949       0.45983813266832074        5.5297512554863898E-002
   22.129322133216881       0.45984631979875423        5.5252287614334671E-002
   22.160578237924813       0.45985264336913168        5.5204807856320509E-002
   22.191834342632749       0.45983327154748976        5.5155998703878467E-002
   22.223090447340681       0.45981361542301391        5.5108678881137678E-002
   22.254346552048617       0.45979849905602277        5.5061152103543745E-002
   22.285602656756549       0.45977394503561764        5.5014060765321005E-002
   22.316858761464481       0.45973487776185373        5.4964861674098128E-002
   22.348114866172416       0.45968904452048581        5.4915024817815176E-002
   22.379370970880348       0.45965836223356127        5.4867796789905880E-002
   22.410627075588280       0.45963782959331512        5.4819505084353716E-002
   22.441883180296216       0.45961085583352890        5.4770571570428493E-002
   22.473139285004148       0.45959029929253131        5.4720823422428927E-002
   22.504395389712084       0.45957552748445457        5.4671204604177230E-002
   22.535651494420016       0.45956491093755231        5.4621442095365930E-002
   22.566907599127948       0.45955694363775829        5.4573680904230447E-002
   22.598163703835883       0.45953626117019802        5.4523504468853540E-002
   22.629419808543815       0.45954365095521932        5.4475583424617627E-002
   22.660675913251751       0.45955050174151940        5.4423725499058093E-002
   22.691932017959683       0.45956671020067025        5.4371733536004413E-002
   22.723188122667615       0.45958331476663178        5.4320624390500026E-002
   22.754444227375551       0.45961050757130167        5.4267649764322280E-002
   22.785700332083483       0.45964944746528436        5.4213921162226987E-002
   22.816956436791418       0.45967863230904560        5.4156418877613306E-002
   22.848212541499350       0.45969443681143185        5.4099121073711488E-002
   22.879468646207282       0.45970881490767734        5.4042500251114123E-002
   22.910724750915218       0.45971854261460265        5.3982586453022181E-002
   22.941980855623150       0.45972822991651491        5.3921769639765443E-002
   22.973236960331086       0.45975951238595492        5.3861294593042189E-002
   23.004493065039018       0.45979956645868497        5.3798686743023724E-002
   23.035749169746950       0.45984329508164085        5.3735689753278436E-002
   23.067005274454885       0.45988057902157214        5.3671039201038682E-002
   23.098261379162818       0.45991597529099543        5.3608945008170164E-002
   23.129517483870753       0.45997019916014514        5.3544825385563266E-002
   23.160773588578685       0.46002414094900834        5.3481116684292535E-002
   23.192029693286617       0.46007640389455429        5.3415575943925965E-002
   23.223285797994553       0.46013058901008963        5.3349730506502456E-002
   23.254541902702485       0.46020169185233117        5.3282613032196717E-002
   23.285798007410417       0.46026330598405329        5.3212126545983902E-002
   23.317054112118353       0.46031226963261967        5.3142148434244890E-002
   23.348310216826285       0.46036167570444020        5.3074214053590939E-002
   23.379566321534220       0.46042437491538446        5.3007967799806363E-002
   23.410822426242152       0.46049954550734556        5.2943473037127646E-002
   23.442078530950084       0.46059210639321679        5.2877367074110990E-002
   23.473334635658020       0.46067459819648859        5.2810515510235918E-002
   23.504590740365952       0.46074341203643954        5.2744358632031217E-002
   23.535846845073888       0.46081251862761990        5.2676344036786428E-002
   23.567102949781820       0.46088835103534931        5.2607224456487620E-002
   23.598359054489752       0.46095060153387768        5.2537455212264536E-002
   23.629615159197687       0.46101408594324494        5.2467180218035522E-002
   23.660871263905619       0.46107631822098294        5.2397954259433763E-002
   23.692127368613555       0.46112529433702121        5.2327535115542001E-002
   23.723383473321487       0.46115821729891560        5.2255456886109303E-002
   23.754639578029419       0.46117666024662024        5.2183304304238877E-002
   23.785895682737355       0.46120268851465163        5.2111541883498966E-002
   23.817151787445287       0.46124739704745443        5.2039135544054239E-002
   23.848407892153222       0.46131465661484833        5.1964985152832877E-002
   23.879663996861154       0.46139508759476955        5.1891488801134152E-002
   23.910920101569086       0.46147062421177354        5.1820047870069844E-002
   23.942176206277022       0.46153712774403222        5.1749184704144059E-002
   23.973432310984954       0.46160663832012777        5.1678376741317832E-002
   24.004688415692890       0.46166631088292787        5.1608087437783647E-002
   24.035944520400822       0.46173121225041752        5.1539103507367949E-002
   24.067200625108754       0.46179940352002075        5.1469389650604637E-002
   24.098456729816689       0.46188006098022460        5.1399620808008535E-002
   24.129712834524621       0.46196637285071745        5.1330376461293098E-002
   24.160968939232554       0.46204966906135558        5.1260556728417304E-002
   24.192225043940489       0.46213462430421420        5.1190198062746134E-002
   24.223481148648421       0.46223341356353875        5.1120277784774161E-002
   24.254737253356357       0.46234714567459895        5.1051046959042883E-002
   24.285993358064289       0.46246046975879290        5.0985137651090209E-002
   24.317249462772221       0.46258336713892267        5.0919554618145943E-002
   24.348505567480156       0.46270672015796371        5.0853032151129067E-002
   24.379761672188089       0.46284026220291014        5.0786676123215600E-002
   24.411017776896024       0.46298037934239272        5.0720628106953373E-002
   24.442273881603956       0.46311376453486552        5.0655509094515862E-002
   24.473529986311888       0.46322969230765837        5.0591399282788017E-002
   24.504786091019824       0.46335511740959517        5.0529000791991331E-002
   24.536042195727756       0.46349764637824964        5.0467242017463498E-002
   24.567298300435692       0.46364874037355247        5.0407402394894697E-002
   24.598554405143624       0.46380544908630411        5.0346395233880521E-002
   24.629810509851556       0.46397682762043480        5.0284606189028039E-002
   24.661066614559491       0.46414388891407143        5.0220827704524462E-002
   24.692322719267423       0.46432625404247002        5.0160820884204406E-002
   24.723578823975359       0.46450295661791058        5.0101385420446086E-002
   24.754834928683291       0.46465844403680412        5.0042691793182652E-002
   24.786091033391223       0.46480606420460951        4.9986046859773169E-002
   24.817347138099159       0.46495034024605902        4.9929561225131147E-002
   24.848603242807091       0.46508546284168995        4.9872358156402001E-002
   24.879859347515023       0.46522872234328849        4.9815968935685018E-002
   24.911115452222958       0.46539245714337985        4.9761578168714099E-002
   24.942371556930890       0.46556000020542232        4.9708826848349805E-002
   24.973627661638826       0.46571961107079768        4.9654656050896050E-002
   25.004883766346758       0.46588229167520767        4.9602474148721536E-002
   25.036139871054690       0.46603558860258992        4.9548657512699552E-002
   25.067395975762626       0.46617881208381051        4.9495059906448299E-002
   25.098652080470558       0.46631563356387506        4.9442861158375123E-002
   25.129908185178493       0.46645393724811102        4.9391615252571554E-002
   25.161164289886425       0.46659432379206617        4.9337685395480890E-002
   25.192420394594357       0.46674667645861384        4.9284882385837350E-002
   25.223676499302293       0.46691119790409386        4.9231484215534263E-002
   25.254932604010225       0.46708034585915575        4.9179164516851642E-002
   25.286188708718161       0.46724660919292799        4.9125788406918454E-002
   25.317444813426093       0.46741045422770011        4.9073649049151756E-002
   25.348700918134025       0.46754384621163170        4.9020894874295146E-002
   25.379957022841960       0.46766654503638849        4.8967802509613897E-002
   25.411213127549892       0.46778562257115663        4.8914198228721735E-002
   25.442469232257828       0.46790239369422915        4.8863180497969678E-002
   25.473725336965760       0.46802847086012977        4.8812545307485557E-002
   25.504981441673692       0.46816454130967222        4.8762598237905977E-002
   25.536237546381628       0.46831028846500550        4.8713090939540162E-002
   25.567493651089560       0.46845374118764838        4.8661975975880990E-002
   25.598749755797495       0.46860449454454417        4.8614110217527255E-002
   25.630005860505428       0.46876655748752355        4.8566541092778040E-002
   25.661261965213360       0.46892701873244413        4.8517090041139493E-002
   25.692518069921295       0.46909122859036734        4.8466788277110769E-002
   25.723774174629227       0.46926469355757483        4.8416051864493236E-002
   25.755030279337159       0.46944732468530720        4.8364779618821137E-002
   25.786286384045095       0.46963166067842921        4.8314381118259669E-002
   25.817542488753027       0.46982265986405602        4.8266118037642636E-002
   25.848798593460963       0.47002051450073695        4.8216710197124667E-002
   25.880054698168895       0.47022360628899690        4.8168253664066664E-002
   25.911310802876827       0.47043286901764531        4.8118675551814073E-002
   25.942566907584762       0.47064286828130408        4.8070697066130624E-002
   25.973823012292694       0.47086100250958018        4.8019444328271925E-002
   26.005079117000630       0.47108820576719118        4.7967829003500655E-002
   26.036335221708562       0.47131755106729917        4.7914445499498581E-002
   26.067591326416494       0.47153651842097344        4.7861525783745647E-002
   26.098847431124430       0.47176319666553251        4.7809295624538097E-002
   26.130103535832362       0.47199579522686219        4.7758553891311194E-002
   26.161359640540297       0.47221841254615682        4.7705978182894758E-002
   26.192615745248229       0.47241752291136097        4.7652922765532818E-002
   26.223871849956161       0.47259769002573265        4.7600401564451805E-002
   26.255127954664097       0.47276856273996620        4.7547135674711610E-002
   26.286384059372029       0.47294485207864762        4.7494422357895617E-002
   26.317640164079965       0.47312237925302686        4.7441644093334394E-002
   26.348896268787897       0.47329142534293961        4.7389733552260664E-002
   26.380152373495829       0.47345982910220419        4.7336064538350438E-002
   26.411408478203764       0.47362535817243018        4.7282653978531347E-002
   26.442664582911696       0.47380070451909961        4.7230564233227496E-002
   26.473920687619632       0.47396315273765993        4.7176027503545555E-002
   26.505176792327564       0.47411461925421006        4.7122481782753724E-002
   26.536432897035496       0.47425821200976598        4.7070218748809046E-002
   26.567689001743432       0.47439023363656962        4.7018029251930132E-002
   26.598945106451364       0.47450660590288563        4.6966408794986453E-002
   26.630201211159296       0.47462639736836798        4.6917050592787050E-002
   26.661457315867231       0.47475588879943198        4.6867436204408100E-002
   26.692713420575163       0.47488107130688950        4.6816853571624947E-002
   26.723969525283099       0.47499705233457973        4.6765655205208166E-002
   26.755225629991031       0.47510241236621215        4.6713386012293918E-002
   26.786481734698963       0.47521848594159921        4.6661073921648449E-002
   26.817737839406899       0.47533505556025957        4.6609700003110273E-002
   26.848993944114831       0.47547916756300646        4.6558472108044494E-002
   26.880250048822766       0.47564829978167827        4.6507303922131364E-002
   26.911506153530699       0.47582876484270620        4.6457013028505981E-002
   26.942762258238631       0.47600235379509670        4.6407844564164413E-002
   26.974018362946566       0.47617341996723545        4.6357414505982575E-002
   27.005274467654498       0.47633734657119975        4.6307431189925911E-002
   27.036530572362434       0.47649871875044880        4.6257380002841270E-002
   27.067786677070366       0.47665508241515692        4.6209229222176879E-002
   27.099042781778298       0.47681196716865371        4.6161376076328871E-002
   27.130298886486234       0.47697997365178973        4.6115944928913008E-002
   27.161554991194166       0.47715431597345059        4.6070911272086269E-002
   27.192811095902101       0.47733103549323314        4.6025208982589161E-002
   27.224067200610033       0.47751043022448492        4.5980160124878253E-002
   27.255323305317965       0.47769513623417459        4.5935653433543923E-002
   27.286579410025901       0.47788728858457635        4.5891790372942019E-002
   27.317835514733833       0.47808615050585196        4.5847717702097987E-002
   27.349091619441769       0.47828285940370635        4.5803388519416011E-002
   27.380347724149701       0.47849106973646965        4.5760354770272064E-002
   27.411603828857633       0.47870220922102469        4.5717977466468204E-002
   27.442859933565568       0.47891797742015235        4.5674014883652081E-002
   27.474116038273500       0.47912853146781242        4.5630325883451589E-002
   27.505372142981432       0.47933812188822778        4.5586449759550014E-002
   27.536628247689368       0.47954939944225872        4.5541918944755358E-002
   27.567884352397300       0.47976220989538926        4.5496355725474828E-002
   27.599140457105236       0.47999208429117241        4.5453151024070257E-002
   27.630396561813168       0.48022273714040392        4.5408947750876158E-002
   27.661652666521100       0.48045968611127021        4.5366572228718108E-002
   27.692908771229035       0.48070030513103995        4.5322369280970706E-002
   27.724164875936967       0.48093699163336490        4.5279446989682580E-002
   27.755420980644903       0.48118639139006436        4.5236318025668458E-002
   27.786677085352835       0.48142660847771596        4.5192564022482409E-002
   27.817933190060767       0.48167777088627489        4.5149205105889621E-002
   27.849189294768703       0.48193269409877604        4.5104763151032248E-002
   27.880445399476635       0.48218054944408995        4.5060551189930638E-002
   27.911701504184570       0.48242588841963152        4.5015654573679356E-002
   27.942957608892502       0.48266996834485665        4.4971544845836979E-002
   27.974213713600435       0.48291455278970669        4.4927365792046314E-002
   28.005469818308370       0.48316139266641256        4.4883703116328187E-002
   28.036725923016302       0.48341272345030295        4.4839606482357956E-002
   28.067982027724238       0.48366537209797389        4.4796004154679596E-002
   28.099238132432170       0.48392684128460434        4.4753653033471834E-002
   28.130494237140102       0.48419083880338631        4.4711451954212916E-002
   28.161750341848037       0.48445746182435634        4.4669664657929396E-002
   28.193006446555970       0.48470496874043473        4.4628565507438399E-002
   28.224262551263902       0.48493234751167558        4.4588473206338290E-002
   28.255518655971837       0.48515145547180016        4.4545691543523239E-002
   28.286774760679769       0.48534496491785339        4.4503690640342770E-002
   28.318030865387705       0.48553171589881267        4.4460776326432173E-002
   28.349286970095637       0.48572619980559228        4.4418908151646994E-002
   28.380543074803569       0.48593071788428899        4.4378551449698003E-002
   28.411799179511505       0.48613600207223956        4.4339140950561268E-002
   28.443055284219437       0.48634996748820686        4.4298381508851077E-002
   28.474311388927372       0.48656681453810796        4.4257125412027261E-002
   28.505567493635304       0.48676754790535498        4.4217093575224943E-002
   28.536823598343236       0.48698335490390693        4.4177278336943897E-002
   28.568079703051172       0.48719738243178429        4.4138216695933589E-002
   28.599335807759104       0.48742295647547196        4.4098085357449170E-002
   28.630591912467040       0.48764877493024350        4.4056554799081084E-002
   28.661848017174972       0.48786197466582087        4.4013634726826366E-002
   28.693104121882904       0.48806013345519311        4.3970939366234939E-002
   28.724360226590839       0.48825692068716853        4.3929511980338815E-002
   28.755616331298771       0.48844307236500689        4.3887585919334150E-002
   28.786872436006707       0.48864141703560793        4.3846978206567751E-002
   28.818128540714639       0.48883131846335237        4.3804226921062617E-002
   28.849384645422571       0.48901947517618710        4.3760860283131385E-002
   28.880640750130507       0.48921557207177474        4.3718296956575350E-002
   28.911896854838439       0.48940050095270954        4.3674959896169790E-002
   28.943152959546374       0.48958203238570303        4.3631537336521836E-002
   28.974409064254306       0.48975359233707894        4.3588083107874272E-002
   29.005665168962238       0.48991080566389256        4.3543856818470013E-002
   29.036921273670174       0.49007461739213265        4.3499666723902139E-002
   29.068177378378106       0.49024697442294912        4.3455918193476765E-002
   29.099433483086038       0.49040517909356024        4.3413490131192063E-002
   29.130689587793974       0.49056962161323309        4.3373467149988236E-002
   29.161945692501906       0.49074979694687315        4.3332886089978047E-002
   29.193201797209841       0.49094727537448241        4.3293284243271987E-002
   29.224457901917773       0.49114530459370753        4.3252505410141875E-002
   29.255714006625706       0.49133407356082814        4.3213185990427602E-002
   29.286970111333641       0.49152480848316826        4.3174191647776861E-002
   29.318226216041573       0.49172641598689287        4.3136077578291729E-002
   29.349482320749509       0.49191405684814116        4.3096322046812796E-002
   29.380738425457441       0.49209941187628209        4.3059401776431042E-002
   29.411994530165373       0.49229221632303100        4.3023376235231219E-002
   29.443250634873309       0.49249933237176485        4.2985841747075156E-002
   29.474506739581241       0.49272418941357110        4.2950084119830388E-002
   29.505762844289176       0.49297914551587191        4.2915670461819933E-002
   29.537018948997108       0.49324839271388721        4.2879921084267122E-002
   29.568275053705040       0.49352194364649632        4.2844844341658597E-002
   29.599531158412976       0.49378914004110863        4.2808246322462294E-002
   29.630787263120908       0.49405236322508000        4.2772814085458265E-002
   29.662043367828844       0.49429041426271253        4.2737257988854319E-002
   29.693299472536776       0.49451099619382533        4.2702166125461800E-002
   29.724555577244708       0.49473250470623081        4.2667814428198766E-002
   29.755811681952643       0.49496658490077000        4.2633402982132293E-002
   29.787067786660575       0.49518733220437633        4.2597811889419163E-002
   29.818323891368511       0.49542068387479510        4.2561912303327079E-002
   29.849579996076443       0.49565601082642441        4.2525386383338991E-002
   29.880836100784375       0.49589156234852988        4.2488442672786911E-002
   29.912092205492311       0.49613245598885053        4.2452178823030207E-002
   29.943348310200243       0.49636933527858873        4.2415170241147937E-002
   29.974604414908175       0.49660920158056260        4.2378830781690843E-002
   30.005860519616110       0.49684843802434697        4.2342106190789437E-002
   30.037116624324042       0.49707879513746311        4.2304326958532736E-002
   30.068372729031978       0.49729930364954733        4.2264458512815330E-002
   30.099628833739910       0.49751924740961168        4.2223999572927301E-002
   30.130884938447842       0.49774020340884417        4.2184687717837975E-002
   30.162141043155778       0.49796033914132715        4.2143231661427367E-002
   30.193397147863710       0.49817339324828364        4.2101236148908844E-002
   30.224653252571645       0.49838599240500753        4.2058215464536780E-002
   30.255909357279577       0.49860093566497798        4.2016868970812402E-002
   30.287165461987509       0.49881578481278904        4.1975741135590362E-002
   30.318421566695445       0.49903758333375142        4.1933800432418018E-002
   30.349677671403377       0.49925736772875717        4.1891052729502401E-002
   30.380933776111313       0.49947575322214988        4.1846711424222305E-002
   30.412189880819245       0.49968852988051704        4.1800777220644382E-002
   30.443445985527177       0.49990654208231416        4.1755456387914086E-002
   30.474702090235112       0.50013246160011171        4.1709807163700194E-002
   30.505958194943045       0.50035051690703403        4.1663842487716075E-002
   30.537214299650980       0.50055022621745149        4.1618579557091383E-002
   30.568470404358912       0.50075143880141582        4.1575267016574276E-002
   30.599726509066844       0.50095331038690516        4.1530073262940621E-002
   30.630982613774780       0.50116288788283558        4.1486426792707351E-002
   30.662238718482712       0.50139430182125377        4.1442084005623755E-002
   30.693494823190647       0.50161664229038216        4.1397371481343259E-002
   30.724750927898580       0.50182059209566898        4.1353296409863870E-002
   30.756007032606512       0.50203138401928793        4.1311012014331426E-002
   30.787263137314447       0.50222862363890897        4.1267927096798274E-002
   30.818519242022379       0.50243089807438313        4.1224909994861003E-002
   30.849775346730311       0.50265692495800607        4.1184290211154349E-002
   30.881031451438247       0.50287039054203797        4.1141653069313576E-002
   30.912287556146179       0.50307796036057528        4.1098527706178958E-002
   30.943543660854115       0.50328104234774496        4.1055817188747144E-002
   30.974799765562047       0.50349078147128290        4.1012405554011575E-002
   31.006055870269979       0.50369733059082622        4.0969570094233618E-002
   31.037311974977914       0.50391011120701701        4.0926291093829788E-002
   31.068568079685846       0.50411278554793015        4.0881452936273023E-002
   31.099824184393782       0.50430021981574213        4.0836165682777259E-002
   31.131080289101714       0.50448963784136014        4.0792280762597478E-002
   31.162336393809646       0.50468930181156824        4.0749578476560321E-002
   31.193592498517582       0.50489782134085881        4.0707569013838596E-002
   31.224848603225514       0.50509435478471476        4.0662917890155269E-002
   31.256104707933449       0.50529464095224597        4.0617732202307293E-002
   31.287360812641381       0.50550939534923556        4.0572648170074901E-002
   31.318616917349313       0.50574107023059878        4.0527977566603056E-002
   31.349873022057249       0.50598646061465746        4.0485259474609556E-002
   31.381129126765181       0.50622533604503872        4.0440312096873307E-002
   31.412385231473117       0.50646760281499459        4.0393909691979708E-002
   31.443641336181049       0.50669121536494044        4.0346312894355842E-002
   31.474897440888981       0.50691337028810401        4.0301616008803998E-002
   31.506153545596916       0.50711893652375839        4.0253758488670355E-002
   31.537409650304848       0.50729547901765559        4.0207153188522513E-002
   31.568665755012784       0.50744843862856159        4.0161115892685700E-002
   31.599921859720716       0.50758471733334631        4.0116457461539308E-002
   31.631177964428648       0.50768131489193125        4.0069845234530180E-002
   31.662434069136584       0.50777406969602024        4.0024040133042470E-002
   31.693690173844516       0.50784720699313324        3.9977844044358037E-002
   31.724946278552448       0.50792478551788600        3.9933310278246606E-002
   31.756202383260383       0.50802451513936653        3.9888779382142935E-002
   31.787458487968316       0.50813164950061784        3.9844075291323409E-002
   31.818714592676251       0.50825186046054716        3.9798294932322946E-002
   31.849970697384183       0.50837555492898501        3.9753577527152278E-002
   31.881226802092115       0.50850392227938312        3.9708197421523969E-002
   31.912482906800051       0.50864383589646822        3.9662026812779909E-002
   31.943739011507983       0.50878943308625602        3.9616880603867165E-002
   31.974995116215919       0.50894745563614208        3.9571428207519667E-002
   32.006251220923851       0.50910425753964739        3.9523971858772121E-002
   32.037507325631786       0.50926806769904043        3.9476886497971285E-002
   32.068763430339715       0.50941547897650197        3.9429138966322837E-002
   32.100019535047650       0.50955893804445407        3.9381694865247903E-002
   32.131275639755586       0.50969528834031141        3.9332324374159539E-002
   32.162531744463514       0.50982502119735174        3.9284424366200180E-002
   32.193787849171450       0.50995541464812111        3.9236706168689510E-002
   32.225043953879386       0.51009682210000773        3.9189596320422689E-002
   32.256300058587321       0.51025985152312814        3.9143933412800834E-002
   32.287556163295250       0.51042823185123676        3.9098744013829026E-002
   32.318812268003185       0.51059043637745649        3.9052370143859955E-002
   32.350068372711121       0.51075638084771569        3.9006729529501447E-002
   32.381324477419049       0.51093060684337666        3.8960385131755260E-002
   32.412580582126985       0.51108032472666332        3.8913092786109424E-002
   32.443836686834921       0.51122048672887310        3.8866396965442376E-002
   32.475092791542849       0.51136934555587843        3.8818297476291903E-002
   32.506348896250785       0.51153320623560994        3.8768562854121183E-002
   32.537605000958720       0.51169778150901180        3.8717790722016920E-002
   32.568861105666656       0.51188871607780762        3.8668567995958206E-002
   32.600117210374584       0.51209421135952082        3.8617682386496731E-002
   32.631373315082520       0.51231485281904954        3.8567562101639544E-002
   32.662629419790456       0.51253813061000741        3.8517210424976696E-002
   32.693885524498384       0.51277035070844457        3.8468350378953742E-002
   32.725141629206320       0.51299581223574442        3.8419427979291959E-002
   32.756397733914255       0.51321536882081709        3.8369071732023231E-002
   32.787653838622184       0.51340417102956049        3.8318259349770026E-002
   32.818909943330119       0.51360266255913434        3.8269471814057508E-002
   32.850166048038055       0.51380817431011416        3.8219169770974150E-002
   32.881422152745984       0.51401199289410238        3.8168290012830119E-002
   32.912678257453919       0.51422515462458407        3.8116020692454677E-002
   32.943934362161855       0.51444650384466972        3.8062193412526001E-002
   32.975190466869790       0.51467627824708473        3.8007544663381222E-002
   33.006446571577719       0.51489611275127367        3.7953366291493526E-002
   33.037702676285654       0.51510018796468027        3.7899537373897070E-002
   33.068958780993590       0.51528920427011149        3.7847236955668710E-002
   33.100214885701519       0.51546367463791654        3.7793895245090400E-002
   33.131470990409454       0.51562471945437272        3.7741895079318202E-002
   33.162727095117390       0.51579182733318463        3.7691290731976877E-002
   33.193983199825318       0.51594362913034442        3.7639687669668069E-002
   33.225239304533254       0.51607188343583554        3.7586715320386731E-002
   33.256495409241190       0.51616769693286912        3.7533603681167746E-002
   33.287751513949125       0.51627428661702446        3.7482392514904005E-002
   33.319007618657054       0.51639326184662604        3.7430079628749502E-002
   33.350263723364989       0.51651230436524542        3.7379944116502549E-002
   33.381519828072925       0.51663324422639101        3.7328315293975997E-002
   33.412775932780853       0.51674357360561707        3.7275546690385478E-002
   33.444032037488789       0.51687377989982830        3.7224072244315357E-002
   33.475288142196725       0.51701125645074897        3.7171923639450120E-002
   33.506544246904653       0.51712827423487129        3.7119573548097758E-002
   33.537800351612589       0.51724513973243413        3.7066306829773972E-002
   33.569056456320524       0.51735056342796137        3.7014976021605313E-002
   33.600312561028460       0.51744520698001051        3.6964428397754601E-002
   33.631568665736388       0.51753761531328391        3.6916174000047638E-002
   33.662824770444324       0.51763544948051987        3.6868889802734783E-002
   33.694080875152260       0.51772317084871688        3.6820432591890287E-002
   33.725336979860188       0.51779301753097151        3.6771358380742587E-002
   33.756593084568124       0.51786725564575331        3.6723605445098256E-002
   33.787849189276059       0.51794951116648758        3.6676732556326939E-002
   33.819105293983988       0.51803772468477505        3.6632340509438761E-002
   33.850361398691923       0.51814107185954239        3.6586463587376113E-002
   33.881617503399859       0.51827930327159399        3.6541192617273177E-002
   33.912873608107788       0.51842328371805457        3.6493868807477660E-002
   33.944129712815723       0.51859834497791168        3.6447146072121954E-002
   33.975385817523659       0.51877036714332281        3.6400982464940092E-002
   34.006641922231594       0.51894630923891760        3.6353604177009051E-002
   34.037898026939523       0.51912057942297263        3.6306478454880733E-002
   34.069154131647458       0.51930860319703676        3.6257726532596485E-002
   34.100410236355394       0.51949283190954132        3.6209322936101157E-002
   34.131666341063323       0.51967085946606295        3.6160430942402198E-002
   34.162922445771258       0.51984023588868633        3.6110619786378313E-002
   34.194178550479194       0.52002167079814277        3.6061046027867617E-002
   34.225434655187122       0.52020040572508419        3.6010871252930884E-002
   34.256690759895058       0.52035938966270612        3.5960347546849514E-002
   34.287946864602993       0.52051386114385645        3.5910104527184759E-002
   34.319202969310929       0.52066486524097166        3.5859595420351144E-002
   34.350459074018858       0.52081549472963440        3.5810289041814360E-002
   34.381715178726793       0.52094851547168219        3.5760449903782909E-002
