                    0                    0                    0                    0
  0.18018018018040038        1.2746505288998206E-002   5.1300164334185883E-002  -1.1987444156900149E-002   1.2750813104704384E-009   5.8263387282089161     
  0.36036036036080077        3.6541463869288943E-002   5.0849040827247151E-002  -3.4120254240164287E-002   1.2636370643072691E-008   5.8900501145642128     
  0.54054054054120115        5.7092256455987332E-002   5.0210613960633352E-002  -5.2965467455008818E-002   1.8369996106180100E-008   5.7304749853834345     
  0.72072072072160154        7.3831151131294015E-002   4.8897606224554593E-002  -6.8078100546934528E-002   2.0079531372855312E-008   5.4072805942974798     
  0.90090090090200192        8.6918155415767528E-002   4.6942497740855967E-002  -7.9668936860257139E-002   1.9593828991557336E-008   5.0370712774266151     
   1.0810810810824023        9.6799185169707619E-002   4.4617349347281218E-002  -8.8213731269413703E-002   1.8151469302032198E-008   4.7211020643645369     
   1.2612612612628027       0.10396939420976335        4.2218140534343696E-002  -9.4221885720562740E-002   1.6135448966876716E-008   4.5185878679397087     
   1.4414414414432031       0.10891549816731445        3.9946858924640699E-002  -9.8201025996499797E-002   1.3927138606845200E-008   4.3902561298644454     
   1.6216216216236035       0.11208438344261949        3.7876560322222606E-002 -0.10059244652346286        1.1311724868843388E-008   4.3548047977493392     
   1.8018018018040038       0.11384719673895029        3.6047860147184987E-002 -0.10172440962972443        8.4964172424660823E-009   4.3781854636813371     
   1.9819819819844042       0.11452248700736979        3.4439401063209286E-002 -0.10190572316715205        5.9782828317257711E-009   4.3719068031413961     
   2.1621621621648046       0.11437222575359278        3.3049434171765341E-002 -0.10139738980761773        3.9113355142936236E-009   4.4122029491017569     
   2.3423423423452050       0.11359245794342607        3.1853574996724372E-002 -0.10035891012936710        2.0798517598174880E-009   4.4977476752399408     
   2.5225225225256054       0.11234412577266639        3.0831187864140196E-002  -9.8906998010442476E-002   1.7525493898737999E-010   4.5858816913155538     
   2.7027027027060058       0.11076145243240657        2.9942559839058122E-002  -9.7153236903456924E-002  -1.4809947697540643E-009   4.6375422076612747     
   2.8828828828864062       0.10896217431797599        2.9168810479454330E-002  -9.5242333254186934E-002  -3.2999768573537819E-009   4.6520442583453940     
   3.0630630630668065       0.10703541753762162        2.8506991862316245E-002  -9.3312446295283971E-002  -4.7274224569371739E-009   4.6933406027876003     
   3.2432432432472069       0.10503316144957110        2.7937628539113257E-002  -9.1398556217531138E-002  -6.1838078017209461E-009   4.7656232449647522     
   3.4234234234276073       0.10300054691323610        2.7465174032507245E-002  -8.9496161648348616E-002  -8.4228727350983813E-009   4.8400407153279721     
   3.6036036036080077       0.10100370258219231        2.7059351864329201E-002  -8.7653767947220046E-002  -9.7788974217454995E-009   4.8505286720313618     
   3.7837837837884081        9.9062045351759526E-002   2.6706660126608790E-002  -8.5881377383613552E-002  -1.0914346461820551E-008   4.9263775565048693     
   3.9639639639688085        9.7199015724434290E-002   2.6416762681759253E-002  -8.4177723494257381E-002  -1.2648539510571023E-008   5.0338127323428816     
   4.1441441441492088        9.5422139507538237E-002   2.6180766231166473E-002  -8.2531498945910095E-002  -1.3988793356893316E-008   5.1407257421780228     
   4.3243243243296092        9.3701010410312549E-002   2.5949401496952816E-002  -8.0932340720771143E-002  -1.4435924758639193E-008   5.1595938630200697     
   4.5045045045100096        9.2058958932969212E-002   2.5742690469576543E-002  -7.9439494876604483E-002  -1.5146143848646748E-008   5.1448960653842191     
   4.6846846846904100        9.0513925622904695E-002   2.5573708291475622E-002  -7.8062746634458044E-002  -1.5898153460484734E-008   5.1910858822256190     
   4.8648648648708104        8.9036268557888806E-002   2.5434613075588253E-002  -7.6769352256352480E-002  -1.6690594459961019E-008   5.2189743164100744     
   5.0450450450512108        8.7636937976941484E-002   2.5296624993216575E-002  -7.5585146728914865E-002  -1.6949917553002502E-008   5.2532199714159811     
   5.2252252252316111        8.6342482143188765E-002   2.5173653593180786E-002  -7.4526237024248640E-002  -1.7603345445322824E-008   5.3043469387293278     
   5.4054054054120115        8.5114763295739401E-002   2.5076459279616915E-002  -7.3524485146865437E-002  -1.7187353472200272E-008   5.2860979730036384     
   5.5855855855924119        8.3941523348152691E-002   2.4998907042504924E-002  -7.2560106402749250E-002  -1.6804419515871395E-008   5.2938502701968586     
   5.7657657657728123        8.2821452832260639E-002   2.4917651508053279E-002  -7.1645319451193804E-002  -1.5943606080310953E-008   5.3210972947970188     
   5.9459459459532127        8.1768550304237006E-002   2.4815370224335883E-002  -7.0824917469107754E-002  -1.7069231511156431E-008   5.3429956313533529     
   6.1261261261336131        8.0788514348781371E-002   2.4753874831993643E-002  -7.0085005521543620E-002  -1.8941087242091753E-008   5.3960266080533641     
   6.3063063063140135        7.9849088267461232E-002   2.4695788724885811E-002  -6.9348735570272518E-002  -1.9524882954022314E-008   5.3914480038387573     
   6.4864864864944138        7.8962487842767326E-002   2.4632811302612415E-002  -6.8621212360917325E-002  -2.0046653603786948E-008   5.3864949348700000     
   6.6666666666748142        7.8123514179635825E-002   2.4585626925279214E-002  -6.7914338852685413E-002  -2.0799495150908229E-008   5.4313784732388859     
   6.8468468468552146        7.7330319184298349E-002   2.4516875063155277E-002  -6.7266248475802565E-002  -2.0998771445551587E-008   5.4376186467016616     
   7.0270270270356150        7.6601557210636051E-002   2.4440883589026602E-002  -6.6718363733108021E-002  -2.0199066080804798E-008   5.4066429127910132     
   7.2072072072160154        7.5920926438837286E-002   2.4405285790592438E-002  -6.6237417925735301E-002  -2.0300000116446311E-008   5.5248970676056590     
   7.3873873873964158        7.5279772329663833E-002   2.4398671768022722E-002  -6.5808435528515327E-002  -2.1103150310417010E-008   5.6328803231231630     
   7.5675675675768161        7.4692242771128028E-002   2.4380752053272579E-002  -6.5451294244014718E-002  -2.1264452401810900E-008   5.6008783191284639     
   7.7477477477572165        7.4159335965034004E-002   2.4337651389937032E-002  -6.5153231485009566E-002  -2.0790440916902489E-008   5.4902188397100797     
   7.9279279279376169        7.3645774935153521E-002   2.4314378326370959E-002  -6.4863753546304068E-002  -2.0325370391637453E-008   5.4968169579995321     
   8.1081081081180173        7.3150102618683460E-002   2.4300517627237388E-002  -6.4578422537588914E-002  -2.0665474883104824E-008   5.5393851488126371     
   8.2882882882984177        7.2693611245008741E-002   2.4280279728039905E-002  -6.4310556858948861E-002  -2.0336487453444418E-008   5.5546108359516468     
   8.4684684684788181        7.2274303220755523E-002   2.4239724838118933E-002  -6.4041060904854785E-002  -1.9887791490239862E-008   5.5254775217393792     
   8.6486486486592185        7.1895413853992896E-002   2.4222394301490622E-002  -6.3792363239546609E-002  -1.9063530032561168E-008   5.5839073181372321     
   8.8288288288396188        7.1542454569006694E-002   2.4196286664452019E-002  -6.3590505600088443E-002  -1.8201339887941691E-008   5.4942634665109464     
   9.0090090090200192        7.1204924075554191E-002   2.4173864252938101E-002  -6.3436254611999365E-002  -1.8068008904893215E-008   5.4411788856856882     
   9.1891891892004196        7.0871089329611295E-002   2.4178701019244159E-002  -6.3287252106010924E-002  -1.8346821469782149E-008   5.4211847335873768     
   9.3693693693808200        7.0545836031839476E-002   2.4209681661227320E-002  -6.3141530721720990E-002  -1.8552654021675980E-008   5.4678225333456378     
   9.5495495495612204        7.0243746990881775E-002   2.4233097719981694E-002  -6.3028894570685862E-002  -1.9367117536220916E-008   5.5191689014777641     
   9.7297297297416208        6.9961206434329695E-002   2.4225094287498607E-002  -6.2935660892858236E-002  -1.9479278514396635E-008   5.5029455191074046     
   9.9099099099220211        6.9701989512048271E-002   2.4230843438136470E-002  -6.2837850828793493E-002  -1.9876540686674250E-008   5.5364993621195344     
   10.090090090102422        6.9460670604458458E-002   2.4272277842903610E-002  -6.2733256704667437E-002  -2.0061255821336200E-008   5.6663640145883178     
   10.270270270282822        6.9233841221131090E-002   2.4302854552889396E-002  -6.2653842239881352E-002  -2.0507303545946467E-008   5.6413391987311536     
   10.450450450463222        6.9020978413325940E-002   2.4325504879980992E-002  -6.2594675462950819E-002  -1.9670674024766466E-008   5.5941977471957518     
   10.630630630643623        6.8816159940486080E-002   2.4347521033745448E-002  -6.2512789436505484E-002  -1.9522966596607545E-008   5.5854146232250335     
   10.810810810824023        6.8620514150275813E-002   2.4351822330995400E-002  -6.2415608732764805E-002  -1.9547400076384771E-008   5.5865521433722991     
   10.990990991004423        6.8438592740472246E-002   2.4342979401448528E-002  -6.2314342753949120E-002  -1.9341145192377922E-008   5.5618110123964204     
   11.171171171184824        6.8244897514287500E-002   2.4353030998061874E-002  -6.2192783940697938E-002  -1.8775193881113162E-008   5.5320567401439700     
   11.351351351365224        6.8037307529928440E-002   2.4374763478434855E-002  -6.2033217590355946E-002  -1.8588935346703692E-008   5.6184823976318556     
   11.531531531545625        6.7840058709093723E-002   2.4386335370799390E-002  -6.1876606589436722E-002  -1.8575594401484088E-008   5.6220248803508142     
   11.711711711726025        6.7666661715058585E-002   2.4381804681679144E-002  -6.1753577705427942E-002  -1.9032153235656590E-008   5.6274053812920943     
   11.891891891906425        6.7506956899611212E-002   2.4385505573402664E-002  -6.1622377990051116E-002  -1.9123164294213180E-008   5.6718160425757027     
   12.072072072086826        6.7346337698397596E-002   2.4378864305495074E-002  -6.1480464525284953E-002  -1.8178924588167184E-008   5.6455789065265432     
   12.252252252267226        6.7180141417071862E-002   2.4375904867362866E-002  -6.1324512731452702E-002  -1.7972818662114557E-008   5.6981672053008925     
   12.432432432447627        6.7001238986027459E-002   2.4396970210505978E-002  -6.1157530345239089E-002  -1.8515169628844303E-008   5.7136214452699425     
   12.612612612628027        6.6804016636964184E-002   2.4398455750532087E-002  -6.1008285296466083E-002  -1.8787856084653051E-008   5.6766822469961573     
   12.792792792808427        6.6590288743626741E-002   2.4401947240080085E-002  -6.0841861266760486E-002  -1.9365884259781692E-008   5.6259814694043673     
   12.972972972988828        6.6367075473108578E-002   2.4412093537917019E-002  -6.0648629508275584E-002  -1.9038833937295781E-008   5.6163252740112952     
   13.153153153169228        6.6135925174890392E-002   2.4419048179504080E-002  -6.0444293431008184E-002  -1.9332441770137168E-008   5.6416897857199295     
   13.333333333349628        6.5902002468926357E-002   2.4431807098010763E-002  -6.0235671130454221E-002  -1.9470478426390035E-008   5.6905253770551294     
   13.513513513530029        6.5678733639874157E-002   2.4433281125357604E-002  -6.0039089849300314E-002  -2.0285802045569436E-008   5.7189941731953038     
   13.693693693710429        6.5471549753288449E-002   2.4428559397027184E-002  -5.9851839011927491E-002  -2.0758835385589886E-008   5.7180617455647518     
   13.873873873890830        6.5299717418297876E-002   2.4411848365634193E-002  -5.9690759932850154E-002  -1.9820496618297147E-008   5.6771594124328626     
   14.054054054071230        6.5191440818055502E-002   2.4402315827619037E-002  -5.9607987584679195E-002  -1.7897119344643306E-008   5.6253260978358632     
   14.234234234251630        6.5130597026516163E-002   2.4391403035592871E-002  -5.9601109778557565E-002  -1.6875362739960833E-008   5.6348581561601279     
   14.414414414432031        6.5076966501053088E-002   2.4402988961366660E-002  -5.9597756169302810E-002  -1.6760217739187282E-008   5.7137288868698572     
   14.594594594612431        6.5018557229384585E-002   2.4419248039677429E-002  -5.9586536105801086E-002  -1.6776545844861214E-008   5.7118382145182203     
   14.774774774792832        6.4970109275838850E-002   2.4436679363426056E-002  -5.9574776661518003E-002  -1.6540836052565680E-008   5.6675004727556679     
   14.954954954973232        6.4909639650323980E-002   2.4447418431009681E-002  -5.9505738515657616E-002  -1.5814600118743965E-008   5.6325099352904742     
   15.135135135153632        6.4805601734744547E-002   2.4450085470411085E-002  -5.9334801405398305E-002  -1.5672294352709480E-008   5.7099894774036430     
   15.315315315334033        6.4674717123079234E-002   2.4412813511853700E-002  -5.9135509791290022E-002  -1.5360800679806154E-008   5.6596500802163030     
   15.495495495514433        6.4551344442087294E-002   2.4362016459857059E-002  -5.8982783117266166E-002  -1.5072546078939371E-008   5.5297675735068008     
   15.675675675694833        6.4433215991929776E-002   2.4352772532269067E-002  -5.8843024786548709E-002  -1.5166328756371219E-008   5.5818379251024783     
   15.855855855875234        6.4309375351703071E-002   2.4355150577693833E-002  -5.8703535294818102E-002  -1.6139481823828696E-008   5.5779060959984594     
   16.036036036055634        6.4183422124364745E-002   2.4366806612960312E-002  -5.8590033981547537E-002  -1.7094527287665481E-008   5.5873970808468405     
   16.216216216236035        6.4045549374190033E-002   2.4380473326898380E-002  -5.8456570815610995E-002  -1.7459250443900677E-008   5.5406674880621463     
   16.396396396416435        6.3898077557409422E-002   2.4407856275856829E-002  -5.8289530604540229E-002  -1.8007792956877743E-008   5.5613733671524335     
   16.576576576596835        6.3769354464855377E-002   2.4426281589336508E-002  -5.8166054753565150E-002  -1.8241496535228169E-008   5.5396697883446828     
   16.756756756777236        6.3664455884805904E-002   2.4437413226600223E-002  -5.8113465475497963E-002  -1.8144455286476019E-008   5.5635113384689570     
   16.936936936957636        6.3558186343956949E-002   2.4438422591634590E-002  -5.8058414957999613E-002  -1.8337861096848626E-008   5.5957164656698719     
   17.117117117138037        6.3467188829944815E-002   2.4436097355466188E-002  -5.7993452127000550E-002  -1.8414654899359382E-008   5.5805181899169636     
   17.297297297318437        6.3394499911843913E-002   2.4436834570502525E-002  -5.7934569105534725E-002  -1.8274043266807212E-008   5.5561196413755409     
   17.477477477498837        6.3318011253501547E-002   2.4459129884811154E-002  -5.7886324625614952E-002  -1.7793839212350139E-008   5.5994828396820386     
   17.657657657679238        6.3252305462294114E-002   2.4481428898664524E-002  -5.7865439173794372E-002  -1.7612469368542242E-008   5.6001065832963572     
   17.837837837859638        6.3207248813456518E-002   2.4503051449288275E-002  -5.7866130025111040E-002  -1.7669356732688431E-008   5.5604449581343225     
   18.018018018040038        6.3177160070959040E-002   2.4536886107477538E-002  -5.7895096204550647E-002  -1.8062875699058529E-008   5.5422702750636974     
   18.198198198220439        6.3144749650258084E-002   2.4561104145357775E-002  -5.7919055487547458E-002  -1.7656170072783431E-008   5.5274305168746904     
   18.378378378400839        6.3105591146116760E-002   2.4569400687741789E-002  -5.7912681809957928E-002  -1.7394181076334909E-008   5.5514079647730235     
   18.558558558581240        6.3078009149720976E-002   2.4570516647315892E-002  -5.7899648084920347E-002  -1.7744477379424167E-008   5.5849838092934476     
   18.738738738761640        6.3052924646643138E-002   2.4561144045860732E-002  -5.7904383011187041E-002  -1.7496322218039631E-008   5.5317373138926182     
   18.918918918942040        6.3014989538648924E-002   2.4561284766675934E-002  -5.7896049351812806E-002  -1.6742030292012641E-008   5.5109985328275171     
   19.099099099122441        6.2965788182160087E-002   2.4596355439268042E-002  -5.7842188928219213E-002  -1.6180918061392956E-008   5.5941156890999073     
   19.279279279302841        6.2905698822433478E-002   2.4621064385776811E-002  -5.7785323277789513E-002  -1.6463301785923811E-008   5.6204642508824243     
   19.459459459483242        6.2829085721181635E-002   2.4635453221772706E-002  -5.7720655445204674E-002  -1.7740349634672752E-008   5.6560094665389489     
   19.639639639663642        6.2763504713226906E-002   2.4631698734337178E-002  -5.7639882594254691E-002  -1.8123985969647619E-008   5.6706818916939392     
   19.819819819844042        6.2732131028090332E-002   2.4600222834147159E-002  -5.7607110201053829E-002  -1.7680057613150572E-008   5.6871016828858432     
   20.000000000024443        6.2728341579780120E-002   2.4590758078016108E-002  -5.7573124468075790E-002  -1.7057430573874936E-008   5.7396879083064354     
   20.180180180204843        6.2716834719009434E-002   2.4594131764147237E-002  -5.7475208703086075E-002  -1.6472246510466671E-008   5.7837575265288264     
   20.360360360385243        6.2696422373300711E-002   2.4606069789862715E-002  -5.7339041797660237E-002  -1.6805424130164632E-008   5.7826194552885033     
   20.540540540565644        6.2676814280843623E-002   2.4623331525050154E-002  -5.7177247432772235E-002  -1.6714643147796085E-008   5.8046079515067186     
   20.720720720746044        6.2638693253579542E-002   2.4647218103891380E-002  -5.7027133265703453E-002  -1.6080279366460204E-008   5.7921115013735838     
   20.900900900926445        6.2573535647219417E-002   2.4670094852945249E-002  -5.6898956999259911E-002  -1.5911235717878960E-008   5.8220195997396917     
   21.081081081106845        6.2486112913095158E-002   2.4698344528979607E-002  -5.6761700297015188E-002  -1.5421939000190815E-008   5.8736528131513959     
   21.261261261287245        6.2398150696815244E-002   2.4702643849197396E-002  -5.6643386413464086E-002  -1.5179959273210700E-008   5.8762929664071724     
   21.441441441467646        6.2321351200061700E-002   2.4723863987467024E-002  -5.6527027617018777E-002  -1.5783569097230173E-008   5.9620305578473367     
   21.621621621648046        6.2266573075778583E-002   2.4737833012036879E-002  -5.6412387283512125E-002  -1.5751108836813241E-008   5.8753118058568692     
   21.801801801828447        6.2218192207491967E-002   2.4769926636684706E-002  -5.6292426457071054E-002  -1.4399290954815814E-008   5.8186644981515965     
   21.981981982008847        6.2165120048706377E-002   2.4805585263866493E-002  -5.6179345016354368E-002  -1.3114122295235458E-008   5.8554933729393088     
   22.162162162189247        6.2106070307847983E-002   2.4820403927295166E-002  -5.6096706984183772E-002  -1.2886362312181790E-008   5.8732579415127102     
   22.342342342369648        6.2039029237562680E-002   2.4820236567837065E-002  -5.6047211004577019E-002  -1.3642280092682938E-008   5.8819717229966839     
   22.522522522550048        6.1985354274285011E-002   2.4799225743957480E-002  -5.6051645787063856E-002  -1.4183907947222027E-008   5.8839045524922904     
   22.702702702730448        6.1951609390237576E-002   2.4780443597219586E-002  -5.6125566910601249E-002  -1.3764632846443571E-008   5.8022451762668537     
   22.882882882910849        6.1935991818229424E-002   2.4779165630367195E-002  -5.6239269131676706E-002  -1.2612918678096511E-008   5.7845714397655605     
   23.063063063091249        6.1932861207513755E-002   2.4805977199421222E-002  -5.6349988535731310E-002  -1.2310153976781742E-008   5.8767867183241913     
   23.243243243271650        6.1937598381234686E-002   2.4827489783144238E-002  -5.6443708395944134E-002  -1.2786446237736019E-008   5.9367270857178092     
   23.423423423452050        6.1958813240127489E-002   2.4823056328066171E-002  -5.6566389228933006E-002  -1.3547455587550657E-008   5.9590502145434385     
   23.603603603632450        6.2001631452851667E-002   2.4820636761228879E-002  -5.6763379244671133E-002  -1.3019441369121373E-008   5.9199825733209446     
   23.783783783812851        6.2031908985302732E-002   2.4836460167698839E-002  -5.6952060175038649E-002  -1.1963151738174944E-008   5.9182085891274063     
   23.963963963993251        6.2023160312695676E-002   2.4861070118522857E-002  -5.7032817052367860E-002  -1.1856465959200241E-008   5.9896636081933607     
   24.144144144173652        6.1996981792729715E-002   2.4846053508922297E-002  -5.7028659392949654E-002  -1.2270793442364459E-008   5.9582891607614190     
   24.324324324354052        6.1972387177911717E-002   2.4822556374856263E-002  -5.6979291435723417E-002  -1.2228671493696513E-008   5.9091105004716242     
   24.504504504534452        6.1937655834086489E-002   2.4799399242435433E-002  -5.6887986681383756E-002  -1.3236178072340886E-008   5.9453871341864364     
   24.684684684714853        6.1886819641390700E-002   2.4786091808581264E-002  -5.6791436596164577E-002  -1.4942029459482874E-008   5.9554213672808087     
   24.864864864895253        6.1835355505576603E-002   2.4779354511536754E-002  -5.6701189931087026E-002  -1.5266228535597513E-008   5.8621920353363111     
   25.045045045075653        6.1778293772692450E-002   2.4773931212522977E-002  -5.6581297174987860E-002  -1.4779681334620308E-008   5.7844111929533293     
   25.225225225256054        6.1720064078837497E-002   2.4757013630802863E-002  -5.6449195653060655E-002  -1.3943834588471871E-008   5.8022199005659933     
   25.405405405436454        6.1662601894368320E-002   2.4758359954694630E-002  -5.6300285827519503E-002  -1.3719128247207412E-008   5.8490717578628173     
   25.585585585616855        6.1621337514175950E-002   2.4767535548210984E-002  -5.6194685379981971E-002  -1.4176992290833224E-008   5.9323783108897725     
   25.765765765797255        6.1602393931964636E-002   2.4782095825020729E-002  -5.6170636459956610E-002  -1.4275360717020706E-008   5.9168289139227186     
   25.945945945977655        6.1593520789493685E-002   2.4787648249358550E-002  -5.6183404485130053E-002  -1.3863126041467630E-008   5.9418582073341444     
   26.126126126158056        6.1612258130500787E-002   2.4780710525469079E-002  -5.6227832676860434E-002  -1.3106113243254631E-008   5.9928140003882158     
   26.306306306338456        6.1659979994839444E-002   2.4766362367025993E-002  -5.6308242608501854E-002  -1.2983654291643952E-008   5.9749133316154230     
   26.486486486518857        6.1715539051691831E-002   2.4775904958909536E-002  -5.6418366185821300E-002  -1.3004856991696224E-008   6.0112737379362002     
   26.666666666699257        6.1759814023603234E-002   2.4763346822685477E-002  -5.6528953962958178E-002  -1.1991890084561604E-008   5.9280795969164961     
   26.846846846879657        6.1795055157639507E-002   2.4752291036283541E-002  -5.6617101755727831E-002  -1.1328074986749203E-008   5.9548992939547096     
   27.027027027060058        6.1815166558849645E-002   2.4764086219592273E-002  -5.6644695742005410E-002  -1.1430975158476965E-008   5.9424167579628859     
   27.207207207240458        6.1820254508499574E-002   2.4773930020651074E-002  -5.6625165058286700E-002  -1.1708313416148634E-008   5.9414611902309469     
   27.387387387420858        6.1832320709878458E-002   2.4789435965471847E-002  -5.6623952752631948E-002  -1.2719270265905053E-008   5.9761421722519463     
   27.567567567601259        6.1844424694902943E-002   2.4827137742587588E-002  -5.6631713080069326E-002  -1.3146099285763060E-008   6.0179659498951086     
   27.747747747781659        6.1858510411265326E-002   2.4862677834653974E-002  -5.6657934928240755E-002  -1.2592696015272397E-008   6.0244398681405986     
   27.927927927962060        6.1901427692082560E-002   2.4901925552027256E-002  -5.6741452254777225E-002  -1.2977852917569860E-008   6.0407106026828865     
   28.108108108142460        6.1962405539919461E-002   2.4956953682737325E-002  -5.6865903141896310E-002  -1.3154847246543501E-008   6.0578860390130833     
   28.288288288322860        6.2049026074522839E-002   2.4990219979303594E-002  -5.7036732314611663E-002  -1.2293586711167332E-008   6.0703086539129396     
   28.468468468503261        6.2164317754447619E-002   2.5004768264984645E-002  -5.7239052971339396E-002  -1.1488418244186578E-008   6.1029748811948705     
   28.648648648683661        6.2287371275167015E-002   2.5014534673124478E-002  -5.7443358170554057E-002  -1.1003981986607979E-008   6.1564254446344657     
   28.828828828864062        6.2403861331629798E-002   2.5026202259445827E-002  -5.7639349277408214E-002  -1.0525939607569211E-008   6.1415997750280109     
   29.009009009044462        6.2496922617958542E-002   2.5028314297937657E-002  -5.7783483337941199E-002  -9.8097327167887512E-009   6.1052646686166456     
   29.189189189224862        6.2557708902961376E-002   2.5057697991173172E-002  -5.7858579181108469E-002  -1.0585545729545653E-008   6.1844128931752742     
   29.369369369405263        6.2596125297477379E-002   2.5104273696927155E-002  -5.7893831088704703E-002  -1.2280311938324800E-008   6.3386762211103997     
   29.549549549585663        6.2628205736989503E-002   2.5130617129003819E-002  -5.7922699131383176E-002  -1.3370363407860365E-008   6.4327150713781220     
   29.729729729766063        6.2671877479481192E-002   2.5125327544515186E-002  -5.7980549995850603E-002  -1.2717675874476822E-008   6.3345761696143530     
   29.909909909946464        6.2731415840305851E-002   2.5138053771031506E-002  -5.8060390689845684E-002  -1.0203325529333241E-008   6.2989859742954373     
   30.090090090126864        6.2812327759812603E-002   2.5161014695728089E-002  -5.8158335771577946E-002  -8.9413479682361360E-009   6.3101063827343751     
   30.270270270307265        6.2876326913218081E-002   2.5186977943548045E-002  -5.8224410834663884E-002  -8.7482454420856828E-009   6.3436012816506855     
   30.450450450487665        6.2904210836086771E-002   2.5201264080745044E-002  -5.8226099493982358E-002  -8.7277993738941247E-009   6.3177282317837751     
   30.630630630668065        6.2910934245472297E-002   2.5236969185129795E-002  -5.8175084080027806E-002  -8.9918973415933501E-009   6.3656204494097883     
   30.810810810848466        6.2881500195700712E-002   2.5253414641219437E-002  -5.8084947316543289E-002  -8.7289419372825237E-009   6.3746791920849644     
   30.990990991028866        6.2829839395571283E-002   2.5263601763124015E-002  -5.8025930717307855E-002  -8.6545942227961961E-009   6.4254846016583533     
   31.171171171209267        6.2766163995570265E-002   2.5268103223346834E-002  -5.7974521803298207E-002  -8.8674971165593044E-009   6.4730322225440045     
   31.351351351389667        6.2713602598742035E-002   2.5244627251212563E-002  -5.7929789777335275E-002  -8.6486022007442946E-009   6.3739663022097011     
   31.531531531570067        6.2674125944911466E-002   2.5235637328348735E-002  -5.7912968239052592E-002  -8.1111004381735808E-009   6.3838204322380028     
   31.711711711750468        6.2608989618336303E-002   2.5239078315233726E-002  -5.7865151557625755E-002  -8.5854929922945616E-009   6.4246397002278233     
   31.891891891930868        6.2535671581100710E-002   2.5243020647672271E-002  -5.7799503349392559E-002  -8.7772153491909113E-009   6.3733639421155157     
   32.072072072111268        6.2461936886625123E-002   2.5263097083687049E-002  -5.7706170672941579E-002  -8.9570105961995539E-009   6.3522775305015049     
   32.252252252291669        6.2390879945158954E-002   2.5294407534557584E-002  -5.7561283413276626E-002  -1.0234566991250103E-008   6.4313762682821247     
   32.432432432472069        6.2376289835603053E-002   2.5316651573806834E-002  -5.7472600299569382E-002  -1.0816853427549950E-008   6.3935555905677104     
   32.612612612652470        6.2413289531886067E-002   2.5304674558373864E-002  -5.7450194501518712E-002  -1.0154307385613474E-008   6.3922484311424279     
   32.792792792832870        6.2457163520050006E-002   2.5308145713184856E-002  -5.7410808606572314E-002  -1.0018882382849109E-008   6.4497349138318834     
   32.972972973013270        6.2508943146166202E-002   2.5303811031217399E-002  -5.7364289284162262E-002  -9.1250057854428430E-009   6.4396731134020539     
   33.153153153193671        6.2570932227658568E-002   2.5295052741655676E-002  -5.7351506762117768E-002  -8.4009034923678701E-009   6.4344525061320486     
   33.333333333374071        6.2597645959425269E-002   2.5305554670194207E-002  -5.7325131134526183E-002  -8.6622101727715147E-009   6.4729357995025376     
   33.513513513554472        6.2598089260120962E-002   2.5284776086307338E-002  -5.7304133388434417E-002  -9.4457096307367105E-009   6.4152495013829709     
   33.693693693734872        6.2589631693899903E-002   2.5279737414529546E-002  -5.7306480823295786E-002  -1.2192819372030728E-008   6.5145284765240561     
   33.873873873915272        6.2578666045405490E-002   2.5280422846837725E-002  -5.7326707929279380E-002  -1.3535178095379125E-008   6.5493248654519203     
   34.054054054095673        6.2584056766646384E-002   2.5289480268231988E-002  -5.7394482332580765E-002  -1.3705286817062112E-008   6.5729805170501283     
   34.234234234276073        6.2597961503379276E-002   2.5281710694265713E-002  -5.7499937860518463E-002  -1.3689246373502280E-008   6.6538009689067135     
   34.414414414456473        6.2592612365071409E-002   2.5250304985982207E-002  -5.7599536899215292E-002  -1.1244120350624325E-008   6.6323323042335236     
   34.594594594636874        6.2589984934278947E-002   2.5195544308446526E-002  -5.7721126232939346E-002  -1.0770845249117212E-008   6.5726224623450396     
   34.774774774817274        6.2588093588272206E-002   2.5158393999769192E-002  -5.7849974570501880E-002  -1.0767370418489072E-008   6.4917002342291328     
   34.954954954997675        6.2572953207123597E-002   2.5133615124296276E-002  -5.7937663892097938E-002  -1.1235308838625149E-008   6.5689817375830390     
   35.135135135178075        6.2549398361413641E-002   2.5119232752721474E-002  -5.7969623106299648E-002  -1.1658030097643853E-008   6.5524807684469684     
   35.315315315358475        6.2522934085866441E-002   2.5075341956151530E-002  -5.7965258828153468E-002  -1.0440616657674749E-008   6.5514932291409647     
   35.495495495538876        6.2500352181507041E-002   2.5040425115925982E-002  -5.7935280929214850E-002  -1.0726582370550674E-008   6.5059322718628714     
   35.675675675719276        6.2462319458981175E-002   2.5043743726309940E-002  -5.7830572710893549E-002  -1.1720024961090856E-008   6.5275356929672759     
   35.855855855899676        6.2415749844116866E-002   2.5019531012010328E-002  -5.7681715372866274E-002  -1.1726803892746172E-008   6.4918228592115641     
   36.036036036080077        6.2383411172737012E-002   2.4982501046486336E-002  -5.7588955199789668E-002  -1.0795435191626171E-008   6.5050846348218325     
   36.216216216260477        6.2353769239619765E-002   2.4954042206190154E-002  -5.7521557584506833E-002  -1.0271810911756377E-008   6.5917479826559067     
   36.396396396440878        6.2305425119200619E-002   2.4926219143884314E-002  -5.7445034070548795E-002  -1.0919832797938946E-008   6.6345192610824686     
   36.576576576621278        6.2247138630798039E-002   2.4922449596744792E-002  -5.7388595385883784E-002  -1.2536496732962688E-008   6.6640091471584260     
   36.756756756801678        6.2190243282907107E-002   2.4932770779874724E-002  -5.7317581308770640E-002  -1.3807465022064818E-008   6.6457813121258509     
   36.936936936982079        6.2151909389202238E-002   2.4918315606336505E-002  -5.7214648202529569E-002  -1.3937095406947224E-008   6.5676894238090648     
   37.117117117162479        6.2139148773032948E-002   2.4868255909240428E-002  -5.7125569284491445E-002  -1.3553617158534108E-008   6.5391158255056485     
   37.297297297342880        6.2139001709200517E-002   2.4838663066252868E-002  -5.7030502607957487E-002  -1.3961888550428641E-008   6.5876334353683621     
   37.477477477523280        6.2134210947790793E-002   2.4830947442950550E-002  -5.6924807371028632E-002  -1.3029480238040653E-008   6.5713167288038665     
   37.657657657703680        6.2125345130640955E-002   2.4822584015881281E-002  -5.6820071985204612E-002  -1.2565372239264073E-008   6.4791775460960945     
   37.837837837884081        6.2126629598018693E-002   2.4819703018452672E-002  -5.6741560409669350E-002  -1.3847784666278232E-008   6.5119131642531070     
   38.018018018064481        6.2142538459861722E-002   2.4814057768502602E-002  -5.6669963853584332E-002  -1.5167962447316708E-008   6.5110319428899865     
   38.198198198244881        6.2186510516750976E-002   2.4795447058126537E-002  -5.6645639757886002E-002  -1.6062870550088383E-008   6.4871768616056942     
   38.378378378425282        6.2246198110076208E-002   2.4797989888562098E-002  -5.6678357023307535E-002  -1.4787374313998414E-008   6.5844308755097822     
   38.558558558605682        6.2306136815341168E-002   2.4794848149918405E-002  -5.6758362006347554E-002  -1.3799735670072876E-008   6.5672478091671955     
   38.738738738786083        6.2385853476056644E-002   2.4801704822465746E-002  -5.6897553114715102E-002  -1.4962907621037354E-008   6.5924840156814843     
   38.918918918966483        6.2490460811585533E-002   2.4798102331921465E-002  -5.7071305175434558E-002  -1.3987945045499180E-008   6.5651701236309252     
   39.099099099146883        6.2582423068033743E-002   2.4768794338578069E-002  -5.7220055548080878E-002  -1.2374779162753383E-008   6.4857501690239650     
   39.279279279327284        6.2636742039715268E-002   2.4767880353736258E-002  -5.7297607626285219E-002  -1.3049952941034234E-008   6.5645409359949838     
   39.459459459507684        6.2669422785048431E-002   2.4773490156680567E-002  -5.7319999579500264E-002  -1.2553371105640085E-008   6.6082599957239418     
   39.639639639688085        6.2687242353569234E-002   2.4771728684681096E-002  -5.7355560741968042E-002  -1.2611905592898511E-008   6.7147882638509770     
   39.819819819868485        6.2692321354602676E-002   2.4746142084308875E-002  -5.7422226477325047E-002  -1.3316233695490615E-008   6.6291708545869801     
   40.000000000048885        6.2697866731482657E-002   2.4723246310462667E-002  -5.7492548211827949E-002  -1.1898998132273756E-008   6.5798802990213261     
   40.180180180229286        6.2694775639393768E-002   2.4697001662721367E-002  -5.7540703029546850E-002  -9.2720774077570583E-009   6.4689492860447277     
   40.360360360409686        6.2660366798245964E-002   2.4677139100434953E-002  -5.7581433644078250E-002  -7.6882677799271258E-009   6.5024287604519611     
   40.540540540590086        6.2615147320128337E-002   2.4666494928214093E-002  -5.7587632252364199E-002  -9.3894400635699949E-009   6.6490009309124272     
   40.720720720770487        6.2556328465343217E-002   2.4650572773031065E-002  -5.7536536341160058E-002  -1.0606096498858828E-008   6.5457768490490489     
   40.900900900950887        6.2482667388555325E-002   2.4619645610827624E-002  -5.7461868659438281E-002  -9.8678236548756179E-009   6.4329280019114492     
   41.081081081131288        6.2401076035753289E-002   2.4600689986759582E-002  -5.7362501382496350E-002  -1.0027227871897583E-008   6.5340731649136039     
   41.261261261311688        6.2312978686066459E-002   2.4599726014736034E-002  -5.7233156436988605E-002  -1.1426237129570938E-008   6.5626915671897512     
   41.441441441492088        6.2246825565317999E-002   2.4585482152609781E-002  -5.7105089826262931E-002  -1.0965898481141138E-008   6.5810977021935892     
   41.621621621672489        6.2197444057138805E-002   2.4560068460640943E-002  -5.7007965638033509E-002  -9.5527322663786057E-009   6.5512721241721739     
   41.801801801852889        6.2146846184299019E-002   2.4551534391761987E-002  -5.6903309828821455E-002  -1.0233400859762797E-008   6.5669774573696404     
   41.981981982033290        6.2075212383659290E-002   2.4560579535377113E-002  -5.6742955487795732E-002  -8.6201706070661393E-009   6.6006581248625231     
   42.162162162213690        6.1993454725165965E-002   2.4576813232707682E-002  -5.6591626582669780E-002  -8.5128292890620088E-009   6.7684673635152128     
   42.342342342394090        6.1922645860034903E-002   2.4563447869769217E-002  -5.6508347830633035E-002  -7.3850551611117494E-009   6.6708697577408449     
   42.522522522574491        6.1882528471391092E-002   2.4523987348389543E-002  -5.6483235407443710E-002  -5.1401233347402660E-009   6.4874614518640170     
   42.702702702754891        6.1856654062726571E-002   2.4528536711451557E-002  -5.6463067513692330E-002  -4.2613948788557591E-009   6.6317713243471825     
   42.882882882935291        6.1807841384561378E-002   2.4519826112369698E-002  -5.6370461338416153E-002  -5.2388859522342602E-009   6.6755672012905389     
   43.063063063115692        6.1741947100884806E-002   2.4469892911022532E-002  -5.6267457278317792E-002  -7.4727610832112446E-009   6.4504634540183714     
   43.243243243296092        6.1706883030563556E-002   2.4439396890086233E-002  -5.6268225686508799E-002  -7.4060174319224947E-009   6.3527682685261286     
   43.423423423476493        6.1664454248220382E-002   2.4461464680489105E-002  -5.6269895949165677E-002  -6.7602818314403355E-009   6.5038587691199226     
   43.603603603656893        6.1595702687280984E-002   2.4481263679008828E-002  -5.6207817468744425E-002  -6.8469699101725335E-009   6.4400622484768384     
   43.783783783837293        6.1535136795136877E-002   2.4496774541432634E-002  -5.6144318978215049E-002  -7.7169020035071208E-009   6.4723887362187309     
   43.963963964017694        6.1493311410312779E-002   2.4494271194953843E-002  -5.6095283011837985E-002  -8.2061056542798033E-009   6.5314887578837242     
   44.144144144198094        6.1472714168247788E-002   2.4504335447050753E-002  -5.6064660973495301E-002  -7.5923561966603084E-009   6.4954838225376461     
   44.324324324378495        6.1465525285777312E-002   2.4547273475743724E-002  -5.6023348571610648E-002  -8.8570576609378776E-009   6.6584420957187183     
   44.504504504558895        6.1471047725245365E-002   2.4588766286511757E-002  -5.5993251732211674E-002  -9.7105492489723533E-009   6.6440824897830106     
   44.684684684739295        6.1484354879258761E-002   2.4586165244932037E-002  -5.5997591407272881E-002  -9.1919184695925935E-009   6.6196884597827479     
   44.864864864919696        6.1484667612729138E-002   2.4594121235754690E-002  -5.6015469770567039E-002  -8.9950482929721603E-009   6.5816141321952122     
   45.045045045100096        6.1487853856735004E-002   2.4628225440628673E-002  -5.6057665373410046E-002  -8.8683898735067704E-009   6.5719636804910833     
   45.225225225280496        6.1505166062592528E-002   2.4653369265670508E-002  -5.6121939591867259E-002  -6.8121575029687303E-009   6.5578099848579745     
   45.405405405460897        6.1492411101574683E-002   2.4686131599382329E-002  -5.6160301828797082E-002  -6.0661357147436273E-009   6.4276929651805963     
   45.585585585641297        6.1436075801944268E-002   2.4721875149113736E-002  -5.6143513527906322E-002  -7.4843334024943183E-009   6.5023087790472642     
   45.765765765821698        6.1377214008267685E-002   2.4740940222941619E-002  -5.6092341309701380E-002  -8.6299976469760959E-009   6.4783951673814340     
   45.945945946002098        6.1370316957160991E-002   2.4755450717707142E-002  -5.6082770658486783E-002  -8.1226434395531198E-009   6.5178676153700534     
   46.126126126182498        6.1412664206590056E-002   2.4812539991692487E-002  -5.6153610883845073E-002  -7.8230730321212679E-009   6.7033553698210655     
   46.306306306362899        6.1466934031084851E-002   2.4862164170467372E-002  -5.6285246688758839E-002  -8.5714593090356366E-009   6.7793298297136664     
   46.486486486543299        6.1522295532993390E-002   2.4898267992595893E-002  -5.6444314335582765E-002  -7.9906480378823298E-009   6.9066872647768269     
   46.666666666723700        6.1610608841014838E-002   2.4903588382711547E-002  -5.6590374365358589E-002  -5.4337080896809968E-009   6.6786401227258816     
   46.846846846904100        6.1723549039599104E-002   2.4918913570546309E-002  -5.6663671002000732E-002  -4.5480141743214699E-009   6.7935448734572645     
   47.027027027084500        6.1844014451239118E-002   2.4902369478949086E-002  -5.6715371414113397E-002  -5.2318162837694321E-009   6.7264918331886339     
   47.207207207264901        6.1989281728152032E-002   2.4895014227881655E-002  -5.6809995361510407E-002  -4.5032659676893933E-009   6.6766268890291069     
   47.387387387445301        6.2128811492628389E-002   2.4911358538914546E-002  -5.6889385024005992E-002  -4.7380640670959726E-009   6.6674825928362553     
   47.567567567625701        6.2237611339967601E-002   2.4928948490472495E-002  -5.6943979547217222E-002  -6.0697486192670118E-009   6.6577403359263450     
   47.747747747806102        6.2328599633642769E-002   2.4939167409231532E-002  -5.7025148713607920E-002  -7.9059822976177421E-009   6.6162158666333468     
   47.927927927986502        6.2418801505656887E-002   2.4959503684831741E-002  -5.7142627394518780E-002  -7.7520299531804989E-009   6.7387271967119142     
   48.108108108166903        6.2500983366509610E-002   2.4956961100974329E-002  -5.7293733235724897E-002  -8.8688655290038888E-009   6.7806641662743772     
   48.288288288347303        6.2579129299636410E-002   2.4946187037957111E-002  -5.7454528929826290E-002  -8.4964831969568710E-009   6.6412095310937600     
   48.468468468527703        6.2621560306302393E-002   2.4972620027646376E-002  -5.7534169704459806E-002  -8.9480401198360455E-009   6.6631956319938839     
   48.648648648708104        6.2632717650726241E-002   2.5015374575891248E-002  -5.7527106068462189E-002  -1.1546284427284335E-008   6.7728210653699739     
   48.828828828888504        6.2651568325459983E-002   2.5070875887434146E-002  -5.7516428822922128E-002  -1.3041647530924995E-008   6.8611339836962921     
   49.009009009068905        6.2689642340400711E-002   2.5124774184785006E-002  -5.7535872759589018E-002  -1.2346242579249901E-008   6.9658073462723600     
   49.189189189249305        6.2724966230045864E-002   2.5169734596303041E-002  -5.7519311439660686E-002  -1.1300046503333919E-008   6.9063943520467985     
   49.369369369429705        6.2771232361795132E-002   2.5196001811483914E-002  -5.7484514691155050E-002  -1.1288090675786386E-008   7.0463061664713909     
   49.549549549610106        6.2799566692548131E-002   2.5215437853217854E-002  -5.7456464469781143E-002  -1.1584898433279602E-008   7.0787420826723260     
   49.729729729790506        6.2804690110212252E-002   2.5155443242409967E-002  -5.7435376764048834E-002  -1.1870302598070322E-008   6.7360844300615765     
   49.909909909970906        6.2808141067223780E-002   2.5117444689021780E-002  -5.7416374617043353E-002  -1.3081016174348626E-008   6.6206949817641956     
   50.090090090151307        6.2825518407301120E-002   2.5105669307342988E-002  -5.7405889845532423E-002  -1.2088452367971010E-008   6.6974454615344845     
   50.270270270331707        6.2856179439989182E-002   2.5092905869013284E-002  -5.7392729897305622E-002  -1.1113640995337036E-008   6.8540860591850477     
   50.450450450512108        6.2880599306839799E-002   2.5075780239139492E-002  -5.7321734248548736E-002  -1.0085537793767441E-008   6.8454541304774930     
   50.630630630692508        6.2901728466694729E-002   2.5107181774291092E-002  -5.7231649100326437E-002  -1.0377832409393830E-008   6.8492038898402896     
   50.810810810872908        6.2926867538994360E-002   2.5117837771681008E-002  -5.7145255689122473E-002  -1.1278320358904224E-008   6.7189080617909518     
   50.990990991053309        6.2926362934332694E-002   2.5155464323390372E-002  -5.7014198043758527E-002  -1.2181148281575734E-008   6.8685697684540239     
   51.171171171233709        6.2884842580869932E-002   2.5134568397154972E-002  -5.6860143727852197E-002  -1.2326805839754386E-008   6.8458502198379341     
   51.351351351414110        6.2848096433611875E-002   2.5056903988767542E-002  -5.6727097215953023E-002  -1.1540194477561247E-008   6.6225802049769280     
   51.531531531594510        6.2812887437529941E-002   2.5045736504771855E-002  -5.6586275763841606E-002  -1.1449208454790334E-008   6.7827565237665146     
   51.711711711774910        6.2772855419204326E-002   2.5073926308019950E-002  -5.6430245582326191E-002  -1.2990820687532885E-008   6.9359693969557306     
   51.891891891955311        6.2716125078236359E-002   2.5103872439148120E-002  -5.6268268390745946E-002  -1.4828187893392161E-008   7.3648209734428089     
   52.072072072135711        6.2686932784141128E-002   2.5061761198487419E-002  -5.6157173404374414E-002  -1.2115667549255666E-008   6.7487469721863604     
   52.252252252316111        6.2717898849026468E-002   2.5030173088969099E-002  -5.6140405655476941E-002  -9.7478896150799048E-009   6.9182981382149507     
   52.432432432496512        6.2757346457013016E-002   2.5016773002945854E-002  -5.6162815515562348E-002  -1.1158348941415438E-008   6.8861167775058520     
   52.612612612676912        6.2782294937616778E-002   2.5009618306998195E-002  -5.6198003972136118E-002  -1.0412685460559335E-008   6.8503886381201360     
   52.792792792857313        6.2773497907488193E-002   2.4973382306400439E-002  -5.6233092813874438E-002  -1.0681975739665196E-008   6.7474701631710516     
   52.972972973037713        6.2695587886794996E-002   2.4936149576073451E-002  -5.6202411559928028E-002  -1.0955293700097538E-008   6.5996173198799735     
   53.153153153218113        6.2572618492018936E-002   2.4882193942147968E-002  -5.6123098068836752E-002  -1.2214136200603574E-008   6.5908141488385272     
   53.333333333398514        6.2474397806472202E-002   2.4834728284931398E-002  -5.6106330109244235E-002  -1.1865907631180728E-008   6.6507761032590187     
   53.513513513578914        6.2401944245918967E-002   2.4812584877543446E-002  -5.6151469168928908E-002  -1.1311132419258750E-008   6.6486546667484951     
   53.693693693759315        6.2323132316614134E-002   2.4782710127662644E-002  -5.6187157732884976E-002  -1.2008039690557851E-008   6.6910013473727794     
   53.873873873939715        6.2261667882133429E-002   2.4729631120616116E-002  -5.6253891484411442E-002  -1.0805107719543394E-008   6.6150044776246277     
   54.054054054120115        6.2209012119170008E-002   2.4697273590932319E-002  -5.6298898621590432E-002  -9.5081132607225342E-009   6.6653316146327377     
   54.234234234300516        6.2142848944701810E-002   2.4677757662825775E-002  -5.6249938457304943E-002  -9.6830656949890747E-009   6.6619793811696377     
   54.414414414480916        6.2079290627847769E-002   2.4654193040442370E-002  -5.6161744209754047E-002  -9.9173520635847137E-009   6.7400031931331892     
   54.594594594661316        6.2023002000621934E-002   2.4615197843753787E-002  -5.6095500217589689E-002  -8.9903097155516929E-009   6.6940858561463701     
   54.774774774841717        6.1966576192969650E-002   2.4578611043063699E-002  -5.6070274969827222E-002  -8.0294675043751771E-009   6.7650626068237507     
   54.954954955022117        6.1907237435876318E-002   2.4535359167640353E-002  -5.6080112789151385E-002  -6.9580136518048266E-009   6.8151569011723518     
   55.135135135202518        6.1839341520022698E-002   2.4502508671763502E-002  -5.6089332068644332E-002  -4.7603797597306495E-009   6.8057376366410463     
   55.315315315382918        6.1748661211838321E-002   2.4465595764392167E-002  -5.6062915137314859E-002  -3.2767002659313842E-009   6.8170685539348268     
   55.495495495563318        6.1618492652601456E-002   2.4441819278132718E-002  -5.5978950305340683E-002  -2.7119266185583681E-009   6.8584303218668889     
   55.675675675743719        6.1441125503827555E-002   2.4388112646675602E-002  -5.5826738539604209E-002  -3.2896816288962526E-009   6.6494180488430663     
   55.855855855924119        6.1241015703731638E-002   2.4321071772780242E-002  -5.5645575638507250E-002  -3.9280959682081458E-009   6.5392339611758814     
   56.036036036104520        6.1056080538432790E-002   2.4300099316435227E-002  -5.5488924133232309E-002  -5.9255321911331964E-009   6.5709176182404594     
   56.216216216284920        6.0891210720927680E-002   2.4308549313654115E-002  -5.5360398994075966E-002  -6.6147278131950463E-009   6.6008137602505883     
   56.396396396465320        6.0749031508322490E-002   2.4294784903440489E-002  -5.5245617147748324E-002  -7.0534048520992731E-009   6.6001918513751665     
   56.576576576645721        6.0612883038062858E-002   2.4268023362453501E-002  -5.5123777219705641E-002  -8.8035747381797759E-009   6.6189786579225691     
   56.756756756826121        6.0487360067095042E-002   2.4255013070703008E-002  -5.5021621549841179E-002  -1.1106197882769976E-008   6.6675674331403387     
   56.936936937006521        6.0410788866037429E-002   2.4241230612791358E-002  -5.4992632975302283E-002  -1.0192367161583096E-008   6.6509021756570439     
   57.117117117186922        6.0391849460573091E-002   2.4226289734992894E-002  -5.5044063774488394E-002  -8.7054871984345878E-009   6.6766459307934110     
   57.297297297367322        6.0415864830415972E-002   2.4213723688612430E-002  -5.5158458757872300E-002  -7.8919199205568491E-009   6.7861134563763796     
   57.477477477547723        6.0460307097187034E-002   2.4202754287644686E-002  -5.5294418462099051E-002  -8.3392910250309845E-009   6.8588007902935848     
   57.657657657728123        6.0499942838498265E-002   2.4196399586777249E-002  -5.5425858238384057E-002  -9.8868616237046389E-009   6.8640741956628410     
   57.837837837908523        6.0531471460910161E-002   2.4191134204774527E-002  -5.5544825621797300E-002  -1.1754315567488493E-008   6.8067679524322298     
   58.018018018088924        6.0583444881572975E-002   2.4182796600946552E-002  -5.5668211818956967E-002  -1.2604065472447091E-008   6.8740402259134630     
   58.198198198269324        6.0662867649692101E-002   2.4177641752935967E-002  -5.5779632007580751E-002  -1.1074465983023764E-008   6.9424877055791629     
   58.378378378449725        6.0749333773140325E-002   2.4153582949603649E-002  -5.5879237727450445E-002  -9.1086544541344197E-009   6.9736047789083173     
   58.558558558630125        6.0833680454859963E-002   2.4119977957203002E-002  -5.6006910824347084E-002  -7.0144930918927002E-009   7.0347593264332309     
   58.738738738810525        6.0899082964888530E-002   2.4106053348852984E-002  -5.6116592408376895E-002  -6.3074604576101503E-009   6.9965184878725495     
   58.918918918990926        6.0927959217053344E-002   2.4092153491746725E-002  -5.6199821735547953E-002  -7.0954275802841615E-009   6.8914547170601317     
   59.099099099171326        6.0940408691595747E-002   2.4064554819922510E-002  -5.6300602294353796E-002  -9.0365298378444667E-009   6.8300405330066178     
   59.279279279351726        6.0935902342423867E-002   2.4057225935840355E-002  -5.6344002010933203E-002  -8.9040047822322479E-009   6.9263629498608283     
   59.459459459532127        6.0911520153564651E-002   2.4054227078085574E-002  -5.6295730074321856E-002  -6.9814292643886969E-009   6.9690373682706106     
   59.639639639712527        6.0899005184991521E-002   2.4036117426175049E-002  -5.6232538056421255E-002  -8.2708521747451131E-009   6.8328502154930604     
   59.819819819892928        6.0882833025589292E-002   2.4060438189803784E-002  -5.6161872614114067E-002  -9.4771172247503197E-009   6.8341031398994367     
   60.000000000073328        6.0847886240924992E-002   2.4050430152891177E-002  -5.6087766596203098E-002  -8.8908060496141651E-009   6.8033675263391897     
   60.180180180253728        6.0804177795624477E-002   2.4020756228532981E-002  -5.6021199059312854E-002  -9.4954046897860581E-009   6.7405164792629417     
   60.360360360434129        6.0750599781742506E-002   2.3996108262587346E-002  -5.5924495319240194E-002  -8.0128502829548158E-009   6.7369056773858755     
   60.540540540614529        6.0692309385391982E-002   2.3994594129432487E-002  -5.5838815430894473E-002  -7.5043605621258959E-009   6.7774672374748910     
   60.720720720794930        6.0608272649189956E-002   2.4006895340409291E-002  -5.5733739585144243E-002  -7.7423826509382622E-009   6.7728821885526544     
   60.900900900975330        6.0500652511559665E-002   2.4049617503231105E-002  -5.5600730959838390E-002  -8.4377399571550592E-009   6.9040071013449014     
   61.081081081155730        6.0378825505043116E-002   2.4050772173155276E-002  -5.5443905071228483E-002  -8.5499495134550018E-009   6.9357939403414708     
   61.261261261336131        6.0272992482256267E-002   2.3999496258142558E-002  -5.5284912578670242E-002  -9.8970253489144428E-009   6.7659445818905910     
   61.441441441516531        6.0211812137415367E-002   2.3966868673401573E-002  -5.5192088837057257E-002  -1.1616482386933408E-008   6.7403689603281967     
   61.621621621696931        6.0216026601507447E-002   2.3941535077052035E-002  -5.5211869549807835E-002  -1.1746579410058659E-008   6.7357972927183045     
   61.801801801877332        6.0253026948408818E-002   2.3933716326013002E-002  -5.5256392731061449E-002  -1.0770781008555536E-008   6.8652087194107452     
   61.981981982057732        6.0298433008243099E-002   2.3911645864480864E-002  -5.5285106114607671E-002  -1.0268447215954666E-008   6.8692327228794454     
   62.162162162238133        6.0370397507372317E-002   2.3876442724689143E-002  -5.5340037587520541E-002  -8.9432875568372145E-009   6.7620625212795931     
   62.342342342418533        6.0460918077910701E-002   2.3893645055273215E-002  -5.5443512763614367E-002  -9.2056173613642335E-009   6.8946561778266267     
   62.522522522598933        6.0536468853666703E-002   2.3916343729295408E-002  -5.5546103132791472E-002  -8.7638901839579318E-009   6.9911598033587907     
   62.702702702779334        6.0602632677463047E-002   2.3916466902298854E-002  -5.5642225456595043E-002  -6.9456149718135877E-009   6.8681666712483516     
   62.882882882959734        6.0684539922534426E-002   2.3894709125611636E-002  -5.5767446376678756E-002  -3.4304146651769223E-009   6.8386565917939608     
   63.063063063140135        6.0751118163775292E-002   2.3857020205369724E-002  -5.5866373223723384E-002  -3.0558419466025515E-009   6.8011999004279717     
   63.243243243320535        6.0768067083304657E-002   2.3831181253194410E-002  -5.5882800000889174E-002  -4.0059140570782097E-009   6.6550063211941186     
   63.423423423500935        6.0749741100993987E-002   2.3833764007719107E-002  -5.5839970029924038E-002  -4.4686306559621151E-009   6.6480206636475998     
   63.603603603681336        6.0698726439834955E-002   2.3845641539426775E-002  -5.5715697699219316E-002  -5.0280416042778287E-009   6.6670388538203964     
   63.783783783861736        6.0642910143737835E-002   2.3831667111489145E-002  -5.5561780674036693E-002  -6.3431499998619907E-009   6.6189860750086611     
   63.963963964042136        6.0607989433982760E-002   2.3830268950668119E-002  -5.5415721069293752E-002  -7.0790219330842380E-009   6.6314218354965195     
   64.144144144222537        6.0609856669128416E-002   2.3825688597282318E-002  -5.5305313151656335E-002  -6.6364000191775811E-009   6.6361818957560805     
   64.324324324402937        6.0638376723145780E-002   2.3841174332455885E-002  -5.5244365232105686E-002  -6.5736937227705260E-009   6.6928652512891116     
   64.504504504583338        6.0669330269553567E-002   2.3837034749468751E-002  -5.5222262635071434E-002  -5.3506034351651224E-009   6.5617795286790521     
   64.684684684763738        6.0675267617171576E-002   2.3820775396878865E-002  -5.5215321470737239E-002  -5.3996761223460192E-009   6.4389923694136337     
   64.864864864944138        6.0637850850407307E-002   2.3828451167423860E-002  -5.5183886941967311E-002  -6.3111181841592570E-009   6.5406919921417481     
   65.045045045124539        6.0594483231374535E-002   2.3848364934538364E-002  -5.5143727383742749E-002  -6.4205033751780144E-009   6.6037327291398116     
   65.225225225304939        6.0576530177959977E-002   2.3845568015695470E-002  -5.5144411731632287E-002  -7.4623596544364002E-009   6.6439549549011483     
   65.405405405485340        6.0589437775391754E-002   2.3845398960827175E-002  -5.5195675975692318E-002  -8.3487158344441808E-009   6.7087785507594058     
   65.585585585665740        6.0603393426116973E-002   2.3828645737982521E-002  -5.5236404989634350E-002  -7.3816068962529677E-009   6.7152694942500819     
   65.765765765846140        6.0605102197428748E-002   2.3785982723486754E-002  -5.5269670060201198E-002  -8.6163466282223293E-009   6.5460628412853605     
   65.945945946026541        6.0619377887743880E-002   2.3753655263034093E-002  -5.5331674640499762E-002  -7.4006986546485800E-009   6.5129167018428342     
   66.126126126206941        6.0646537715392759E-002   2.3717195518018014E-002  -5.5395807569874361E-002  -5.3030035317749247E-009   6.6999688235677910     
   66.306306306387341        6.0645290101156886E-002   2.3685640848716421E-002  -5.5412941926479067E-002  -6.0356444222185744E-009   6.6627256190795219     
   66.486486486567742        6.0615197174775363E-002   2.3667175956107872E-002  -5.5428622338397918E-002  -7.9161855264284263E-009   6.6259495970066453     
   66.666666666748142        6.0559331519490785E-002   2.3618081579590451E-002  -5.5434000864252139E-002  -8.8377160899073559E-009   6.6322426197906070     
   66.846846846928543        6.0508420128291218E-002   2.3548113606198788E-002  -5.5433593672814363E-002  -1.0493716740688439E-008   6.6315856790407341     
   67.027027027108943        6.0475135102204883E-002   2.3514981682978508E-002  -5.5436719461783385E-002  -1.2472936446735367E-008   6.6128963897053445     
   67.207207207289343        6.0447909393055832E-002   2.3495365350696597E-002  -5.5458712022632889E-002  -1.2218011398047441E-008   6.6175762623153576     
   67.387387387469744        6.0456972011600663E-002   2.3459987280542809E-002  -5.5538977693865829E-002  -1.1397742392436637E-008   6.6683730920607118     
   67.567567567650144        6.0478529594795459E-002   2.3416507126843986E-002  -5.5642865962694646E-002  -9.4891128723692933E-009   6.7133222834648105     
   67.747747747830545        6.0484306675991743E-002   2.3367066421130706E-002  -5.5729291643833251E-002  -8.1945138302276682E-009   6.7268062170181269     
   67.927927928010945        6.0480951516378896E-002   2.3313460503289293E-002  -5.5807507668578532E-002  -7.0815881509359850E-009   6.7027227406512537     
   68.108108108191345        6.0475447882539869E-002   2.3260972253848693E-002  -5.5881933607802067E-002  -6.7741258373239613E-009   6.6855024856332932     
   68.288288288371746        6.0443999070399337E-002   2.3198961177920061E-002  -5.5910521919525058E-002  -7.0328515613041517E-009   6.6815894969392229     
   68.468468468552146        6.0385110405787271E-002   2.3120820877681077E-002  -5.5846484332322699E-002  -8.5650796586598058E-009   6.6118024345624846     
   68.648648648732546        6.0335292252222103E-002   2.3073737002977792E-002  -5.5732673525781762E-002  -9.2356561311123890E-009   6.6368003377996851     
   68.828828828912947        6.0309181734658171E-002   2.3064901924625774E-002  -5.5663217272160434E-002  -1.0455694559998761E-008   6.5958427017345889     
   69.009009009093347        6.0300278242613463E-002   2.3082472878640490E-002  -5.5636902740856600E-002  -1.2753559343137732E-008   6.7162235553631060     
   69.189189189273748        6.0312656509063839E-002   2.3099319363549527E-002  -5.5628590935699648E-002  -1.3977414915142155E-008   6.7464831380871759     
   69.369369369454148        6.0349259426746085E-002   2.3090535030448361E-002  -5.5630199986191661E-002  -1.3074854369162754E-008   6.6486856490958148     
   69.549549549634548        6.0406888279715569E-002   2.3105902812025042E-002  -5.5622357785890489E-002  -1.2375923632311089E-008   6.6218923727882126     
   69.729729729814949        6.0474585224687863E-002   2.3131037986316914E-002  -5.5621049484082474E-002  -9.6507339387798892E-009   6.7559725236405281     
   69.909909909995349        6.0548359787194743E-002   2.3104478980269367E-002  -5.5616975532852567E-002  -8.9729589228468597E-009   6.6326394191551863     
   70.090090090175750        6.0606884511217103E-002   2.3101169078112826E-002  -5.5559663496495479E-002  -9.1014581383810137E-009   6.5755366377203117     
   70.270270270356150        6.0636632588041250E-002   2.3115283469802957E-002  -5.5444223910663434E-002  -9.9058583617728744E-009   6.6162629100098522     
   70.450450450536550        6.0644519661565068E-002   2.3097261784742515E-002  -5.5330219944196943E-002  -1.1372260823780086E-008   6.5942909969177057     
   70.630630630716951        6.0670762135583860E-002   2.3074999235395612E-002  -5.5295242011076925E-002  -1.2599892298839671E-008   6.5822952798310750     
   70.810810810897351        6.0713563676596131E-002   2.3068615749908525E-002  -5.5291959838907570E-002  -1.2726444600486171E-008   6.5285886560325075     
   70.990990991077751        6.0757673442338352E-002   2.3077185331474466E-002  -5.5302498127059091E-002  -1.2154316682616110E-008   6.5252075026275103     
   71.171171171258152        6.0785281471507385E-002   2.3083894688149750E-002  -5.5313457365825075E-002  -1.1671981687419524E-008   6.5257120691314521     
   71.351351351438552        6.0791142098786798E-002   2.3075022005574475E-002  -5.5325790237179651E-002  -1.1824876919230648E-008   6.4302366087455294     
   71.531531531618953        6.0783625428973344E-002   2.3056638761004618E-002  -5.5344002622599864E-002  -1.2577198642008658E-008   6.3509866118077367     
   71.711711711799353        6.0760424245736765E-002   2.3041265436226758E-002  -5.5355226295669080E-002  -1.3990756378920443E-008   6.3832538482304138     
   71.891891891979753        6.0731853336944745E-002   2.3027108500526538E-002  -5.5367145805199788E-002  -1.4928579924009110E-008   6.3580643885856745     
   72.072072072160154        6.0731713441127051E-002   2.3002654825445935E-002  -5.5424886942546450E-002  -1.4553296142093410E-008   6.2902431757909909     
   72.252252252340554        6.0771599511344025E-002   2.2995385302726049E-002  -5.5526846310832753E-002  -1.3715590146034226E-008   6.2359367598776636     
   72.432432432520955        6.0816549649030528E-002   2.3026206014918404E-002  -5.5604596700338280E-002  -1.3176233559053147E-008   6.2893294141838059     
   72.612612612701355        6.0863187875393611E-002   2.3040073837484954E-002  -5.5690313317245430E-002  -1.3019396643687345E-008   6.3426241354824073     
   72.792792792881755        6.0938467386829211E-002   2.3040986732096348E-002  -5.5799545996078267E-002  -1.4188097754323167E-008   6.3776091379424802     
   72.972972973062156        6.1031537463005915E-002   2.3054944293058224E-002  -5.5894029480655805E-002  -1.4331468620986444E-008   6.4174993069695239     
   73.153153153242556        6.1108219907289825E-002   2.3082516022351025E-002  -5.5935293825974203E-002  -1.3878349790223125E-008   6.4494919894313689     
   73.333333333422956        6.1167198555570644E-002   2.3059729470920609E-002  -5.5944492966465031E-002  -1.3328405948076426E-008   6.2891994724991775     
   73.513513513603357        6.1235255488575155E-002   2.3044730299628887E-002  -5.5978166127505738E-002  -1.4838233854416029E-008   6.2971044158582679     
   73.693693693783757        6.1317821033584317E-002   2.3033174220705430E-002  -5.6052152377099276E-002  -1.6375001398146599E-008   6.2881257258601595     
   73.873873873964158        6.1414654974050333E-002   2.3015258283189267E-002  -5.6154128155106467E-002  -1.6280174419280280E-008   6.2229465452600943     
   74.054054054144558        6.1520794788862986E-002   2.3015889089175474E-002  -5.6265501126033943E-002  -1.5102948525955149E-008   6.2180498640091413     
   74.234234234324958        6.1619932652871613E-002   2.3001849076476497E-002  -5.6378673535596238E-002  -1.4201174378048232E-008   6.2053728011368019     
   74.414414414505359        6.1716301743868052E-002   2.2982410634655417E-002  -5.6494012517693648E-002  -1.3395593487762464E-008   6.1497576181724662     
   74.594594594685759        6.1797734343965856E-002   2.2960817362307342E-002  -5.6582506990506320E-002  -1.2670054642619298E-008   6.0223733928674452     
   74.774774774866160        6.1849245368806136E-002   2.2944380643970596E-002  -5.6642776276926085E-002  -1.2662020837568753E-008   5.9555679119967717     
   74.954954955046560        6.1859516987582241E-002   2.2943451395135889E-002  -5.6662935917866281E-002  -1.3419046930653074E-008   5.9010741461813208     
   75.135135135226960        6.1825017020238779E-002   2.2967792540231763E-002  -5.6618208490592056E-002  -1.4519630097294674E-008   5.9133783423290751     
   75.315315315407361        6.1765347117739310E-002   2.2989217238115856E-002  -5.6522296195071584E-002  -1.5428359099878710E-008   5.9612120072153321     
   75.495495495587761        6.1710744582517733E-002   2.2998521117532259E-002  -5.6426759641477434E-002  -1.7584112339584356E-008   6.0028365546357731     
   75.675675675768161        6.1668752689645209E-002   2.3024581396091207E-002  -5.6341335249866481E-002  -1.7915039799637283E-008   6.0728359871682072     
   75.855855855948562        6.1642833297541652E-002   2.3011525988414820E-002  -5.6264687974998506E-002  -1.6243138517105749E-008   6.0627321183888707     
   76.036036036128962        6.1650061677438438E-002   2.2983711430547719E-002  -5.6230315686287446E-002  -1.4813912962181747E-008   6.0172047729283076     
   76.216216216309363        6.1669894405442065E-002   2.2970946941379515E-002  -5.6215403686882673E-002  -1.4367327133175139E-008   5.9784609875573418     
   76.396396396489763        6.1695093587719609E-002   2.2994870789560772E-002  -5.6223400309610067E-002  -1.4836974180320052E-008   6.0574153516779177     
   76.576576576670163        6.1723179443811976E-002   2.3036840522885745E-002  -5.6239705260772724E-002  -1.5556966345072955E-008   6.1993984105259878     
   76.756756756850564        6.1752183277018202E-002   2.3052085927642615E-002  -5.6274427371142674E-002  -1.4886648042279985E-008   6.1707015528354399     
   76.936936937030964        6.1811116953413493E-002   2.3025709292514504E-002  -5.6372188859847600E-002  -1.4124366532694668E-008   6.0545614658984928     
   77.117117117211365        6.1882039444069330E-002   2.3010168609270850E-002  -5.6474056427945937E-002  -1.3057561833353996E-008   6.0368767970245294     
   77.297297297391765        6.1926796321515973E-002   2.3008812017173873E-002  -5.6524299690214330E-002  -1.2471803750592199E-008   5.9700933246744636     
   77.477477477572165        6.1924304966090721E-002   2.3042700100395511E-002  -5.6508388333007045E-002  -1.4212458248187414E-008   6.0458467521754606     
   77.657657657752566        6.1883696168681772E-002   2.3063849180501968E-002  -5.6441845913587391E-002  -1.5460376796105943E-008   6.0429456919672795     
   77.837837837932966        6.1844985306317296E-002   2.3058236315296222E-002  -5.6384690868058293E-002  -1.6704586985417021E-008   5.9936852818430459     
   78.018018018113366        6.1836625065568210E-002   2.3041369549986569E-002  -5.6378373264693776E-002  -1.7709510388588349E-008   5.9610793705437812     
   78.198198198293767        6.1866257170816556E-002   2.3043321826916340E-002  -5.6405951526807233E-002  -1.8705841414637379E-008   6.0002550877328344     
   78.378378378474167        6.1914225653175822E-002   2.3070700066091718E-002  -5.6436362317678748E-002  -1.8591626909863878E-008   6.0351623883142738     
   78.558558558654568        6.1973961101783867E-002   2.3076177834825400E-002  -5.6460491813720717E-002  -1.8034943233808600E-008   5.9825179837400650     
   78.738738738834968        6.2038586000624063E-002   2.3076517383246585E-002  -5.6462451231829427E-002  -1.7764062959466975E-008   5.9178587194862011     
   78.918918919015368        6.2087988543757786E-002   2.3087636650725551E-002  -5.6427113400410692E-002  -1.8424006704122206E-008   5.9825906601402297     
   79.099099099195769        6.2121723178923192E-002   2.3086336190467162E-002  -5.6372233974314193E-002  -1.9696996113723712E-008   5.9680944288804225     
   79.279279279376169        6.2150364807264234E-002   2.3097103378391892E-002  -5.6329842852326104E-002  -2.0162401817839084E-008   5.9718148731644787     
   79.459459459556570        6.2177039246264491E-002   2.3122512162426036E-002  -5.6326122324623168E-002  -1.9814975261031584E-008   5.9798654664512201     
   79.639639639736970        6.2199461568518195E-002   2.3140677581714491E-002  -5.6350001413695880E-002  -1.9431764427462088E-008   5.9668872767701080     
   79.819819819917370        6.2226368703764981E-002   2.3143123975336671E-002  -5.6426201719436034E-002  -2.0652030390200929E-008   5.9809645106801073     
   80.000000000097771        6.2247417379926284E-002   2.3139977771414185E-002  -5.6528142716809546E-002  -2.0857751143477608E-008   5.9591350871532525     
   80.180180180278171        6.2274365243989098E-002   2.3146075888492816E-002  -5.6624991772219080E-002  -2.0460774327369097E-008   5.9970604761404571     
   80.360360360458571        6.2311242577312700E-002   2.3178263029383535E-002  -5.6710972973351370E-002  -2.0418396943189274E-008   6.0753342016515148     
   80.540540540638972        6.2332976982369184E-002   2.3197714064019950E-002  -5.6762344859616051E-002  -1.9708432648063047E-008   6.0410813533348531     
   80.720720720819372        6.2355287804672595E-002   2.3209546236028597E-002  -5.6776470607267260E-002  -1.8355171042180245E-008   6.0117747923760811     
   80.900900900999773        6.2373666920609507E-002   2.3228737402734893E-002  -5.6764012620252102E-002  -1.7001712866592357E-008   5.9945024876326443     
   81.081081081180173        6.2383833008741139E-002   2.3272892786130300E-002  -5.6735143690282236E-002  -1.5629897929778632E-008   6.0119137288556663     
   81.261261261360573        6.2391215337907674E-002   2.3299862853885273E-002  -5.6695316245515062E-002  -1.5363793476479493E-008   6.0256952599229834     
   81.441441441540974        6.2410457528880185E-002   2.3317135914341088E-002  -5.6686182779142044E-002  -1.6107154305663009E-008   6.0338055548958618     
   81.621621621721374        6.2444661982554890E-002   2.3327618849824577E-002  -5.6715835984430363E-002  -1.5543602593240756E-008   5.9828827753131426     
   81.801801801901775        6.2481645931146704E-002   2.3333952496924482E-002  -5.6769270400551589E-002  -1.4303944399769376E-008   5.9636302012980993     
   81.981981982082175        6.2526783277432441E-002   2.3367332606479087E-002  -5.6839540309209735E-002  -1.2983107366565852E-008   6.0335672445867639     
   82.162162162262575        6.2578853746478147E-002   2.3425254343250511E-002  -5.6921154658445369E-002  -1.3870127000582218E-008   6.1203266080857617     
   82.342342342442976        6.2631430631332002E-002   2.3477022318165564E-002  -5.7002886143112455E-002  -1.4473296197095661E-008   6.1592253440577034     
   82.522522522623376        6.2676823479537805E-002   2.3509727853325113E-002  -5.7088374961161856E-002  -1.6082787013582267E-008   6.1701049832670138     
   82.702702702803776        6.2697435684742397E-002   2.3522603576761645E-002  -5.7142573568395819E-002  -1.6527135067146111E-008   6.1096837570189519     
   82.882882882984177        6.2697524056665538E-002   2.3514417888199510E-002  -5.7157228305784152E-002  -1.5602508215134907E-008   6.0408689993939362     
   83.063063063164577        6.2690799075872938E-002   2.3528438722836602E-002  -5.7171978530354453E-002  -1.4443317104731519E-008   6.0633664565048386     
   83.243243243344978        6.2669938278308551E-002   2.3573314919465849E-002  -5.7178828033488310E-002  -1.3523272090835584E-008   6.1153587973214174     
   83.423423423525378        6.2643417178984584E-002   2.3635299935551309E-002  -5.7196465179397082E-002  -1.2817301931539121E-008   6.1650488257358340     
   83.603603603705778        6.2615746680187309E-002   2.3681288277549610E-002  -5.7215292666820308E-002  -1.2158253590436806E-008   6.1384308174522326     
   83.783783783886179        6.2571652747996462E-002   2.3734896864092397E-002  -5.7179806242640394E-002  -1.2793719020661216E-008   6.1375525084418756     
   83.963963964066579        6.2510035608860162E-002   2.3813914510959121E-002  -5.7088690589505608E-002  -1.4241112404178348E-008   6.2015254928840662     
   84.144144144246980        6.2459709722250012E-002   2.3905740851619662E-002  -5.6998851119864233E-002  -1.4597975462938718E-008   6.2375034600430537     
   84.324324324427380        6.2432005569159635E-002   2.3999307347562941E-002  -5.6932633047621847E-002  -1.4348527385028003E-008   6.2755388731029704     
   84.504504504607780        6.2410237200317492E-002   2.4092558115519889E-002  -5.6874620585206759E-002  -1.2745306651699074E-008   6.2904020746009781     
   84.684684684788181        6.2395821414109952E-002   2.4175611957819851E-002  -5.6823830492504473E-002  -1.3713781250390401E-008   6.4034693662790625     
   84.864864864968581        6.2401641411979319E-002   2.4221760860142307E-002  -5.6812643670357890E-002  -1.4424629394437365E-008   6.4034727729499430     
   85.045045045148981        6.2424067119034338E-002   2.4272574542856761E-002  -5.6857165379786023E-002  -1.3827722908244704E-008   6.3865847746363062     
   85.225225225329382        6.2438032630993442E-002   2.4339042121129188E-002  -5.6934128455683658E-002  -1.2650430991882148E-008   6.5049268367341355     
   85.405405405509782        6.2450096013590813E-002   2.4387730665313440E-002  -5.7039039317260939E-002  -1.2280098635808587E-008   6.5495796987821855     
   85.585585585690183        6.2468871234385825E-002   2.4442708424644778E-002  -5.7156063144773644E-002  -1.1343534641862616E-008   6.4983049778684201     
   85.765765765870583        6.2490699653701388E-002   2.4476615137544518E-002  -5.7258152145497995E-002  -1.0676597066451130E-008   6.5217975501608576     
   85.945945946050983        6.2497256743795714E-002   2.4505940904612895E-002  -5.7299434877506369E-002  -1.0182780628096988E-008   6.6171679358529145     
   86.126126126231384        6.2497700145798273E-002   2.4541616056229568E-002  -5.7317316415196329E-002  -8.6079200451512081E-009   6.6017587348662286     
   86.306306306411784        6.2508453717269291E-002   2.4588627433621248E-002  -5.7334141725680438E-002  -8.2668526105046924E-009   6.6849984107921934     
   86.486486486592185        6.2515538056447467E-002   2.4652034193761396E-002  -5.7338147362742231E-002  -8.6121966403004788E-009   6.7216338949169119     
   86.666666666772585        6.2525782450224304E-002   2.4695465134151572E-002  -5.7356661070529474E-002  -8.6451693698311961E-009   6.7519194457822609     
   86.846846846952985        6.2559046944401328E-002   2.4729856100858788E-002  -5.7360039747093958E-002  -9.3888550416192706E-009   6.8197198477841177     
   87.027027027133386        6.2601989671429117E-002   2.4766099232870285E-002  -5.7352332217917454E-002  -9.9834141966257471E-009   6.7567796037362262     
   87.207207207313786        6.2638369120846887E-002   2.4801949617232200E-002  -5.7344810376483590E-002  -9.3957680472757004E-009   6.7608163897379256     
   87.387387387494186        6.2668669359941670E-002   2.4881383956346568E-002  -5.7309362353444929E-002  -8.6163419966065369E-009   6.8372516723063921     
   87.567567567674587        6.2690465632023601E-002   2.4963124192810111E-002  -5.7248786231475682E-002  -6.9587740026473183E-009   6.8155220335810958     
   87.747747747854987        6.2695360463163610E-002   2.5033079710598042E-002  -5.7185297796155429E-002  -6.8085278342200765E-009   6.9843146695825329     
   87.927927928035388        6.2688689377669526E-002   2.5081831038443619E-002  -5.7109116149259065E-002  -7.8133688988806314E-009   6.9066601098282918     
   88.108108108215788        6.2684292156849522E-002   2.5126917172013430E-002  -5.7058776275716760E-002  -7.3961281044107661E-009   6.7773285639564769     
   88.288288288396188        6.2685962293053246E-002   2.5186299818966817E-002  -5.7085307973917726E-002  -6.7951486419903365E-009   6.7530976335048258     
   88.468468468576589        6.2678268829263431E-002   2.5261057585014787E-002  -5.7161081087308788E-002  -7.4641878167681357E-009   6.9020262658830402     
   88.648648648756989        6.2651175620275001E-002   2.5342868250720737E-002  -5.7238467203480886E-002  -8.8840257192255240E-009   7.0280045658945403     
   88.828828828937390        6.2635994660015223E-002   2.5374918486246761E-002  -5.7313043601994171E-002  -9.3961414898197300E-009   7.0983450578750622     
   89.009009009117790        6.2687796648184510E-002   2.5362712107433013E-002  -5.7463308752840600E-002  -9.6371082376743747E-009   7.0825411785097323     
   89.189189189298190        6.2787667696963062E-002   2.5400183526707507E-002  -5.7672142120003003E-002  -7.8967748243923673E-009   6.9928722507932015     
   89.369369369478591        6.2868988912374413E-002   2.5494314498340994E-002  -5.7857388240889776E-002  -7.6628831213903493E-009   7.2205762939737230     
   89.549549549658991        6.2932810883969389E-002   2.5523903063700778E-002  -5.8032183012452943E-002  -7.6055510621755200E-009   7.1137926966840137     
   89.729729729839391        6.2993733033578636E-002   2.5527809524519406E-002  -5.8186946381581464E-002  -7.3891477523468247E-009   7.0297765150595772     
   89.909909910019792        6.3057538754117654E-002   2.5546747122120260E-002  -5.8291137987419583E-002  -6.1828862118861015E-009   7.0392433409656672     
   90.090090090200192        6.3112912771175658E-002   2.5605686166386542E-002  -5.8344316479698621E-002  -5.2786454392187264E-009   7.1622679289641438     
   90.270270270380593        6.3151621787686033E-002   2.5669473967650121E-002  -5.8375060397764064E-002  -4.3141082512058146E-009   7.1277147574710247     
   90.450450450560993        6.3172222765185970E-002   2.5713979060174245E-002  -5.8381545890581130E-002  -3.8579777372495362E-009   7.1820675155705276     
   90.630630630741393        6.3166756017383766E-002   2.5766967884846427E-002  -5.8322657171152370E-002  -5.1232193547670007E-009   7.2880944672589019     
   90.810810810921794        6.3156172592079229E-002   2.5829666439789244E-002  -5.8265740668915170E-002  -6.6503381872094843E-009   7.3198876570201117     
   90.990990991102194        6.3146960210219427E-002   2.5830144805229271E-002  -5.8254349863633731E-002  -6.5620819290504540E-009   7.1657358151871815     
   91.171171171282595        6.3140857074759693E-002   2.5821356486138907E-002  -5.8265022759294446E-002  -6.9625400131488380E-009   7.2312406744505973     
   91.351351351462995        6.3149191189341036E-002   2.5866815344754077E-002  -5.8311044291014219E-002  -6.7814089786078191E-009   7.3433611826833873     
   91.531531531643395        6.3158881184354879E-002   2.5927147357134261E-002  -5.8312634817662495E-002  -5.3972263587454726E-009   7.3136241364219092     
   91.711711711823796        6.3157744329091006E-002   2.5961873359891897E-002  -5.8233477279174148E-002  -3.6624280325716349E-009   7.2590269756001460     
   91.891891892004196        6.3102503665293394E-002   2.6013837056089128E-002  -5.8094248528781700E-002  -3.9637790370581280E-009   7.4211660637933319     
   92.072072072184596        6.3005751205445090E-002   2.6037679581866122E-002  -5.7956677492213754E-002  -5.3737445101207304E-009   7.3153542906686848     
   92.252252252364997        6.2919077861398817E-002   2.6076689932330310E-002  -5.7878818912522320E-002  -6.9077790537479053E-009   7.3738116055789851     
   92.432432432545397        6.2862189709863250E-002   2.6111555498561475E-002  -5.7869345453283913E-002  -8.3236910786623051E-009   7.3710983066159494     
   92.612612612725798        6.2814389143604196E-002   2.6183704031195441E-002  -5.7895974765295094E-002  -8.1234905075314036E-009   7.3909107734423474     
   92.792792792906198        6.2755946593300790E-002   2.6258072872556527E-002  -5.7898155386150937E-002  -9.1963882637200765E-009   7.4027172521019349     
   92.972972973086598        6.2700013698835932E-002   2.6306549930108006E-002  -5.7874951230802066E-002  -1.2030642378088477E-008   7.4664939952196638     
   93.153153153266999        6.2675206668008202E-002   2.6327658335496617E-002  -5.7885753837646395E-002  -1.1995135370886198E-008   7.4169943041517250     
   93.333333333447399        6.2702177333027548E-002   2.6346632421612559E-002  -5.7986092872479023E-002  -1.0970415859210166E-008   7.5525549991353014     
   93.513513513627800        6.2750148068261249E-002   2.6353028300222778E-002  -5.8114221310197112E-002  -1.0056645782363196E-008   7.5816068207098635     
   93.693693693808200        6.2808167138849055E-002   2.6413489441772416E-002  -5.8281266264939777E-002  -9.4185538514971827E-009   7.6238752350221954     
   93.873873873988600        6.2882956576129218E-002   2.6457218002773425E-002  -5.8490435121611450E-002  -8.1468528165461909E-009   7.6354408969383618     
   94.054054054169001        6.2963728907496200E-002   2.6458179876357495E-002  -5.8660426508676047E-002  -7.5449747638039985E-009   7.5231494124184390     
   94.234234234349401        6.3033410312107963E-002   2.6464611204381802E-002  -5.8768633882168547E-002  -6.2183878920500311E-009   7.5579076509320497     
   94.414414414529801        6.3097830346468223E-002   2.6496910504769152E-002  -5.8827822749515965E-002  -6.4957032734692866E-009   7.4335045660594270     
   94.594594594710202        6.3150892922261850E-002   2.6579242987823711E-002  -5.8860094348197292E-002  -6.1675625093685059E-009   7.3697686695509290     
   94.774774774890602        6.3192402894739375E-002   2.6662973442926889E-002  -5.8901966181369864E-002  -7.0038750541057210E-009   7.4720167857447128     
   94.954954955071003        6.3225930872583894E-002   2.6726824519972301E-002  -5.8939372241668495E-002  -8.6539764113602305E-009   7.5940466741173349     
   95.135135135251403        6.3257988210268623E-002   2.6722332730575261E-002  -5.8985487945616047E-002  -9.3622151632479738E-009   7.5880813279183288     
   95.315315315431803        6.3273303406233619E-002   2.6721516600405486E-002  -5.9002790214966294E-002  -9.2030737500052320E-009   7.6103598288494778     
   95.495495495612204        6.3274121861382399E-002   2.6703109243361701E-002  -5.8972851216121558E-002  -1.0047460461663458E-008   7.6470239316369515     
   95.675675675792604        6.3298701904385121E-002   2.6681018389223113E-002  -5.8967775239752621E-002  -9.3103513839912823E-009   7.5911208767015435     
   95.855855855973005        6.3360281725092643E-002   2.6633098056963699E-002  -5.9072135058360523E-002  -8.4361241528686401E-009   7.5288854146807163     
   96.036036036153405        6.3435041425915814E-002   2.6644603111542483E-002  -5.9220105411813564E-002  -8.2971707899399167E-009   7.6068767464450211     
   96.216216216333805        6.3530342177646110E-002   2.6637919337589133E-002  -5.9361197011217698E-002  -7.5095257196044900E-009   7.5461553923458276     
   96.396396396514206        6.3645320287576967E-002   2.6625061380808838E-002  -5.9450718348139697E-002  -6.9630812740685648E-009   7.5158668067606138     
   96.576576576694606        6.3751720895734304E-002   2.6618789148485617E-002  -5.9489890651100233E-002  -8.4903934350521523E-009   7.4509493165982947     
   96.756756756875006        6.3834073869610430E-002   2.6624848148996794E-002  -5.9529735626628125E-002  -9.4037896598547330E-009   7.4636754591198509     
   96.936936937055407        6.3915444330958984E-002   2.6637715858859302E-002  -5.9594010637438646E-002  -7.6140267845935955E-009   7.4047251315200624     
   97.117117117235807        6.3980020700703896E-002   2.6630410924259447E-002  -5.9616836527193295E-002  -5.6288367452525412E-009   7.4830617821725918     
   97.297297297416208        6.4001812391839358E-002   2.6639593741673195E-002  -5.9590441972175029E-002  -7.7888928759215765E-009   7.5554953636887721     
   97.477477477596608        6.4008600621554237E-002   2.6636818976505650E-002  -5.9577738440199576E-002  -8.2279797372436609E-009   7.4784136366929674     
   97.657657657777008        6.4030886657008845E-002   2.6667857685427468E-002  -5.9592153895413891E-002  -7.1160988143062317E-009   7.5230691245060175     
   97.837837837957409        6.4038660473178646E-002   2.6714116738770673E-002  -5.9597512087528476E-002  -6.2575346473030837E-009   7.6515342944225653     
   98.018018018137809        6.4012787932722498E-002   2.6745452680497356E-002  -5.9555543767653041E-002  -5.6468317343801733E-009   7.6163713612094632     
   98.198198198318210        6.3966857013371348E-002   2.6752060419266553E-002  -5.9500131412154711E-002  -5.9823622005545773E-009   7.4527778957130275     
   98.378378378498610        6.3917156176413123E-002   2.6796773539206422E-002  -5.9440264062130016E-002  -5.4985958056478390E-009   7.6029768941383020     
   98.558558558679010        6.3883072187741349E-002   2.6850369893670276E-002  -5.9362932847381117E-002  -7.1699704344233052E-009   7.6456859840938289     
   98.738738738859411        6.3861996488952036E-002   2.6894614333527182E-002  -5.9299940015087940E-002  -7.8288069063603206E-009   7.8105940139445584     
   98.918918919039811        6.3859673232572869E-002   2.6915324036560342E-002  -5.9290934342376561E-002  -7.4383943704485112E-009   7.7680108292564425     
   99.099099099220211        6.3859753770222072E-002   2.6913035818104801E-002  -5.9285999236513495E-002  -5.5026618713492730E-009   7.6945576647479044     
   99.279279279400612        6.3837301761699036E-002   2.6903032625759535E-002  -5.9213508928576963E-002  -3.7898463988388768E-009   7.6681745317290817     
   99.459459459581012        6.3784846054019295E-002   2.6887249039068639E-002  -5.9061862300496676E-002  -3.8216592760803330E-009   7.6063709518744185     
   99.639639639761413        6.3738413347487338E-002   2.6844717619243490E-002  -5.8872605059942601E-002  -3.8516643135855491E-009   7.4214910731009232     
   99.819819819941813        6.3730403045735531E-002   2.6825544039951094E-002  -5.8717063910041251E-002  -4.2143261802817144E-009   7.4189684002841272     
   100.00000000012221        6.3735833927717339E-002   2.6835426056548633E-002  -5.8604659104249487E-002  -3.7294991821931450E-009   7.3066900123187786     
   100.18018018030261        6.3729972221509654E-002   2.6846424005974305E-002  -5.8536804754540706E-002  -3.9265968975311024E-009   7.3226076471100381     
   100.36036036048301        6.3706601315532102E-002   2.6826545840947267E-002  -5.8508765688316311E-002  -2.8846384704326093E-009   7.2864599398852992     
   100.54054054066341        6.3681022152353536E-002   2.6836928531923748E-002  -5.8496568760466564E-002  -1.5214077809404343E-009   7.3888516065372389     
   100.72072072084381        6.3642572036495412E-002   2.6841289140967752E-002  -5.8461064787764958E-002  -5.4543088320865287E-010   7.4666543079355634     
   100.90090090102422        6.3609825769861975E-002   2.6789760453841828E-002  -5.8407724882794707E-002  -1.5821053805066689E-009   7.3860214745835311     
   101.08108108120462        6.3574473386198885E-002   2.6761609673164502E-002  -5.8303016891339862E-002  -1.3916596222574403E-009   7.4228102754668486     
   101.26126126138502        6.3521680750897702E-002   2.6741397440521650E-002  -5.8162396723766593E-002  -1.3135456585875876E-009   7.4432842893389486     
   101.44144144156542        6.3471001944544053E-002   2.6743465680356873E-002  -5.8070727179758752E-002  -9.6708004062985389E-010   7.4034002170817335     
   101.62162162174582        6.3409747975452596E-002   2.6778623723761705E-002  -5.7974465243093090E-002  -7.8752592190301895E-010   7.5239212835744134     
   101.80180180192622        6.3357336469223396E-002   2.6783346342355338E-002  -5.7852933780937060E-002  -1.4072615321842531E-009   7.4612701492136599     
   101.98198198210662        6.3306612336791052E-002   2.6784899989531777E-002  -5.7758186950666771E-002  -1.4865317770977722E-009   7.5510789722271836     
   102.16216216228702        6.3262366401374476E-002   2.6774983866743460E-002  -5.7729314110330207E-002  -1.9153280373317360E-009   7.4196182193887710     
   102.34234234246742        6.3236973779638869E-002   2.6769870430069290E-002  -5.7733449615888166E-002  -1.4807048608261967E-009   7.4423902893865979     
   102.52252252264782        6.3216608502166052E-002   2.6748232178428071E-002  -5.7768196719244713E-002  -1.9963562737425916E-009   7.4975495025304379     
   102.70270270282822        6.3185072303371670E-002   2.6711820327359029E-002  -5.7823861684202060E-002  -1.2280250383681839E-010   7.5245145199953019     
   102.88288288300862        6.3127416202536021E-002   2.6649027285175729E-002  -5.7824553424850891E-002   2.3960978281137656E-010   7.4548429160605529     
   103.06306306318902        6.3023880322548145E-002   2.6612658458185445E-002  -5.7785849558751629E-002   1.3487093432334818E-009   7.4985264755546135     
   103.24324324336942        6.2904327270681293E-002   2.6561552858057041E-002  -5.7709262056433883E-002   1.0637286337832577E-009   7.6594871554178381     
   103.42342342354982        6.2805171221018447E-002   2.6529367001859889E-002  -5.7629360412184458E-002  -1.3858319120184270E-009   7.5415623325855305     
   103.60360360373022        6.2710905435574185E-002   2.6536820464258429E-002  -5.7560529223383367E-002  -2.6042611989041017E-009   7.5727928292186544     
   103.78378378391062        6.2611500521292357E-002   2.6543078611058642E-002  -5.7501907791620344E-002  -5.6981935134027113E-010   7.5320582484191174     
   103.96396396409102        6.2512420219602960E-002   2.6538063616961802E-002  -5.7461443227387790E-002   3.3186580666026811E-010   7.5621037577132535     
   104.14414414427142        6.2405406541541010E-002   2.6535423898489837E-002  -5.7430041032159887E-002   3.4634616417323182E-011   7.4397661548017542     
   104.32432432445182        6.2297253264604766E-002   2.6550836340828252E-002  -5.7383007555657825E-002  -2.2307160241491392E-009   7.4975167087255077     
   104.50450450463222        6.2228983211262877E-002   2.6532641151560791E-002  -5.7385342748716137E-002  -2.7279036826921808E-009   7.4986607115050017     
   104.68468468481262        6.2223368677879566E-002   2.6477925003338044E-002  -5.7454784079004048E-002  -2.5926986366999647E-009   7.4614112236292041     
   104.86486486499302        6.2229772913375205E-002   2.6459966798672793E-002  -5.7544119678725844E-002   3.0579210349281587E-010   7.4076464530517026     
   105.04504504517342        6.2193912904971421E-002   2.6483606807921653E-002  -5.7583138278772941E-002   1.1553700043258263E-009   7.5770957600184747     
   105.22522522535382        6.2114937864451124E-002   2.6416902432896357E-002  -5.7540585154196702E-002   1.2563004624448360E-009   7.4063949240341937     
   105.40540540553422        6.2049571817063318E-002   2.6351399617771696E-002  -5.7493823648955666E-002   2.5132269843072500E-010   7.3524252209320995     
   105.58558558571463        6.1995556093931703E-002   2.6305966221601966E-002  -5.7450542542648864E-002  -9.5629171901189204E-010   7.4640232113992786     
   105.76576576589503        6.1941450165524284E-002   2.6279190652893983E-002  -5.7418212610497760E-002  -2.7894396986618428E-009   7.6174161635305344     
   105.94594594607543        6.1923975461555723E-002   2.6247338912455679E-002  -5.7435122638567815E-002  -2.1424481664331576E-009   7.5587373104652658     
   106.12612612625583        6.1958268061389037E-002   2.6200163527970315E-002  -5.7493160113473968E-002   1.6199106880338953E-009   7.4368639850574674     
   106.30630630643623        6.2005098672249841E-002   2.6171904068767331E-002  -5.7543721770305090E-002   2.9146167207418791E-009   7.4732687405619318     
   106.48648648661663        6.2044549329877595E-002   2.6181924502442472E-002  -5.7560713905731739E-002   3.4776352200133724E-009   7.5158738442716961     
   106.66666666679703        6.2072058906311518E-002   2.6209403440274944E-002  -5.7547685381415789E-002   3.4840642468040510E-009   7.4874819631029172     
   106.84684684697743        6.2050312356887280E-002   2.6227139684223161E-002  -5.7443662520641217E-002   3.3776709056449773E-009   7.4380656881709308     
   107.02702702715783        6.2001594185067579E-002   2.6206151487303656E-002  -5.7302883813170780E-002   1.9497819455520157E-010   7.4152750575860686     
   107.20720720733823        6.1962294057690409E-002   2.6216968438174938E-002  -5.7168149215992253E-002  -1.3462800451182863E-009   7.5928279142016555     
   107.38738738751863        6.1938466724377236E-002   2.6203578512999429E-002  -5.7002398511585645E-002  -1.4720206679725645E-009   7.6185001357760020     
   107.56756756769903        6.1919450324665046E-002   2.6219715773622615E-002  -5.6857393652202839E-002  -5.2664958835421640E-010   7.5519548124897744     
   107.74774774787943        6.1892624940406593E-002   2.6210090754138240E-002  -5.6750427014477439E-002  -2.0256127781023008E-009   7.6058387117999144     
   107.92792792805983        6.1866959685631530E-002   2.6210760038478026E-002  -5.6705562445018273E-002  -1.7663588632226075E-009   7.6088134876393134     
   108.10810810824023        6.1853450235408843E-002   2.6224816494493711E-002  -5.6741618566892277E-002  -2.3887475076985713E-009   7.7109126443442362     
   108.28828828842063        6.1870548321823510E-002   2.6176809090262904E-002  -5.6885852124754444E-002  -1.3118808890208238E-009   7.6260292021258111     
   108.46846846860103        6.1913897149629103E-002   2.6150918307702928E-002  -5.7099013691123593E-002  -5.6447866301566107E-010   7.5892365579946510     
   108.64864864878143        6.1928062142531236E-002   2.6161970411739160E-002  -5.7293180519432191E-002  -1.2894473513193460E-009   7.6035080965724609     
   108.82882882896183        6.1909513541133110E-002   2.6162937254833121E-002  -5.7424462313363109E-002  -1.1917022335036355E-009   7.6433423596206751     
   109.00900900914223        6.1901935473695158E-002   2.6130381286111927E-002  -5.7537527390275581E-002  -8.1700360645529070E-010   7.6401786507802525     
   109.18918918932263        6.1907630175414383E-002   2.6137755980346965E-002  -5.7633175443499288E-002   1.7922097206543718E-009   7.6489404917503734     
   109.36936936950303        6.1885739286293311E-002   2.6182263376620350E-002  -5.7638195597063624E-002   2.5537647190491828E-009   7.7068531640662972     
   109.54954954968343        6.1805877380228240E-002   2.6207215853905678E-002  -5.7541927519942734E-002   1.8776217320805917E-009   7.7169832556953422     
   109.72972972986383        6.1705746466486591E-002   2.6181009914662320E-002  -5.7477675963024624E-002   1.2267182844495051E-009   7.6447793481026087     
   109.90990991004423        6.1631561647994160E-002   2.6215333031251974E-002  -5.7492228823224995E-002  -1.3225552764607068E-009   7.7872800370749342     
   110.09009009022463        6.1602457479392948E-002   2.6269868704201275E-002  -5.7564298024350549E-002  -1.2110237267867299E-009   7.8092142777984703     
   110.27027027040504        6.1604466749850421E-002   2.6328768124948287E-002  -5.7635874637369439E-002   7.9665247111652100E-011   7.8842673897986577     
   110.45045045058544        6.1625886255643768E-002   2.6407673267673133E-002  -5.7705514327616822E-002   1.4975518792291032E-009   8.0418064885047205     
   110.63063063076584        6.1651281082688858E-002   2.6431835849474616E-002  -5.7746147066458878E-002   1.2638353270932904E-009   8.0582480286605467     
   110.81081081094624        6.1654955391372931E-002   2.6448403713729602E-002  -5.7729419228452733E-002  -6.8051367412164875E-010   8.2020663943499912     
   110.99099099112664        6.1629084055199644E-002   2.6463815067320734E-002  -5.7677643101213150E-002  -1.1450269239204730E-009   8.2637276346692339     
   111.17117117130704        6.1593486896190708E-002   2.6483055769748458E-002  -5.7639802719233538E-002   1.3191783206233163E-009   8.2392511029742259     
   111.35135135148744        6.1563734192717670E-002   2.6502578433098285E-002  -5.7647883455293689E-002   1.8897690594926927E-009   8.3325804593291792     
   111.53153153166784        6.1504565252951802E-002   2.6502350547854495E-002  -5.7624577274072206E-002   1.4833667217476538E-009   8.2402260231104947     
   111.71171171184824        6.1433735197921328E-002   2.6455580221665564E-002  -5.7566746438645025E-002   6.2297338830015312E-010   8.1714085092420650     
   111.89189189202864        6.1384644272798591E-002   2.6458740333959247E-002  -5.7537674323363555E-002  -5.5055098458189729E-010   8.1791449423107530     
   112.07207207220904        6.1363414806586018E-002   2.6473815017852766E-002  -5.7550884596799523E-002   7.4062764347850534E-011   8.1113769407772018     
   112.25225225238944        6.1365808100674664E-002   2.6482276611174440E-002  -5.7572780684727459E-002   4.1857126523437964E-010   8.0248153800524804     
   112.43243243256984        6.1356303948529124E-002   2.6502011586623738E-002  -5.7536851772206785E-002   2.6685903413131368E-010   8.0850297186089275     
