                    0                    0                    0                    0
  0.10309278350528063        7.5610999236549337E-003   5.1840546269684332E-002  -6.6737569150888479E-003  -3.2274449264870690E-009   5.2399666086673493     
  0.20618556701056126        2.2065285565914399E-002   5.2194157191239474E-002  -1.9760308776394096E-002   3.4100861944288416E-009   5.3288075563474964     
  0.30927835051584190        3.5797333807897687E-002   5.2376469837816603E-002  -3.1945456747198751E-002   8.5206398964373844E-009   5.3430412708223258     
  0.41237113402112252        4.8548205944090865E-002   5.2338263079223117E-002  -4.3138728039914406E-002   1.1593066739534255E-008   5.2548366663704584     
  0.51546391752640319        6.0192679748350054E-002   5.2058498808140702E-002  -5.3307711991213313E-002   1.3300190577672520E-008   5.1168094974294283     
  0.61855670103168381        7.0678763240074993E-002   5.1502063604108493E-002  -6.2479355880317222E-002   1.4189927332850338E-008   4.9482466046148925     
  0.72164948453696443        8.0017732769313898E-002   5.0686959120038982E-002  -7.0713625847809575E-002   1.4423162707141257E-008   4.7794403178462197     
  0.82474226804224504        8.8256166317380619E-002   4.9687510520256425E-002  -7.8061041282239313E-002   1.4139652808212952E-008   4.6262996660420423     
  0.92783505154752566        9.5458856504707743E-002   4.8566559979886938E-002  -8.4566429935481371E-002   1.3631809379317076E-008   4.5007701307036081     
   1.0309278350528064       0.10170330684632035        4.7368611154586987E-002  -9.0278603750271705E-002   1.3046692794054190E-008   4.3950369562021185     
   1.1340206185580870       0.10706590724934380        4.6139387498752446E-002  -9.5244447616218753E-002   1.2380446848421164E-008   4.3006194224460463     
   1.2371134020633676       0.11161752417315449        4.4924873856141974E-002  -9.9503567223743955E-002   1.1600685607182239E-008   4.2323690840769075     
   1.3402061855686482       0.11543099911960804        4.3757868198371824E-002 -0.10309785200963964        1.0792051145633341E-008   4.1783347843848722     
   1.4432989690739289       0.11858152020619318        4.2651794609602792E-002 -0.10608484968155274        9.9141754856495744E-009   4.1454846517189763     
   1.5463917525792095       0.12113705074549948        4.1618484173119176E-002 -0.10852813401507508        8.9146429929815605E-009   4.1339495437730545     
   1.6494845360844901       0.12315909184970820        4.0655185179718618E-002 -0.11048836326333983        7.8627965721238003E-009   4.1385938014274464     
   1.7525773195897707       0.12470925394724396        3.9757040196931499E-002 -0.11201731462328016        6.7506658316936284E-009   4.1463437571322617     
   1.8556701030950513       0.12584557410829103        3.8924545922906000E-002 -0.11316337884762087        5.6359008040646909E-009   4.1611473109681603     
   1.9587628866003319       0.12662191286360658        3.8157572039180181E-002 -0.11398087052966213        4.5378554453322480E-009   4.1776116363321778     
   2.0618556701056128       0.12708915228814732        3.7454215668529786E-002 -0.11452509149988330        3.4102890977507875E-009   4.1921665423606171     
   2.1649484536108932       0.12729017648431692        3.6815917926159764E-002 -0.11483461017183899        2.2613209049047617E-009   4.2040273727155313     
   2.2680412371161740       0.12726278137985406        3.6241710408671843E-002 -0.11494030366829178        1.0904299157871817E-009   4.2279834148662463     
   2.3711340206214544       0.12704283401335142        3.5727399587298862E-002 -0.11487282670581650       -1.1569269267493376E-010   4.2525294995947345     
   2.4742268041267352       0.12666154118416525        3.5264771323297736E-002 -0.11466113101536585       -1.3063184431802470E-009   4.2798868626071815     
   2.5773195876320156       0.12614444341172992        3.4845795508370879E-002 -0.11432926279896422       -2.5492759114856973E-009   4.3153236230784557     
   2.6804123711372965       0.12551520152850812        3.4463394544965130E-002 -0.11389714309588592       -3.7640280541467189E-009   4.3496952919235063     
   2.7835051546425769       0.12479837653950331        3.4111491309500738E-002 -0.11339304320404597       -4.8151400665751870E-009   4.3669035342465383     
   2.8865979381478577       0.12401205467301847        3.3792393940555346E-002 -0.11283951825906330       -5.6840639584048146E-009   4.3648107620015999     
   2.9896907216531381       0.12317124852636614        3.3519305460031353E-002 -0.11224791309473939       -6.6034316176850205E-009   4.3826651441046263     
   3.0927835051584189       0.12228045490963961        3.3288521965230425E-002 -0.11161656862565594       -7.1778591669423559E-009   4.3975008549794854     
   3.1958762886636993       0.12134038790077073        3.3078869636305942E-002 -0.11094131631484314       -7.5945181109971030E-009   4.4019223210407867     
   3.2989690721689802       0.12036188008551743        3.2887897974147290E-002 -0.11022801488059161       -8.1236447415669951E-009   4.3914220773098123     
   3.4020618556742610       0.11935894804397275        3.2724212936309789E-002 -0.10948719664039266       -8.8218450484580896E-009   4.4085141576507114     
   3.5051546391795414       0.11833717737987827        3.2584446564385749E-002 -0.10872341472280150       -9.5408673806688321E-009   4.4464721099211184     
   3.6082474226848222       0.11730226360929275        3.2451819900137270E-002 -0.10794623586353197       -1.0245823194724131E-008   4.4767363579016743     
   3.7113402061901026       0.11626813484545857        3.2318364283099581E-002 -0.10717594700867203       -1.0867349318518709E-008   4.4795702950350762     
   3.8144329896953835       0.11524410739101662        3.2185956454734828E-002 -0.10642189325969346       -1.1422889912606114E-008   4.4622769993976474     
   3.9175257732006639       0.11423778991754127        3.2058557271523937E-002 -0.10569340219683906       -1.1808152290434850E-008   4.4520723512392424     
   4.0206185567059443       0.11325459917549741        3.1936796117373017E-002 -0.10500031425024269       -1.1993545541296059E-008   4.4365870739143913     
   4.1237113402112255       0.11229545857403377        3.1824684080063413E-002 -0.10434487420985100       -1.2247591830272566E-008   4.4402096966416496     
   4.2268041237165059       0.11136084687120534        3.1735573242943627E-002 -0.10372015377231701       -1.2607906536158597E-008   4.4476960360233360     
   4.3298969072217863       0.11044635055084844        3.1662294567968929E-002 -0.10310895538019632       -1.2606317297635770E-008   4.4448618080207973     
   4.4329896907270667       0.10954817619924397        3.1589343397709739E-002 -0.10250478945484610       -1.2476662901675777E-008   4.4406564802693627     
   4.5360824742323480       0.10866735752751439        3.1521673232836910E-002 -0.10190508872782324       -1.2592998626721759E-008   4.4535326579789700     
   4.6391752577376284       0.10780360580385581        3.1464299146390075E-002 -0.10130546318834201       -1.2776830475261974E-008   4.4693085360777962     
   4.7422680412429088       0.10695472669717943        3.1412235242565319E-002 -0.10070755126807791       -1.3109015805442645E-008   4.4869747477113817     
   4.8453608247481892       0.10612226376311097        3.1366544907700245E-002 -0.10012189201220451       -1.3627721443702867E-008   4.4969721227213375     
   4.9484536082534705       0.10530563025333842        3.1331158614053563E-002  -9.9548838603318590E-002  -1.4065847843295328E-008   4.4995054646809862     
   5.0515463917587509       0.10450440749713739        3.1305914533586152E-002  -9.8979060214514913E-002  -1.4286595713736888E-008   4.4846322675172567     
   5.1546391752640313       0.10371654333139546        3.1290387103150893E-002  -9.8404382393825263E-002  -1.4229831957582081E-008   4.4669152083645107     
   5.2577319587693125       0.10293709230631215        3.1283875660897409E-002  -9.7826117128032283E-002  -1.4147820219592780E-008   4.4737647594220151     
   5.3608247422745929       0.10216646299808431        3.1289619261576022E-002  -9.7251555998516190E-002  -1.4136824324449368E-008   4.4832974291458898     
   5.4639175257798733       0.10140399903775744        3.1304195756983497E-002  -9.6677344811278890E-002  -1.4092430877830525E-008   4.4902310791486881     
   5.5670103092851537       0.10064925100819193        3.1320146930951302E-002  -9.6097872165184159E-002  -1.4182016004975062E-008   4.5020087886888547     
   5.6701030927904350        9.9904575297903836E-002   3.1337308045755755E-002  -9.5515659639825543E-002  -1.4508433334316278E-008   4.5410593421878565     
   5.7731958762957154        9.9174642429295912E-002   3.1352606722788424E-002  -9.4939904455594387E-002  -1.4711259135496027E-008   4.5375167809618020     
   5.8762886598009958        9.8463214688588277E-002   3.1359470687195627E-002  -9.4378088244681843E-002  -1.4568488139454031E-008   4.5002317842571653     
   5.9793814433062762        9.7770970060011717E-002   3.1364147138358937E-002  -9.3832701584885755E-002  -1.4366313142183668E-008   4.5084528247632623     
   6.0824742268115575        9.7101016310658317E-002   3.1350994368114206E-002  -9.3306550802422561E-002  -1.4089068422432746E-008   4.5361799709982824     
   6.1855670103168379        9.6455416217391968E-002   3.1323662385781062E-002  -9.2801942770390153E-002  -1.4251811721655455E-008   4.5017044777142221     
   6.2886597938221183        9.5835545464376948E-002   3.1302423253064177E-002  -9.2323628379921127E-002  -1.4392651173031990E-008   4.4797566142840690     
   6.3917525773273987        9.5241173600681600E-002   3.1292299610575981E-002  -9.1870605225691584E-002  -1.4383494141242220E-008   4.4828630226560389     
   6.4948453608326799        9.4668466510003380E-002   3.1286627650666116E-002  -9.1435858654455721E-002  -1.4152218219208737E-008   4.4386394035190158     
   6.5979381443379603        9.4113547282314455E-002   3.1282012965456740E-002  -9.1020392557326732E-002  -1.3914523983377840E-008   4.4157695389671288     
   6.7010309278432407        9.3573417080444768E-002   3.1283276874778859E-002  -9.0624099249487125E-002  -1.3815499728623641E-008   4.4068821502637281     
   6.8041237113485220        9.3046292390563820E-002   3.1284937346867978E-002  -9.0238865830668966E-002  -1.3798451929654161E-008   4.4006046734559279     
   6.9072164948538024        9.2536081690423336E-002   3.1291147904171986E-002  -8.9863407039021181E-002  -1.4013193454302093E-008   4.4060606961696962     
   7.0103092783590828        9.2039169329328430E-002   3.1302674172159178E-002  -8.9493493054722345E-002  -1.4066710533672332E-008   4.3867930169676272     
   7.1134020618643632        9.1548824830265177E-002   3.1310766800594386E-002  -8.9124966801268260E-002  -1.3765585169794012E-008   4.3439744791978212     
   7.2164948453696445        9.1067652044583738E-002   3.1327704086840075E-002  -8.8763564272320281E-002  -1.3699156562669122E-008   4.3494918965414424     
   7.3195876288749249        9.0593703232756367E-002   3.1362109695720120E-002  -8.8403969385761283E-002  -1.3559720619172019E-008   4.4062248985509873     
   7.4226804123802053        9.0125771266222829E-002   3.1397696977385821E-002  -8.8044282310177344E-002  -1.3623278415050182E-008   4.4416654001026536     
   7.5257731958854857        8.9662238467362293E-002   3.1431930939965713E-002  -8.7690801983396280E-002  -1.3883358409863139E-008   4.4288412595728772     
   7.6288659793907669        8.9202485697100251E-002   3.1466620022347465E-002  -8.7344813363942078E-002  -1.4023687397995879E-008   4.4157409583455349     
   7.7319587628960473        8.8750150968998298E-002   3.1498195204131732E-002  -8.7009510148289948E-002  -1.3963411118652633E-008   4.4017683689175913     
   7.8350515464013277        8.8307230075597626E-002   3.1521299725392957E-002  -8.6681929831292096E-002  -1.3886365812010626E-008   4.3762265440991612     
   7.9381443299066081        8.7874349183797773E-002   3.1544066936860023E-002  -8.6352509353003870E-002  -1.3963519891862507E-008   4.3581861333339704     
   8.0412371134118885        8.7451936292884225E-002   3.1567199694188385E-002  -8.6019151579312725E-002  -1.3969433121753242E-008   4.3646320217108192     
   8.1443298969171689        8.7040305668140319E-002   3.1584960426839025E-002  -8.5685459336494824E-002  -1.4114473832843015E-008   4.3614592845391762     
   8.2474226804224511        8.6641124161237162E-002   3.1600646719535143E-002  -8.5358144051327911E-002  -1.4213506665904992E-008   4.3509664777026975     
   8.3505154639277315        8.6255765061365661E-002   3.1614604307300904E-002  -8.5039149242952528E-002  -1.4100947586705024E-008   4.3429869313282570     
   8.4536082474330119        8.5884798685490232E-002   3.1620940078325298E-002  -8.4728599627856491E-002  -1.3774222966704289E-008   4.3396366621849936     
   8.5567010309382923        8.5529772422018882E-002   3.1619293630032012E-002  -8.4430509581005203E-002  -1.3468748240280353E-008   4.3460295826688977     
   8.6597938144435727        8.5189791634011830E-002   3.1614791185581526E-002  -8.4145371174676437E-002  -1.3307492449866933E-008   4.3540999000956475     
   8.7628865979488531        8.4861634131352962E-002   3.1609795669751764E-002  -8.3870229172195471E-002  -1.3267158927453459E-008   4.3613870967071788     
   8.8659793814541334        8.4540132930320491E-002   3.1601441514813304E-002  -8.3596295573917817E-002  -1.3305958119229173E-008   4.3611784373532965     
   8.9690721649594156        8.4225235622130107E-002   3.1585297098079244E-002  -8.3323637443394424E-002  -1.3342401105471282E-008   4.3502787003207075     
   9.0721649484646960        8.3923336592816991E-002   3.1563789605161353E-002  -8.3060606095427536E-002  -1.3378262183614836E-008   4.3329462465571549     
   9.1752577319699764        8.3633899433849024E-002   3.1544248735407274E-002  -8.2807180011757048E-002  -1.3426903439734191E-008   4.3237137058755071     
   9.2783505154752568        8.3355210795904827E-002   3.1534789540050387E-002  -8.2567217470382856E-002  -1.3436197720849425E-008   4.3243785693314267     
   9.3814432989805372        8.3085696681519203E-002   3.1540439536715301E-002  -8.2343539938263779E-002  -1.3401313170538547E-008   4.3337605463819697     
   9.4845360824858176        8.2825384331739249E-002   3.1560321938202116E-002  -8.2133741108155217E-002  -1.3389480813046143E-008   4.3481448568068277     
   9.5876288659910980        8.2577903517844678E-002   3.1584606926794372E-002  -8.1939617721777047E-002  -1.3143610410409395E-008   4.3485761249471997     
   9.6907216494963784        8.2339558276327010E-002   3.1599363289876378E-002  -8.1756315366888058E-002  -1.2761042610034207E-008   4.3348087819663936     
   9.7938144330016605        8.2108299036105378E-002   3.1602913725158784E-002  -8.1581517383757893E-002  -1.2461039507506938E-008   4.3196418150567242     
   9.8969072165069409        8.1884637550617687E-002   3.1602876138162116E-002  -8.1416592003223515E-002  -1.2345697233518531E-008   4.3121013009552875     
   10.000000000012221        8.1666186096329876E-002   3.1605311436390102E-002  -8.1260113150088409E-002  -1.2242628293097517E-008   4.3151333435885801     
   10.103092783517502        8.1452616044127332E-002   3.1612120430213039E-002  -8.1110731139463668E-002  -1.2135460519233303E-008   4.3267151946378064     
   10.206185567022782        8.1242576714222900E-002   3.1618759522738224E-002  -8.0963560362918130E-002  -1.1964969597164031E-008   4.3387329381916198     
   10.309278350528063        8.1033792642177513E-002   3.1620492769609813E-002  -8.0814372140384311E-002  -1.1962165824110774E-008   4.3396833954824228     
   10.412371134033343        8.0822819936301984E-002   3.1622218865524854E-002  -8.0658667887008553E-002  -1.2171671918006510E-008   4.3303085915470234     
   10.515463917538625        8.0606984966918732E-002   3.1626585428718747E-002  -8.0492233834449811E-002  -1.2450785442960015E-008   4.3269521516707918     
   10.618556701043905        8.0389785747323569E-002   3.1634019496553034E-002  -8.0322951474043322E-002  -1.2635818271316642E-008   4.3229664610140386     
   10.721649484549186        8.0175318437116047E-002   3.1641155712407568E-002  -8.0157202975225883E-002  -1.2726599890424845E-008   4.3186547889571472     
   10.824742268054466        7.9967916798531977E-002   3.1647876323168074E-002  -7.9993655682118581E-002  -1.2848659833619933E-008   4.3177433336884485     
   10.927835051559747        7.9767417765386955E-002   3.1651515651096668E-002  -7.9828387317472202E-002  -1.2826672425825498E-008   4.3033639614277650     
   11.030927835065027        7.9574240419698877E-002   3.1645970080210251E-002  -7.9668078691759264E-002  -1.2614711250428609E-008   4.2862578615853542     
   11.134020618570307        7.9393980134167721E-002   3.1638078602521262E-002  -7.9520190184623918E-002  -1.2574979758655692E-008   4.2775660816208072     
   11.237113402075588        7.9226227002159699E-002   3.1636311720706224E-002  -7.9377914020578227E-002  -1.2574042926235755E-008   4.2675419734384556     
   11.340206185580870        7.9065074555939488E-002   3.1635794331088318E-002  -7.9234956710267576E-002  -1.2496801816847597E-008   4.2679096377540642     
   11.443298969086150        7.8912734190490941E-002   3.1630676854947790E-002  -7.9097730109989828E-002  -1.2488789745531334E-008   4.2754202620963246     
   11.546391752591431        7.8775422565927830E-002   3.1621638258505468E-002  -7.8975124868364457E-002  -1.2616025578235919E-008   4.2831778625733152     
   11.649484536096711        7.8653020897600193E-002   3.1611155485658612E-002  -7.8867511688162348E-002  -1.2821172325635622E-008   4.2918406701866481     
   11.752577319601992        7.8543180698234613E-002   3.1603238613634968E-002  -7.8774110641443615E-002  -1.3002100313438836E-008   4.2929426430782653     
   11.855670103107272        7.8442902060348693E-002   3.1598329316054177E-002  -7.8695393331824695E-002  -1.3009746137327882E-008   4.2788890512782984     
   11.958762886612552        7.8353670221829957E-002   3.1594088328853139E-002  -7.8630255491180981E-002  -1.2896730566014331E-008   4.2669684912353265     
   12.061855670117835        7.8271028914647947E-002   3.1593194807690378E-002  -7.8572882785474529E-002  -1.2849035056470915E-008   4.2731798793393176     
   12.164948453623115        7.8186514651202230E-002   3.1597397250002775E-002  -7.8513723641154956E-002  -1.2882642607748130E-008   4.2875232662308544     
   12.268041237128395        7.8099858935999480E-002   3.1605579330404331E-002  -7.8449564215646209E-002  -1.2862360135890173E-008   4.2937068140613768     
   12.371134020633676        7.8014281316611228E-002   3.1614345262638538E-002  -7.8386840045985964E-002  -1.2720264274955061E-008   4.2926927063739484     
   12.474226804138956        7.7928901878018916E-002   3.1624784065531236E-002  -7.8325478158330367E-002  -1.2576408196251569E-008   4.2976119080337503     
   12.577319587644237        7.7844140099275844E-002   3.1640446435587756E-002  -7.8266514098199305E-002  -1.2375362863471970E-008   4.3030912550926868     
   12.680412371149517        7.7763706284897344E-002   3.1659221190501900E-002  -7.8213991140407793E-002  -1.2132909361058776E-008   4.3122645378153219     
   12.783505154654797        7.7681673671468554E-002   3.1675805160067218E-002  -7.8158946961494197E-002  -1.1962218318145059E-008   4.3194980230850231     
   12.886597938160079        7.7593098989646350E-002   3.1685597050662206E-002  -7.8091512792083803E-002  -1.1857920094916785E-008   4.3213521098845842     
   12.989690721665360        7.7502577490311322E-002   3.1690739485825910E-002  -7.8012195627447642E-002  -1.1824363700570984E-008   4.3181046042757325     
   13.092783505170640        7.7412815049844708E-002   3.1695310970088091E-002  -7.7928365717077161E-002  -1.1770069962719466E-008   4.3036966211355185     
   13.195876288675921        7.7321575421732874E-002   3.1701898994800998E-002  -7.7839674436542980E-002  -1.1735814846534373E-008   4.3013057456190547     
   13.298969072181201        7.7227040678884570E-002   3.1716153170049499E-002  -7.7743479865214599E-002  -1.1896538942987151E-008   4.3270183025051825     
   13.402061855686481        7.7129289026089107E-002   3.1741051269747661E-002  -7.7641958451960078E-002  -1.2181431972368442E-008   4.3687221502657900     
   13.505154639191762        7.7026308998316570E-002   3.1769208775591556E-002  -7.7530112533362630E-002  -1.2284114179202603E-008   4.3814473029675050     
   13.608247422697044        7.6921738384563162E-002   3.1786990572300784E-002  -7.7411133097348400E-002  -1.1999560836200811E-008   4.3446061093044044     
   13.711340206202324        7.6825646796466820E-002   3.1800074288270357E-002  -7.7297653560912338E-002  -1.2000277814912165E-008   4.3551145119547456     
   13.814432989707605        7.6743735045589762E-002   3.1816799343000829E-002  -7.7196811218408726E-002  -1.1960016335651431E-008   4.3856191772709483     
   13.917525773212885        7.6678078467391983E-002   3.1826747086121154E-002  -7.7113137694400577E-002  -1.2016447506030847E-008   4.3814530129410283     
   14.020618556718166        7.6626618894791373E-002   3.1833848924820524E-002  -7.7044425407897132E-002  -1.2213553417219838E-008   4.3515251401071318     
   14.123711340223446        7.6585202845628586E-002   3.1845562482260850E-002  -7.6988900568603219E-002  -1.2280739610859908E-008   4.3299200157019380     
   14.226804123728726        7.6548739420010434E-002   3.1859210709137796E-002  -7.6946335976848565E-002  -1.2166686263780770E-008   4.3124517571006651     
   14.329896907234007        7.6518697277357203E-002   3.1872924169330498E-002  -7.6918905467967577E-002  -1.2172089806037850E-008   4.3132195998688196     
   14.432989690739289        7.6501873906861209E-002   3.1887976397138307E-002  -7.6915241441836868E-002  -1.2226407957334791E-008   4.3105329579634963     
   14.536082474244569        7.6499260734197549E-002   3.1899863154346918E-002  -7.6937126596659217E-002  -1.2113980099914794E-008   4.2980081713157503     
   14.639175257749850        7.6508299016640552E-002   3.1910091091571578E-002  -7.6979020672924503E-002  -1.1964669061828156E-008   4.2920773113789732     
   14.742268041255130        7.6525768279412015E-002   3.1922156095483115E-002  -7.7032863462130854E-002  -1.1662101896323440E-008   4.2934226950950620     
   14.845360824760411        7.6552618615101584E-002   3.1930882689549495E-002  -7.7097205757511639E-002  -1.1283306977673741E-008   4.3236842110851708     
   14.948453608265691        7.6584877853385289E-002   3.1936205947135490E-002  -7.7167145780958249E-002  -1.1230248212701047E-008   4.3637067194606081     
   15.051546391770971        7.6617682702257106E-002   3.1943938246112011E-002  -7.7238209226821911E-002  -1.1427199353310281E-008   4.3991105675858995     
   15.154639175276253        7.6653059361357717E-002   3.1954722987533483E-002  -7.7313996864905907E-002  -1.1477854651885769E-008   4.3977705811529990     
   15.257731958781534        7.6689844281701197E-002   3.1959856112064408E-002  -7.7396098487656162E-002  -1.1191840857025792E-008   4.3548675987958596     
   15.360824742286814        7.6725414558878852E-002   3.1963098632822165E-002  -7.7479882564937014E-002  -1.0913982173035916E-008   4.3165607773969041     
   15.463917525792095        7.6757091507127173E-002   3.1973118863113985E-002  -7.7558029634892819E-002  -1.0634337582448000E-008   4.2945029716493828     
   15.567010309297375        7.6778186248185207E-002   3.1984179753997991E-002  -7.7618473875688349E-002  -1.0423865720067205E-008   4.2995557731128677     
   15.670103092802655        7.6788596660410421E-002   3.1993719795172591E-002  -7.7659776048447302E-002  -1.0479955949767711E-008   4.3234894764104004     
   15.773195876307936        7.6794473824710038E-002   3.1998531598950559E-002  -7.7689801762779329E-002  -1.0573970230954298E-008   4.3418027706301237     
   15.876288659813216        7.6793887009409048E-002   3.1992638404741980E-002  -7.7710300259788617E-002  -1.0596145849542674E-008   4.3573628502262300     
   15.979381443318498        7.6789075811833765E-002   3.1979685964183872E-002  -7.7727980404670355E-002  -1.0531425927514873E-008   4.3525348734479268     
   16.082474226823777        7.6783806172062638E-002   3.1957423309690945E-002  -7.7746624239521694E-002  -1.0220301640479547E-008   4.3355059031469283     
   16.185567010329059        7.6779146000236637E-002   3.1928921517962304E-002  -7.7769445798324940E-002  -1.0052511329637222E-008   4.3079956910417225     
   16.288659793834338        7.6773623111914477E-002   3.1902161514566638E-002  -7.7792732876040757E-002  -9.9462353056768983E-009   4.2759896209885735     
   16.391752577339620        7.6765930830144907E-002   3.1881564627834279E-002  -7.7808548638675409E-002  -1.0035662626979498E-008   4.2717921189354060     
   16.494845360844902        7.6751921683350308E-002   3.1870699269435622E-002  -7.7806687743696520E-002  -1.0189073658174295E-008   4.2786158686076368     
   16.597938144350181        7.6730798411300316E-002   3.1864669063475425E-002  -7.7786707585397810E-002  -1.0317824578592773E-008   4.2994350794794389     
   16.701030927855463        7.6708526830920679E-002   3.1857629582605289E-002  -7.7758057286159796E-002  -1.0382236423598354E-008   4.3098077508585462     
   16.804123711360742        7.6686484984758302E-002   3.1844588867684598E-002  -7.7724452375852890E-002  -1.0292778549638035E-008   4.3042053311225184     
   16.907216494866024        7.6666087174073402E-002   3.1824891733043384E-002  -7.7690782180489831E-002  -1.0181568969573231E-008   4.2945462122301414     
   17.010309278371302        7.6649726275960672E-002   3.1805353604477324E-002  -7.7664081826634146E-002  -1.0183590586372316E-008   4.2909369881642370     
   17.113402061876585        7.6639640902979256E-002   3.1791483662749954E-002  -7.7650558312566759E-002  -1.0223097897113389E-008   4.2964441845884140     
   17.216494845381867        7.6634997429487636E-002   3.1781074599891546E-002  -7.7647001607108343E-002  -1.0230120525196127E-008   4.3081844194828260     
   17.319587628887145        7.6631869801048122E-002   3.1770055614965660E-002  -7.7642401835948061E-002  -1.0154278823428163E-008   4.3152756260272653     
   17.422680412392427        7.6628762022949506E-002   3.1754139566712594E-002  -7.7634322508553746E-002  -9.9977369883682740E-009   4.3123372047575570     
   17.525773195897706        7.6630877852682674E-002   3.1733022556411243E-002  -7.7631275618405160E-002  -9.7994605780375923E-009   4.3008637569983872     
   17.628865979402988        7.6637285764847421E-002   3.1713517310269577E-002  -7.7635347986207859E-002  -9.7889917389540194E-009   4.3076187745494643     
   17.731958762908267        7.6640293710969615E-002   3.1704433780925710E-002  -7.7639303257940911E-002  -9.9039971201398408E-009   4.3312006018072671     
   17.835051546413549        7.6638288723586495E-002   3.1701297893032540E-002  -7.7637481006614717E-002  -1.0008113407833209E-008   4.3575163875200191     
   17.938144329918831        7.6630590674747673E-002   3.1697602021682883E-002  -7.7624974942493610E-002  -1.0093708238938224E-008   4.3671192739325218     
   18.041237113424110        7.6614471130391881E-002   3.1690573933383044E-002  -7.7600270555711046E-002  -1.0012386696119811E-008   4.3583591013910157     
   18.144329896929392        7.6593923168715355E-002   3.1677657972990131E-002  -7.7567869984326798E-002  -9.7853991215521175E-009   4.3425201253580870     
   18.247422680434671        7.6571902763605829E-002   3.1662560084508309E-002  -7.7528975364097502E-002  -9.5653752001152631E-009   4.3189882187169246     
   18.350515463939953        7.6546514805992061E-002   3.1651338334999737E-002  -7.7481453700993116E-002  -9.2830756259123463E-009   4.2886961554257583     
   18.453608247445231        7.6514181896023992E-002   3.1645226599608389E-002  -7.7422354175265287E-002  -8.9514856485474927E-009   4.2743131864066770     
   18.556701030950514        7.6472744736963236E-002   3.1645868909217195E-002  -7.7348598431434559E-002  -8.7592521297321900E-009   4.2772474124903512     
   18.659793814455796        7.6421173813786270E-002   3.1654025971278213E-002  -7.7253913020333617E-002  -8.7757314317549367E-009   4.2899847130329993     
   18.762886597961074        7.6359739083640882E-002   3.1672157144542988E-002  -7.7132755949929771E-002  -8.9620619450579980E-009   4.3001277536969331     
   18.865979381466357        7.6283093223583592E-002   3.1699155124149989E-002  -7.6977256918525930E-002  -9.1145602081773732E-009   4.3013725360780981     
   18.969072164971635        7.6188022091734697E-002   3.1726283825801511E-002  -7.6790907758586296E-002  -9.1416217950251673E-009   4.3037655140316815     
   19.072164948476917        7.6081503376768889E-002   3.1748322276370068E-002  -7.6596659309996901E-002  -9.2391957285517721E-009   4.3039818285696496     
   19.175257731982196        7.5968443182072853E-002   3.1767384734846284E-002  -7.6407658434176906E-002  -9.5088868851253666E-009   4.3070901656715872     
   19.278350515487478        7.5849650018207759E-002   3.1790208865241476E-002  -7.6221615061682041E-002  -9.8722786196788949E-009   4.3109830967276430     
   19.381443298992757        7.5728787437266160E-002   3.1816954650551593E-002  -7.6040122528188286E-002  -1.0175747012993072E-008   4.3111585160364223     
   19.484536082498039        7.5611986918237561E-002   3.1842650838267643E-002  -7.5871101484458886E-002  -1.0343171956139506E-008   4.3066335679666050     
   19.587628866003321        7.5500434846877018E-002   3.1864499468423554E-002  -7.5717658772994856E-002  -1.0445436692854674E-008   4.3059828352089573     
   19.690721649508600        7.5398433468629872E-002   3.1882123371534857E-002  -7.5587457712665271E-002  -1.0569864379410905E-008   4.3111277097907532     
   19.793814433013882        7.5307637290912444E-002   3.1897068510973799E-002  -7.5478497898487637E-002  -1.0660628809636387E-008   4.3157543458264316     
   19.896907216519160        7.5224332824570736E-002   3.1910095228809929E-002  -7.5378912121805461E-002  -1.0650887324456600E-008   4.3209378603308286     
   20.000000000024443        7.5153536276650418E-002   3.1920432402745169E-002  -7.5295965687394301E-002  -1.0601520955874071E-008   4.3241758785932607     
   20.103092783529721        7.5097565967009047E-002   3.1930404939063628E-002  -7.5235367028879230E-002  -1.0544423143174640E-008   4.3198858836177951     
   20.206185567035003        7.5051130796088175E-002   3.1940620926310434E-002  -7.5190199595741386E-002  -1.0435629126664140E-008   4.3139351367327627     
   20.309278350540286        7.5019155124873102E-002   3.1950729049963079E-002  -7.5167636555007189E-002  -1.0325438706173170E-008   4.3091215056404186     
   20.412371134045564        7.5003875312712243E-002   3.1965107499528307E-002  -7.5169769779329848E-002  -1.0240534856049046E-008   4.3034929049332051     
   20.515463917550846        7.4998765856598482E-002   3.1989396137042179E-002  -7.5183166655707637E-002  -1.0170084991943952E-008   4.3125536112606779     
   20.618556701056125        7.5002320364444264E-002   3.2021892493815367E-002  -7.5199236953189114E-002  -1.0048525270257388E-008   4.3405813376485165     
   20.721649484561407        7.5014535534456847E-002   3.2055480384781197E-002  -7.5214326490375530E-002  -1.0018877915319358E-008   4.3644879817691447     
   20.824742268066686        7.5031339983165427E-002   3.2086898465526745E-002  -7.5223309346389350E-002  -9.9823057196793426E-009   4.3637596454491758     
   20.927835051571968        7.5050946010990091E-002   3.2114972443672098E-002  -7.5224192749063265E-002  -9.8974939426427317E-009   4.3559383411276222     
   21.030927835077250        7.5074942095602309E-002   3.2142888688918320E-002  -7.5219771443245403E-002  -9.9139863915344095E-009   4.3667460673192151     
   21.134020618582529        7.5101125085692930E-002   3.2170531141629051E-002  -7.5212520374742922E-002  -1.0017729069223996E-008   4.3886865245078290     
   21.237113402087811        7.5128715870590501E-002   3.2197537361607791E-002  -7.5204027443787194E-002  -1.0151715272002030E-008   4.4045064619771237     
   21.340206185593090        7.5158752595087655E-002   3.2223688161760140E-002  -7.5195654165944398E-002  -1.0172261149170637E-008   4.4121703419265605     
   21.443298969098372        7.5189354046769963E-002   3.2248383498182882E-002  -7.5185974338438280E-002  -1.0099757864921573E-008   4.4189585296730218     
   21.546391752603650        7.5219397970127361E-002   3.2272390359970808E-002  -7.5175915897269491E-002  -9.9988296644459403E-009   4.4312863896664521     
   21.649484536108933        7.5247743300772565E-002   3.2296831835299473E-002  -7.5165102081515292E-002  -9.8660183474530601E-009   4.4351717552500265     
   21.752577319614215        7.5273860504955881E-002   3.2320290155206516E-002  -7.5154785339703628E-002  -9.6880089892254762E-009   4.4214169159765317     
   21.855670103119493        7.5301153872956980E-002   3.2345724351341441E-002  -7.5150940781796197E-002  -9.5268809331902217E-009   4.4085869440466645     
   21.958762886624775        7.5329464257425718E-002   3.2374401516585188E-002  -7.5151372889234874E-002  -9.4185844890953555E-009   4.4300724284138013     
   22.061855670130054        7.5354982124585038E-002   3.2400047808160602E-002  -7.5149613693576200E-002  -9.4496228174679410E-009   4.4574078990630213     
   22.164948453635336        7.5376588365077615E-002   3.2417963770699970E-002  -7.5142399554990177E-002  -9.5520991431824298E-009   4.4591369180327369     
   22.268041237140615        7.5394553727902422E-002   3.2427898150346725E-002  -7.5135603914188845E-002  -9.7191756656592402E-009   4.4535837180500772     
   22.371134020645897        7.5405281998172827E-002   3.2436478499606215E-002  -7.5127402626100501E-002  -9.8971959029538542E-009   4.4465877886823106     
   22.474226804151176        7.5408173463667655E-002   3.2446796570580722E-002  -7.5113654837773089E-002  -9.9815696092107849E-009   4.4354268920593611     
   22.577319587656458        7.5400627306046991E-002   3.2458302627873865E-002  -7.5090012179230670E-002  -9.9863577547201820E-009   4.4188773993574451     
   22.680412371161740        7.5380429958043560E-002   3.2470846906039609E-002  -7.5047933273414122E-002  -1.0115337867332421E-008   4.4157636641799378     
   22.783505154667019        7.5348054869223705E-002   3.2487234745250400E-002  -7.4982271099595543E-002  -1.0424886681749119E-008   4.4262521040123586     
   22.886597938172301        7.5301996304523902E-002   3.2506999761690740E-002  -7.4889101083383841E-002  -1.0776092995127661E-008   4.4436615514327764     
   22.989690721677579        7.5247503852614916E-002   3.2521860971769179E-002  -7.4774216970396740E-002  -1.0888495774457595E-008   4.4499976523843117     
   23.092783505182862        7.5195988285897991E-002   3.2519481605923113E-002  -7.4655828929457838E-002  -1.0756004916423312E-008   4.4423005776993749     
   23.195876288688140        7.5153062822287953E-002   3.2501873672799553E-002  -7.4547620512351434E-002  -1.0691375069021198E-008   4.4225629581620778     
   23.298969072193422        7.5117666162678995E-002   3.2488534976290590E-002  -7.4453755576493794E-002  -1.0826305974698936E-008   4.4148212052874820     
   23.402061855698705        7.5088538910556349E-002   3.2490570375459049E-002  -7.4380753529269344E-002  -1.0986937036258404E-008   4.4213698875205782     
   23.505154639203983        7.5067715958978765E-002   3.2501737146932705E-002  -7.4335713193341979E-002  -1.0992983097632309E-008   4.4268344872904395     
   23.608247422709265        7.5055461568006784E-002   3.2510806880906407E-002  -7.4317428744973102E-002  -1.0919754794523605E-008   4.4270521970672894     
   23.711340206214544        7.5052799286834032E-002   3.2515357326462678E-002  -7.4328735580756838E-002  -1.0949718742515418E-008   4.4289704822059717     
   23.814432989719826        7.5065829837107703E-002   3.2517738200919737E-002  -7.4375638731978277E-002  -1.1032204135278053E-008   4.4254077372402136     
   23.917525773225105        7.5098703147327250E-002   3.2517022882034743E-002  -7.4459979446070343E-002  -1.1107843946537498E-008   4.4185041665360698     
   24.020618556730387        7.5147991688424676E-002   3.2513362246006837E-002  -7.4574299751825626E-002  -1.1139876790149097E-008   4.4115651876036166     
   24.123711340235669        7.5208802675021516E-002   3.2508036263440315E-002  -7.4706186716344047E-002  -1.1114813766421378E-008   4.4112119686115614     
   24.226804123740948        7.5276618326541839E-002   3.2500892421952303E-002  -7.4849111025909229E-002  -1.0945344380812426E-008   4.4119777383077210     
   24.329896907246230        7.5346136892693608E-002   3.2489876003336506E-002  -7.4999596753408976E-002  -1.0641938051218182E-008   4.4125436633258275     
   24.432989690751509        7.5414020518080535E-002   3.2477519164028669E-002  -7.5154204860963469E-002  -1.0274382897089581E-008   4.4088212447618265     
   24.536082474256791        7.5478409017877654E-002   3.2469236692732918E-002  -7.5309197063503891E-002  -9.9034606049580236E-009   4.4089963385773885     
   24.639175257762069        7.5535815884492638E-002   3.2466744776013377E-002  -7.5455345268567453E-002  -9.5370172640001917E-009   4.4062656262493434     
   24.742268041267351        7.5581234435609435E-002   3.2468139217194783E-002  -7.5577884309625795E-002  -9.2480535395249710E-009   4.4056605271774156     
   24.845360824772634        7.5612731730292773E-002   3.2472945314020826E-002  -7.5669265566766744E-002  -9.1909706802874786E-009   4.4111099075107374     
   24.948453608277912        7.5631978991991908E-002   3.2479390449553440E-002  -7.5738418043302350E-002  -9.2959724589671586E-009   4.4152894537488603     
   25.051546391783194        7.5642325162975657E-002   3.2482021251010525E-002  -7.5797147639758006E-002  -9.3870159199159995E-009   4.4142830603376666     
   25.154639175288473        7.5649956486072423E-002   3.2480162839562642E-002  -7.5849936157459358E-002  -9.4935766546884601E-009   4.4126132421140918     
   25.257731958793755        7.5660114087316807E-002   3.2483326281956180E-002  -7.5900625118810697E-002  -9.6243389182081738E-009   4.4146001280956133     
   25.360824742299034        7.5670940894166497E-002   3.2493223159902253E-002  -7.5948511974703370E-002  -9.7409212167003653E-009   4.4292178764995338     
   25.463917525804316        7.5681238268408529E-002   3.2501694812180473E-002  -7.5992385020891104E-002  -9.8778532315700234E-009   4.4446750244982720     
   25.567010309309595        7.5692009687713238E-002   3.2501011543693115E-002  -7.6032484611423617E-002  -9.9795975184951081E-009   4.4473372356862404     
   25.670103092814877        7.5703415808456548E-002   3.2489168415280156E-002  -7.6065559920153708E-002  -9.9979809639127405E-009   4.4432953075803399     
   25.773195876320159        7.5717928279417201E-002   3.2472652744569667E-002  -7.6090495678325515E-002  -9.9881215478201124E-009   4.4375033626365319     
   25.876288659825438        7.5734070232265055E-002   3.2461406687199393E-002  -7.6107076061946818E-002  -9.8653368960121813E-009   4.4331890363568478     
   25.979381443330720        7.5747814311999659E-002   3.2458336930602794E-002  -7.6116714940815219E-002  -9.6053542533040508E-009   4.4344223399989176     
   26.082474226835998        7.5755659333938047E-002   3.2457218556166331E-002  -7.6121540778983546E-002  -9.3263035775185803E-009   4.4341036543200572     
   26.185567010341281        7.5757372421323271E-002   3.2451812129415489E-002  -7.6126632497698687E-002  -9.1547366658836738E-009   4.4265343632345626     
   26.288659793846559        7.5751487983357263E-002   3.2442914397402628E-002  -7.6132671506299293E-002  -9.0956977279746350E-009   4.4183297525263825     
   26.391752577351841        7.5739382494087459E-002   3.2436339618410456E-002  -7.6135995876002588E-002  -9.0852806169937624E-009   4.4160412599526238     
   26.494845360857123        7.5723936284221777E-002   3.2432785338945461E-002  -7.6136241733486043E-002  -9.0965444891208419E-009   4.4152846450850332     
   26.597938144362402        7.5703132625091527E-002   3.2432222315581780E-002  -7.6133475416934313E-002  -9.1456214432828705E-009   4.4106645832730527     
   26.701030927867684        7.5674952477105095E-002   3.2437677705416182E-002  -7.6125022839725193E-002  -9.2208939373342754E-009   4.4018814948189666     
   26.804123711372963        7.5640010416076126E-002   3.2448964556664947E-002  -7.6108969555645750E-002  -9.3026875700518485E-009   4.4012498660259771     
   26.907216494878245        7.5600565354520463E-002   3.2462338485322019E-002  -7.6087530722354108E-002  -9.3101321938514965E-009   4.4154907220789852     
   27.010309278383524        7.5559236660576665E-002   3.2475621693933969E-002  -7.6061166193751945E-002  -9.3028804280627547E-009   4.4288787378786729     
   27.113402061888806        7.5517892083521956E-002   3.2487262376884027E-002  -7.6032209533238859E-002  -9.1209533038751073E-009   4.4146950385349690     
   27.216494845394088        7.5479552634700298E-002   3.2494052461975731E-002  -7.6008740705356209E-002  -8.7601705277802505E-009   4.3965158859915423     
   27.319587628899367        7.5445899927100671E-002   3.2500785083837670E-002  -7.5994071988094727E-002  -8.4960995008030558E-009   4.3874107766765755     
   27.422680412404649        7.5416861747351682E-002   3.2513999171387080E-002  -7.5988610434563647E-002  -8.2415405145351460E-009   4.3777794427613239     
   27.525773195909927        7.5386016110501802E-002   3.2530309812136830E-002  -7.5976964363171473E-002  -8.0579304441119947E-009   4.3713193772013383     
   27.628865979415210        7.5346943077498466E-002   3.2551013141926127E-002  -7.5943507920871400E-002  -8.1184921179874461E-009   4.3701006171681787     
   27.731958762920488        7.5302837168352163E-002   3.2582233154477738E-002  -7.5893750361893969E-002  -8.3173786803364421E-009   4.3764510517575053     
   27.835051546425770        7.5257401276969726E-002   3.2621447659444879E-002  -7.5833491857664803E-002  -8.5254912350561655E-009   4.3886870837802867     
   27.938144329931049        7.5206964335818707E-002   3.2660192628158148E-002  -7.5765201735154344E-002  -8.6979568415768842E-009   4.3979958519332838     
   28.041237113436331        7.5150471491332818E-002   3.2689413228403401E-002  -7.5694870699881886E-002  -8.8361188254325054E-009   4.4118902874743888     
   28.144329896941613        7.5094890470491671E-002   3.2705366545872118E-002  -7.5632824858537978E-002  -9.0514145588175833E-009   4.4297644338966355     
   28.247422680446892        7.5045136365125609E-002   3.2708585112344681E-002  -7.5584344656889513E-002  -9.2182723917704357E-009   4.4292714368974231     
   28.350515463952174        7.5008476352181219E-002   3.2701898593211723E-002  -7.5558977082269413E-002  -9.2009372102386719E-009   4.4161298481917095     
   28.453608247457453        7.4990803970269318E-002   3.2691993324143770E-002  -7.5563364074812039E-002  -9.1968978621761723E-009   4.4178908041387563     
   28.556701030962735        7.4988048957249101E-002   3.2687267544572872E-002  -7.5585050305305782E-002  -9.2046886071978580E-009   4.4301810187526360     
   28.659793814468014        7.4993284061013396E-002   3.2688017488507491E-002  -7.5608583824170184E-002  -9.1392069528586392E-009   4.4539673577206154     
   28.762886597973296        7.5000849501648439E-002   3.2688715815603085E-002  -7.5627571213402162E-002  -8.8807413415230246E-009   4.4508324730149935     
   28.865979381478578        7.5004505490501500E-002   3.2686461046929724E-002  -7.5636228560280794E-002  -8.4818962930981368E-009   4.4370159611061073     
   28.969072164983857        7.4997734207690736E-002   3.2690213043624981E-002  -7.5622959568045059E-002  -8.1375144501831805E-009   4.4433708387306634     
   29.072164948489139        7.4974764566578311E-002   3.2687161558275848E-002  -7.5579658940002625E-002  -7.6127665092159651E-009   4.4418243718848691     
   29.175257731994417        7.4939971594662147E-002   3.2672222698207333E-002  -7.5514110917749372E-002  -7.4232929217479212E-009   4.4195805182951471     
   29.278350515499699        7.4902757307797385E-002   3.2666382103960348E-002  -7.5436477519436482E-002  -7.6971106283619336E-009   4.4111412149182394     
   29.381443299004978        7.4865241896519441E-002   3.2676670796903722E-002  -7.5351878920659518E-002  -7.9565032223602158E-009   4.4202534695300315     
   29.484536082510260        7.4828215464703585E-002   3.2683589357270802E-002  -7.5268585017299230E-002  -8.0839580656666408E-009   4.4330592548487457     
   29.587628866015542        7.4796784559940641E-002   3.2678491245710227E-002  -7.5200399175798405E-002  -8.2656661645495541E-009   4.4231526047553160     
   29.690721649520821        7.4774916688193915E-002   3.2673150503059509E-002  -7.5158714653098771E-002  -8.5041497936935049E-009   4.4058240312861727     
   29.793814433026103        7.4762234977657410E-002   3.2678177723592723E-002  -7.5144290596920474E-002  -8.7096538077822893E-009   4.4026668898532195     
   29.896907216531382        7.4758884438342652E-002   3.2693236065435768E-002  -7.5152535738724782E-002  -8.8650108157265220E-009   4.4134910192925467     
   30.000000000036664        7.4761273478611542E-002   3.2714276499948701E-002  -7.5175808400149258E-002  -8.9944601407737942E-009   4.4193116785101392     
   30.103092783541943        7.4768593149193624E-002   3.2736663437173540E-002  -7.5211069913958151E-002  -9.1135594899174177E-009   4.4167290261018470     
   30.206185567047225        7.4779486136680076E-002   3.2761302288997346E-002  -7.5254077297505120E-002  -9.3018039081576104E-009   4.4180153872125629     
   30.309278350552507        7.4791826134861697E-002   3.2788339424438241E-002  -7.5296377617974183E-002  -9.4582344396579301E-009   4.4247186648092258     
   30.412371134057786        7.4804822630192239E-002   3.2812352340229896E-002  -7.5334625050655871E-002  -9.6074583181979074E-009   4.4393353050090241     
   30.515463917563068        7.4815281376008763E-002   3.2827520370524575E-002  -7.5370308050912382E-002  -9.6770167355177838E-009   4.4274920741562136     
   30.618556701068346        7.4825069171598854E-002   3.2835989708669945E-002  -7.5408744344123660E-002  -9.7889186269197523E-009   4.4307144082080381     
   30.721649484573629        7.4837778412744402E-002   3.2840304225492972E-002  -7.5450505478787067E-002  -9.6671593611634543E-009   4.4297302112736103     
   30.824742268078907        7.4853157862122724E-002   3.2834675707394595E-002  -7.5494282748629557E-002  -9.5228762589109634E-009   4.4090447395300272     
   30.927835051584189        7.4870431144583846E-002   3.2835104720326469E-002  -7.5540639627595232E-002  -9.6103756466361240E-009   4.4070924258615305     
   31.030927835089468        7.4883725714999128E-002   3.2841694161142423E-002  -7.5586474441857426E-002  -9.5092677849227526E-009   4.4292178308371257     
   31.134020618594750        7.4893947781786485E-002   3.2842907598703161E-002  -7.5635538763256294E-002  -9.4033062801897869E-009   4.4225613757952980     
   31.237113402100032        7.4907066861192806E-002   3.2841097403476141E-002  -7.5688590685436596E-002  -9.2959940728602280E-009   4.3954361431337254     
   31.340206185605311        7.4918689217793336E-002   3.2844042063718291E-002  -7.5733350688722598E-002  -9.2472657265184331E-009   4.3802757043676994     
   31.443298969110593        7.4925425924555866E-002   3.2855364186356505E-002  -7.5758651125581888E-002  -9.2359552329096170E-009   4.3819139894305836     
   31.546391752615872        7.4931000880528439E-002   3.2873601374432265E-002  -7.5763966505226196E-002  -9.4085504126643145E-009   4.3912499144182648     
   31.649484536121154        7.4936781310935577E-002   3.2898597077181860E-002  -7.5754481720676101E-002  -9.7366757340467530E-009   4.3860964184852165     
   31.752577319626432        7.4940218026388061E-002   3.2925761153576275E-002  -7.5730583126907239E-002  -1.0068859793449427E-008   4.3793305601821606     
   31.855670103131715        7.4944283193833491E-002   3.2953718560983725E-002  -7.5699858874315351E-002  -1.0427825829811707E-008   4.3828394558540724     
   31.958762886636997        7.4951461005676234E-002   3.2980696675295115E-002  -7.5673339537459264E-002  -1.0657116825860222E-008   4.3817247449540595     
   32.061855670142279        7.4961315535036904E-002   3.3000039935198018E-002  -7.5655358379646487E-002  -1.0645436138659615E-008   4.3800653133397640     
   32.164948453647554        7.4975635899321713E-002   3.3010152391436703E-002  -7.5649085993425444E-002  -1.0567883693623941E-008   4.3766556317180534     
   32.268041237152836        7.4992722273472368E-002   3.3017203207043037E-002  -7.5649267370752893E-002  -1.0435517462188115E-008   4.3638718596440542     
   32.371134020658118        7.5008024331075993E-002   3.3026760904948105E-002  -7.5647874696490952E-002  -1.0312625653410826E-008   4.3601640535356294     
   32.474226804163401        7.5022157073124485E-002   3.3046269542231478E-002  -7.5643752464530797E-002  -1.0352166930909605E-008   4.3671719955486621     
   32.577319587668676        7.5034738357275255E-002   3.3081627506815467E-002  -7.5639067576283761E-002  -1.0409788175457985E-008   4.3774925632695663     
   32.680412371173958        7.5038555685134553E-002   3.3125716888146688E-002  -7.5631389251964859E-002  -1.0387590226824012E-008   4.3936491856872335     
   32.783505154679240        7.5032016927682244E-002   3.3165382878853004E-002  -7.5620252696494444E-002  -1.0239167063616931E-008   4.4044381213431922     
   32.886597938184522        7.5024818072929822E-002   3.3195063789607800E-002  -7.5618248644089808E-002  -1.0157763112526735E-008   4.4169672105350228     
   32.989690721689804        7.5024881589862244E-002   3.3221688633665022E-002  -7.5628453757739952E-002  -1.0175848653948934E-008   4.4238121078402513     
   33.092783505195079        7.5033588955920577E-002   3.3248112323240958E-002  -7.5646311984678249E-002  -1.0169847802524592E-008   4.4363155770676359     
   33.195876288700362        7.5049608700460457E-002   3.3271023937004721E-002  -7.5674079536654323E-002  -1.0151206639921765E-008   4.4550444446872994     
   33.298969072205644        7.5073566449323129E-002   3.3290616273085993E-002  -7.5717069317132374E-002  -1.0020769709212092E-008   4.4190931986465820     
   33.402061855710926        7.5103062321247735E-002   3.3318394686865628E-002  -7.5771944187686430E-002  -9.9876046160971725E-009   4.4106910535283594     
   33.505154639216208        7.5132697373782226E-002   3.3361525960085896E-002  -7.5832266490492961E-002  -9.9065280219140798E-009   4.4447853669152275     
   33.608247422721483        7.5164722628283234E-002   3.3399518266070002E-002  -7.5899789827329381E-002  -9.8489008543524242E-009   4.4707227887300958     
   33.711340206226765        7.5205575438227729E-002   3.3429615696560708E-002  -7.5979808583677200E-002  -9.7931584949111101E-009   4.4310653870737431     
   33.814432989732047        7.5258761836374477E-002   3.3462856000517002E-002  -7.6077928296891709E-002  -9.8528884348961823E-009   4.4181073727213862     
   33.917525773237330        7.5317561655510581E-002   3.3513355950623602E-002  -7.6185821400975545E-002  -9.8861425127689546E-009   4.4479760690714372     
   34.020618556742605        7.5378660643292891E-002   3.3562628379318477E-002  -7.6290970140507841E-002  -9.8687386250478263E-009   4.4813860840714907     
   34.123711340247887        7.5440785802582483E-002   3.3606325071877295E-002  -7.6384869689176460E-002  -9.9861136493745240E-009   4.5098138454474626     
   34.226804123753169        7.5501308096469003E-002   3.3642194637870215E-002  -7.6462391744937422E-002  -9.8721936165354210E-009   4.5075443172820702     
   34.329896907258451        7.5562243081607694E-002   3.3668642209626919E-002  -7.6525320007571826E-002  -9.4495465917656135E-009   4.4032282903288085     
   34.432989690763733        7.5623044385004445E-002   3.3715407497541504E-002  -7.6576088247647403E-002  -9.4304007405490995E-009   4.4203345025120893     
   34.536082474269008        7.5680391511068298E-002   3.3762887211436429E-002  -7.6612252405539497E-002  -9.3897008075460153E-009   4.4475113619141009     
   34.639175257774291        7.5734669072610616E-002   3.3797883491348539E-002  -7.6646678306091037E-002  -9.5288431483040028E-009   4.4361895438525707     
   34.742268041279573        7.5787471583601010E-002   3.3825824572192062E-002  -7.6697826969900407E-002  -9.6765870520862251E-009   4.4298941147065261     
   34.845360824784855        7.5840611556843171E-002   3.3852675709969020E-002  -7.6768205511831764E-002  -9.7520276641885264E-009   4.4304180998032692     
   34.948453608290137        7.5888722495339442E-002   3.3878944691252355E-002  -7.6842639807057717E-002  -9.7448494292406631E-009   4.4348764239087535     
   35.051546391795412        7.5923378554837925E-002   3.3905564204291791E-002  -7.6901235761563824E-002  -9.6184667236353662E-009   4.4277229603026349     
   35.154639175300694        7.5942958513761247E-002   3.3936378281964830E-002  -7.6945210928077351E-002  -9.4946296495496302E-009   4.4312589808751879     
   35.257731958805977        7.5948121244678590E-002   3.3971793863271003E-002  -7.6970482176839522E-002  -9.2822886101643252E-009   4.4140386603018298     
   35.360824742311259        7.5940132598823235E-002   3.4011662371671747E-002  -7.6968774464099374E-002  -9.1769430142061008E-009   4.4201374946525887     
   35.463917525816534        7.5920603174535833E-002   3.4055518015972487E-002  -7.6945878807536269E-002  -9.1155655425128475E-009   4.4333459298964977     
   35.567010309321816        7.5895789638141531E-002   3.4096156301516668E-002  -7.6907923770928074E-002  -9.0823025203542616E-009   4.4363942729702099     
   35.670103092827098        7.5871771846556288E-002   3.4134984107678526E-002  -7.6869173809273966E-002  -8.9944922294874146E-009   4.4291439384533868     
   35.773195876332380        7.5850245473858810E-002   3.4176087066812744E-002  -7.6843928870756251E-002  -8.8962130458765228E-009   4.4209073584250920     
   35.876288659837662        7.5829613724219869E-002   3.4229199442462652E-002  -7.6822749942651508E-002  -8.7695793720058705E-009   4.4208813093497330     
   35.979381443342938        7.5805235050900338E-002   3.4296621535572676E-002  -7.6797149288504354E-002  -8.6637892743271226E-009   4.4361813820873879     
   36.082474226848220        7.5774034651057254E-002   3.4370175714788932E-002  -7.6764187178225612E-002  -8.6026657336004209E-009   4.4518422606603814     
   36.185567010353502        7.5742814139769146E-002   3.4437381177783347E-002  -7.6735068725791902E-002  -8.4712078839522200E-009   4.4540580164039518     
   36.288659793858784        7.5716206975691924E-002   3.4485029259852695E-002  -7.6716667470101668E-002  -8.2781640265125737E-009   4.4484534920935452     
   36.391752577364059        7.5699473115426005E-002   3.4518689662996802E-002  -7.6715686076786055E-002  -8.2348425774169916E-009   4.4483612221397797     
   36.494845360869341        7.5697048414317611E-002   3.4549456938069788E-002  -7.6737247357927182E-002  -8.2559370702382378E-009   4.4501069302024066     
   36.597938144374623        7.5708452094677747E-002   3.4582227776982888E-002  -7.6775486044465213E-002  -8.2175941037612523E-009   4.4456604265665902     
   36.701030927879906        7.5733343835658426E-002   3.4622013842903386E-002  -7.6827385696456127E-002  -8.2294565785873715E-009   4.4471456756397174     
   36.804123711385188        7.5767027454422431E-002   3.4675103071888369E-002  -7.6881278244520845E-002  -8.2663851899425059E-009   4.4598400162041667     
   36.907216494890463        7.5803096083699242E-002   3.4735632154505036E-002  -7.6928908783988031E-002  -8.2241196893555750E-009   4.4786433000448778     
   37.010309278395745        7.5837917106806430E-002   3.4791355479404110E-002  -7.6974854612899740E-002  -8.0849670047986140E-009   4.4923703060618205     
   37.113402061901027        7.5871828852243570E-002   3.4835971436150567E-002  -7.7027056435796576E-002  -7.9466143475444071E-009   4.5040738551615700     
   37.216494845406309        7.5904769791469387E-002   3.4872419095612575E-002  -7.7084703739320512E-002  -7.9122606172115510E-009   4.5005881701300945     
   37.319587628911592        7.5935059560224935E-002   3.4906217897460061E-002  -7.7139556288594049E-002  -7.8914797271538911E-009   4.4960896905627319     
   37.422680412416867        7.5961474084749514E-002   3.4938875143401327E-002  -7.7191532528447432E-002  -7.7994143092139704E-009   4.4876600635893968     
   37.525773195922149        7.5986312234234812E-002   3.4969798741754939E-002  -7.7242013033342230E-002  -7.6652976389356446E-009   4.4790033218679506     
   37.628865979427431        7.6013945136891109E-002   3.5005847369517382E-002  -7.7293811049592237E-002  -7.6232030562673896E-009   4.4818228151251427     
   37.731958762932713        7.6043140095415740E-002   3.5045107959840983E-002  -7.7348586904022409E-002  -7.5827490937022838E-009   4.5030014962479701     
   37.835051546437988        7.6074677712838421E-002   3.5081552907747990E-002  -7.7408824130601600E-002  -7.6531337614368171E-009   4.5132935780836743     
   37.938144329943270        7.6110225013917746E-002   3.5115192452801758E-002  -7.7474999853776386E-002  -7.7052007175960983E-009   4.4994043556051819     
   38.041237113448553        7.6146179118820045E-002   3.5146759467137245E-002  -7.7537561767436466E-002  -7.6931820024489161E-009   4.4816556531085361     
   38.144329896953835        7.6177181398128166E-002   3.5179739795970180E-002  -7.7585516127556625E-002  -7.6469909454554815E-009   4.4701544635209913     
   38.247422680459117        7.6201036751250062E-002   3.5213516723002332E-002  -7.7617258604888023E-002  -7.5887621152608384E-009   4.4682551466230525     
   38.350515463964392        7.6219356896069429E-002   3.5242467001539234E-002  -7.7634666755116891E-002  -7.5197375496513967E-009   4.4757343395929592     
   38.453608247469674        7.6233233993257779E-002   3.5264067975264990E-002  -7.7639448211642703E-002  -7.5405727355832773E-009   4.4808605843206593     
   38.556701030974956        7.6246785507144449E-002   3.5285721604199252E-002  -7.7637395741233892E-002  -7.6391332388328782E-009   4.4760189222543794     
   38.659793814480238        7.6265840317177064E-002   3.5317198470559093E-002  -7.7636797007424152E-002  -7.8086026957677847E-009   4.4851989105424055     
   38.762886597985514        7.6291190980809068E-002   3.5361158300049503E-002  -7.7651639511461201E-002  -8.0480122448085666E-009   4.5003129088882616     
   38.865979381490796        7.6325715451338663E-002   3.5416243917271155E-002  -7.7691757713151219E-002  -8.2976966960470380E-009   4.5214304523081594     
   38.969072164996078        7.6367981969484910E-002   3.5474081760394204E-002  -7.7750616745653561E-002  -8.5670044202327894E-009   4.5469380839868245     
   39.072164948501360        7.6414202669359235E-002   3.5525677843297014E-002  -7.7823535748505035E-002  -8.7691890079876014E-009   4.5604881320052897     
   39.175257732006642        7.6468542405872475E-002   3.5572068937771976E-002  -7.7913072459487503E-002  -8.8270900596607400E-009   4.5574903092922145     
   39.278350515511917        7.6533541385944814E-002   3.5619859171002646E-002  -7.8013558137705247E-002  -8.7622289688386583E-009   4.5562495231784990     
   39.381443299017199        7.6604425771368723E-002   3.5670818903325199E-002  -7.8109691905409895E-002  -8.5261595004668716E-009   4.5610519769803224     
   39.484536082522482        7.6675047497420656E-002   3.5711591574965555E-002  -7.8193472780870285E-002  -8.1044070297042907E-009   4.5586405857849144     
   39.587628866027764        7.6738867886735784E-002   3.5742722871318640E-002  -7.8266059784942957E-002  -7.8641571138708086E-009   4.5586558219983599     
   39.690721649533046        7.6795811127101654E-002   3.5775669807494803E-002  -7.8333457272380558E-002  -7.6727772966151244E-009   4.5700178429926206     
   39.793814433038321        7.6850208847084489E-002   3.5806938717588443E-002  -7.8394711233589640E-002  -7.6313796287501834E-009   4.5897941255257750     
   39.896907216543603        7.6900625071934084E-002   3.5836856556896050E-002  -7.8442023802862720E-002  -7.7112448458887434E-009   4.5899480717279024     
   40.000000000048885        7.6945591186056678E-002   3.5865625604494911E-002  -7.8473209956326159E-002  -7.7356486752079985E-009   4.5844465095509115     
   40.103092783554168        7.6993763163407752E-002   3.5900033594651069E-002  -7.8502090713074096E-002  -7.7043796718967845E-009   4.5765769190488825     
   40.206185567059443        7.7048181735019788E-002   3.5947262342755297E-002  -7.8541667750485017E-002  -7.7007188267899865E-009   4.5807627880688857     
   40.309278350564725        7.7102987051167582E-002   3.6011254821089030E-002  -7.8592651411092992E-002  -7.7440187908116173E-009   4.6015193054144206     
   40.412371134070007        7.7153826999563607E-002   3.6077595386102293E-002  -7.8645583116050730E-002  -7.6791727222629318E-009   4.6293786427614014     
   40.515463917575289        7.7200004688374985E-002   3.6134368853863806E-002  -7.8695676945808840E-002  -7.6913469120473816E-009   4.6374902674788645     
   40.618556701080571        7.7240453881024004E-002   3.6183450215836355E-002  -7.8738403975980503E-002  -7.6782359273392276E-009   4.6322649365516417     
   40.721649484585846        7.7273400896375258E-002   3.6225081953394869E-002  -7.8767124373598840E-002  -7.6740950144785512E-009   4.6496977663634764     
   40.824742268091128        7.7295417782356449E-002   3.6263454992116528E-002  -7.8768602372893765E-002  -7.7623637870098155E-009   4.6649878860034466     
   40.927835051596411        7.7308052244630873E-002   3.6297385468319288E-002  -7.8740929507084223E-002  -7.7813011828486602E-009   4.6714670622596781     
   41.030927835101693        7.7314055143073032E-002   3.6326799636936268E-002  -7.8697461042657527E-002  -7.8636364905852140E-009   4.6770147154014889     
   41.134020618606968        7.7310893370113681E-002   3.6355303806029124E-002  -7.8643184708860156E-002  -7.9081312304574296E-009   4.6585386431980726     
   41.237113402112250        7.7296799261532392E-002   3.6382791027407498E-002  -7.8580385455903165E-002  -7.8706493087220807E-009   4.6492405046173255     
   41.340206185617532        7.7267396563625079E-002   3.6413905604781742E-002  -7.8505795798430492E-002  -7.8873920267515196E-009   4.6588617367807883     
   41.443298969122814        7.7222174735278523E-002   3.6445938790685251E-002  -7.8414020039476062E-002  -7.9339072176958239E-009   4.6708430667791179     
   41.546391752628097        7.7165032461507577E-002   3.6474486237609863E-002  -7.8304674078232536E-002  -7.9402829965159280E-009   4.6624435468650720     
   41.649484536133372        7.7101457245847105E-002   3.6505969257615338E-002  -7.8182207400468190E-002  -7.9674419248697225E-009   4.6562392221436744     
   41.752577319638654        7.7035770278060814E-002   3.6550689890890581E-002  -7.8050443593163044E-002  -7.9436516602249604E-009   4.6544320837781470     
   41.855670103143936        7.6975283806123590E-002   3.6602760141190169E-002  -7.7923567002102914E-002  -7.8188526565412919E-009   4.6711643408613224     
   41.958762886649218        7.6926549065081895E-002   3.6654614498191566E-002  -7.7813902195327453E-002  -7.7383424868676851E-009   4.6827940624737101     
   42.061855670154500        7.6895767669463100E-002   3.6712619350151091E-002  -7.7734818442741174E-002  -7.7726159711644569E-009   4.6968536588535841     
   42.164948453659775        7.6882971821613674E-002   3.6782276121540919E-002  -7.7690856333484673E-002  -7.8647598125715463E-009   4.7148771076250338     
   42.268041237165058        7.6876255469104204E-002   3.6857038837025055E-002  -7.7664842193343783E-002  -7.9970648302777812E-009   4.7506877745972282     
   42.371134020670340        7.6867346181217197E-002   3.6936614261137583E-002  -7.7643251275869518E-002  -8.2106506181842598E-009   4.8002132762116823     
   42.474226804175622        7.6853685003159353E-002   3.7011963676365854E-002  -7.7623431690831690E-002  -8.3585349763843538E-009   4.8181309784042492     
   42.577319587680897        7.6831269472813865E-002   3.7073692829380882E-002  -7.7603362760544234E-002  -8.3129551861115618E-009   4.7784779855216728     
   42.680412371186179        7.6800819696655670E-002   3.7142597080160794E-002  -7.7577009169551403E-002  -8.4663715391465893E-009   4.7955312749344658     
   42.783505154691461        7.6765981199353794E-002   3.7208537413309935E-002  -7.7545073700264908E-002  -8.4166716925695902E-009   4.8274855834928649     
   42.886597938196743        7.6727016220331137E-002   3.7260774552617573E-002  -7.7511707550822900E-002  -8.4583364490713467E-009   4.8351952186793206     
   42.989690721702026        7.6687066864295259E-002   3.7302562514372646E-002  -7.7481116344653378E-002  -8.3981486209406359E-009   4.8424505440240164     
   43.092783505207301        7.6652200181149419E-002   3.7333375513659756E-002  -7.7457555229737712E-002  -8.2736386863241112E-009   4.8618972202919393     
   43.195876288712583        7.6621362458196035E-002   3.7352569561143703E-002  -7.7441065284575283E-002  -8.1642091622224778E-009   4.8787674000373835     
   43.298969072217865        7.6588324126160873E-002   3.7361107107919359E-002  -7.7426458455599964E-002  -8.0529268717978139E-009   4.8963058776101711     
   43.402061855723147        7.6552317138184278E-002   3.7360549447419782E-002  -7.7415817586343055E-002  -7.8697349794770520E-009   4.9124739500329655     
   43.505154639228429        7.6514557859178642E-002   3.7354447070473494E-002  -7.7411484131269789E-002  -7.6512396964652311E-009   4.8723737583160558     
   43.608247422733704        7.6479419281688443E-002   3.7356514576301410E-002  -7.7409525882558713E-002  -7.4840647383255097E-009   4.8425748113317111     
   43.711340206238987        7.6451793915107827E-002   3.7379050993636816E-002  -7.7406720359619846E-002  -7.3668690127451512E-009   4.8453746357748306     
   43.814432989744269        7.6431025282758247E-002   3.7406479502250248E-002  -7.7393376365925706E-002  -7.2969809696635428E-009   4.8411206787735317     
   43.917525773249551        7.6420264392952547E-002   3.7440985345581067E-002  -7.7371832331779633E-002  -7.2849938630532824E-009   4.8058060904810631     
   44.020618556754826        7.6419157015494260E-002   3.7489346343404895E-002  -7.7342611166657915E-002  -7.2932769594947241E-009   4.7930101638053939     
   44.123711340260108        7.6429345670246840E-002   3.7545999534121390E-002  -7.7312894777933683E-002  -7.1668403176618539E-009   4.8032640483218580     
   44.226804123765390        7.6448552348138382E-002   3.7596794115724377E-002  -7.7297263213977507E-002  -7.1237222713202252E-009   4.8378465118629963     
   44.329896907270673        7.6470474362930835E-002   3.7651213833785155E-002  -7.7289416481780421E-002  -7.3980746065493622E-009   4.8789271522598137     
   44.432989690775955        7.6494538280722779E-002   3.7711077226986273E-002  -7.7284755549207051E-002  -7.7372599471730997E-009   4.9173931354108031     
   44.536082474281230        7.6520376972533458E-002   3.7756931720583586E-002  -7.7292239835950696E-002  -7.8350260895181000E-009   4.9222755412702783     
   44.639175257786512        7.6543800308775223E-002   3.7771081564762186E-002  -7.7313033108217050E-002  -7.6074807133460059E-009   4.8989742466191926     
   44.742268041291794        7.6563648208916008E-002   3.7766473018531567E-002  -7.7341041684889894E-002  -7.4259383695535446E-009   4.8975498564217208     
   44.845360824797076        7.6586410126875906E-002   3.7765406651078373E-002  -7.7373964498987577E-002  -7.3528463798340799E-009   4.8934812290118552     
   44.948453608302351        7.6611644988862942E-002   3.7773879995938127E-002  -7.7403673616282559E-002  -7.3132782303585211E-009   4.8976047595351515     
   45.051546391807634        7.6640006587210610E-002   3.7788767587679246E-002  -7.7435954693171938E-002  -7.0829819304585029E-009   4.9004517819463880     
   45.154639175312916        7.6680447630562698E-002   3.7803462168891314E-002  -7.7489181826332340E-002  -6.7850851799880260E-009   4.9021564215739311     
   45.257731958818198        7.6729344296033758E-002   3.7831982949089335E-002  -7.7556249178149753E-002  -6.5487525735400698E-009   4.9088568994912389     
   45.360824742323480        7.6776734394796570E-002   3.7877198430631170E-002  -7.7620726005518476E-002  -6.2202656438784721E-009   4.9466219827575690     
   45.463917525828755        7.6822142759267895E-002   3.7915807563064785E-002  -7.7679236312626035E-002  -5.9782533498654197E-009   4.9656341083978131     
   45.567010309334037        7.6866069406125143E-002   3.7934751041665347E-002  -7.7733247296998736E-002  -5.7918172155995282E-009   4.9529628098039655     
   45.670103092839319        7.6908353862155207E-002   3.7935522918386887E-002  -7.7785002722116844E-002  -5.7624902912034401E-009   4.9501710054697723     
   45.773195876344602        7.6950865651910269E-002   3.7936843565355371E-002  -7.7835114802679697E-002  -5.9147201771662695E-009   4.9404040848230588     
   45.876288659849884        7.6991048459500541E-002   3.7945295792414575E-002  -7.7882969312133316E-002  -6.0131308084617964E-009   4.9375417405893307     
   45.979381443355159        7.7022392493230632E-002   3.7948889904860526E-002  -7.7924771959901731E-002  -5.9214554709951279E-009   4.9419578169963616     
   46.082474226860441        7.7040315971653353E-002   3.7945237979923371E-002  -7.7957317291761849E-002  -5.7777769372390149E-009   4.9388910657067537     
   46.185567010365723        7.7045998507781419E-002   3.7946900524842425E-002  -7.7979106422865513E-002  -5.5821202680137548E-009   4.9244278866700331     
   46.288659793871005        7.7041936875037922E-002   3.7963298917301581E-002  -7.7984151452901107E-002  -5.3378025522915437E-009   4.9103066523610019     
   46.391752577376280        7.7026029958768436E-002   3.7996299058856500E-002  -7.7966001442815583E-002  -5.1773928588684467E-009   4.9282773004500315     
   46.494845360881563        7.6993998926886437E-002   3.8039213673509521E-002  -7.7919483248825500E-002  -5.0550969849812041E-009   4.9687016001432180     
   46.597938144386845        7.6946853133534762E-002   3.8069304222189605E-002  -7.7847279594842292E-002  -5.0297173535168256E-009   4.9703003406365633     
   46.701030927892127        7.6895230003405410E-002   3.8086521839649383E-002  -7.7770008737884797E-002  -5.2550167120329808E-009   4.9573620688170923     
   46.804123711397409        7.6849003455023282E-002   3.8110072789099593E-002  -7.7695627593353203E-002  -5.5344907666034797E-009   4.9463881779203698     
   46.907216494902684        7.6812796597639552E-002   3.8132191857418077E-002  -7.7622934135250024E-002  -5.5567204072398321E-009   4.9530184326986291     
   47.010309278407966        7.6787911718805099E-002   3.8154179088672989E-002  -7.7565675867590028E-002  -5.6095373423654365E-009   4.9548570212970073     
   47.113402061913249        7.6767668068004169E-002   3.8173604389010761E-002  -7.7518160259589006E-002  -5.4418657955308956E-009   4.9797629251557005     
   47.216494845418531        7.6750766354535399E-002   3.8191397778442271E-002  -7.7468541372622601E-002  -5.4311140995128485E-009   5.0140430875639694     
   47.319587628923806        7.6735362044774283E-002   3.8219979826634533E-002  -7.7413450235861353E-002  -5.5361283565774477E-009   5.0332280048649363     
   47.422680412429088        7.6715696428199656E-002   3.8260353180861600E-002  -7.7357727293444936E-002  -5.5907162457831639E-009   5.0419903667264041     
   47.525773195934370        7.6691378099966137E-002   3.8301448006089402E-002  -7.7308082380797422E-002  -5.4232727881867285E-009   5.0559986983175813     
   47.628865979439652        7.6663413078874684E-002   3.8326076649327530E-002  -7.7259252062718553E-002  -5.2419550202038877E-009   5.0814267861887759     
   47.731958762944934        7.6635227172487844E-002   3.8330548308724406E-002  -7.7208794586709276E-002  -5.1807069675353227E-009   5.0895881450776832     
   47.835051546450210        7.6612262704849637E-002   3.8329646054345655E-002  -7.7165791091565447E-002  -5.2853280932177611E-009   5.0810053981549039     
   47.938144329955492        7.6596629284819626E-002   3.8336202670501800E-002  -7.7135398575210387E-002  -5.3154324701544240E-009   5.0548094189884853     
   48.041237113460774        7.6588194042008090E-002   3.8351831861610737E-002  -7.7114252066970215E-002  -5.2119959624982906E-009   5.0406807482351086     
   48.144329896966056        7.6586735721932642E-002   3.8370050081713777E-002  -7.7096644529945579E-002  -4.9928886197982599E-009   5.0340657147391497     
   48.247422680471338        7.6593155578564415E-002   3.8389850020055190E-002  -7.7073068925223989E-002  -4.7633723999378670E-009   5.0365725334900073     
   48.350515463976613        7.6600101684653657E-002   3.8420254456894211E-002  -7.7030450558846747E-002  -4.5081618857661830E-009   5.0448775664545771     
   48.453608247481895        7.6601796299342897E-002   3.8451846554139447E-002  -7.6968353175192017E-002  -4.1926210993182277E-009   5.0801539627699768     
   48.556701030987178        7.6596738965355335E-002   3.8477669136048429E-002  -7.6899957745318756E-002  -4.0924242779055839E-009   5.1129677516906948     
   48.659793814492460        7.6581913237455737E-002   3.8494187464926236E-002  -7.6832310174902649E-002  -3.9702215941516623E-009   5.1227956472957592     
   48.762886597997735        7.6556576484272720E-002   3.8502496058861989E-002  -7.6773267943159015E-002  -3.9129780226020845E-009   5.1273629131729130     
   48.865979381503017        7.6523615504760195E-002   3.8514665706496906E-002  -7.6723942456113817E-002  -3.8730850376172609E-009   5.1322462969708598     
   48.969072165008299        7.6482981768750347E-002   3.8521054327150403E-002  -7.6671557482623720E-002  -3.6803380815092306E-009   5.1363743959938422     
   49.072164948513581        7.6432771120847273E-002   3.8520367192108176E-002  -7.6608182954220588E-002  -3.5451505650883398E-009   5.1381838243700724     
   49.175257732018864        7.6374017710486242E-002   3.8533305309684657E-002  -7.6523862509172758E-002  -3.5545975677428407E-009   5.1531999987759836     
   49.278350515524139        7.6305407722740554E-002   3.8556600451577459E-002  -7.6399627594156194E-002  -3.5389224951443675E-009   5.1816838310436131     
   49.381443299029421        7.6225639257370428E-002   3.8572734394857061E-002  -7.6234306788490983E-002  -3.6561355246894375E-009   5.2021047834436578     
   49.484536082534703        7.6134250202706241E-002   3.8581169131443598E-002  -7.6042931483594312E-002  -3.8354279805901069E-009   5.1963619933048966     
   49.587628866039985        7.6034143391529044E-002   3.8586591534125178E-002  -7.5841000120480798E-002  -3.8992677846998181E-009   5.1774162280745948     
   49.690721649545267        7.5925002805237868E-002   3.8592821431220906E-002  -7.5636292871536268E-002  -3.8420140128135307E-009   5.1605872577520211     
   49.793814433050542        7.5805090357887794E-002   3.8597431332060970E-002  -7.5423143368273993E-002  -3.8516406990997131E-009   5.1573482144635348     
   49.896907216555825        7.5676558231150048E-002   3.8604339036524812E-002  -7.5199313723106703E-002  -3.9868247749589151E-009   5.1616438913080991     
   50.000000000061107        7.5542323570044478E-002   3.8616191600003083E-002  -7.4975452270623313E-002  -4.0424641202908750E-009   5.1617337041734830     
   50.103092783566389        7.5407776965793608E-002   3.8628604703263569E-002  -7.4763633593375442E-002  -3.9787241860272347E-009   5.1651259964328569     
   50.206185567071664        7.5282374239078520E-002   3.8641254603743569E-002  -7.4579912404764248E-002  -3.7332336185041472E-009   5.1570025513458928     
   50.309278350576946        7.5171723169919560E-002   3.8645673421891222E-002  -7.4435050608624639E-002  -3.3847823448220403E-009   5.1577805360163635     
   50.412371134082228        7.5075752092157763E-002   3.8642233117594182E-002  -7.4323333560849525E-002  -3.1894926260404215E-009   5.1704473526568941     
   50.515463917587510        7.4994227573139088E-002   3.8633578975773852E-002  -7.4241312137969931E-002  -3.1685546754249368E-009   5.1895971203575986     
   50.618556701092793        7.4921564283152817E-002   3.8621097315671621E-002  -7.4183783247798563E-002  -3.2386550582367557E-009   5.1911978848491360     
   50.721649484598068        7.4848424593419213E-002   3.8606367224612255E-002  -7.4135195092568565E-002  -3.2653642195155362E-009   5.1917692971141314     
   50.824742268103350        7.4771402595713757E-002   3.8592738695170485E-002  -7.4083136441043917E-002  -3.2358837305653487E-009   5.1988848868092354     
   50.927835051608632        7.4691338194174964E-002   3.8588035710607420E-002  -7.4020958971554043E-002  -3.1101650458926279E-009   5.2157773073302378     
   51.030927835113914        7.4609215888153127E-002   3.8588834291066167E-002  -7.3949148143994253E-002  -2.9490531030761135E-009   5.2255932789060600     
   51.134020618619189        7.4526608420284010E-002   3.8591083395235939E-002  -7.3875161028323991E-002  -2.7488279076365600E-009   5.2237347851004365     
   51.237113402124471        7.4448267535896950E-002   3.8589471793614237E-002  -7.3802369242520094E-002  -2.5061626718950874E-009   5.2259620093912256     
   51.340206185629754        7.4374150291751664E-002   3.8576700522383107E-002  -7.3718528873834427E-002  -2.3162748801700354E-009   5.2226260085954346     
   51.443298969135036        7.4303446317133398E-002   3.8559816879903175E-002  -7.3622070831557571E-002  -2.1883280870662633E-009   5.2035355884060275     
   51.546391752640318        7.4237902116285504E-002   3.8548904898836653E-002  -7.3522333035819662E-002  -2.0886639944604237E-009   5.1933051006639142     
   51.649484536145593        7.4171672124135973E-002   3.8550118317468157E-002  -7.3419119776827094E-002  -2.1320935160739665E-009   5.2102477767569342     
   51.752577319650875        7.4105513124070030E-002   3.8561689358960788E-002  -7.3316596751659815E-002  -2.2235544220319271E-009   5.2441157850809530     
   51.855670103156157        7.4042642524903571E-002   3.8573299027724571E-002  -7.3217056148998663E-002  -2.2902148579390549E-009   5.2735879827243846     
   51.958762886661439        7.3982986519277746E-002   3.8570483725898864E-002  -7.3117780552440184E-002  -2.1994046226975001E-009   5.2761469940619552     
   52.061855670166722        7.3929700526764786E-002   3.8548056566228235E-002  -7.3029122854427184E-002  -1.9769278340069371E-009   5.2589252873554218     
   52.164948453671997        7.3882097716257741E-002   3.8529406302549626E-002  -7.2961779037746408E-002  -1.9834529943251286E-009   5.2599029236499071     
   52.268041237177279        7.3836466845254856E-002   3.8531771649480295E-002  -7.2908178173843874E-002  -1.9577355407234876E-009   5.2703135503011138     
   52.371134020682561        7.3790157822788124E-002   3.8530787737900099E-002  -7.2859637761544610E-002  -1.7298848189939920E-009   5.3044620649322409     
   52.474226804187843        7.3742341152397417E-002   3.8520353514010328E-002  -7.2814130070068483E-002  -1.6749844903099411E-009   5.3404553383709299     
   52.577319587693118        7.3696547632922327E-002   3.8505442223360574E-002  -7.2777419557355380E-002  -1.6277718494220390E-009   5.3571770720538616     
   52.680412371198400        7.3656874167907047E-002   3.8485473174301857E-002  -7.2755685276955015E-002  -1.6376182155114640E-009   5.3853958905102406     
   52.783505154703683        7.3621225529641302E-002   3.8471949670889717E-002  -7.2742314530733182E-002  -1.7810762979104831E-009   5.3830233851790812     
   52.886597938208965        7.3585789873790400E-002   3.8461853473390484E-002  -7.2730282732584930E-002  -1.6638872129128319E-009   5.3694903650667971     
   52.989690721714247        7.3553245975662984E-002   3.8452960991698565E-002  -7.2716872332792365E-002  -1.3702879183720255E-009   5.3708634735584981     
   53.092783505219522        7.3527025447648456E-002   3.8444949345290996E-002  -7.2706670767826623E-002  -1.1386986263850738E-009   5.4036802394838972     
   53.195876288724804        7.3505375798352202E-002   3.8438035413170674E-002  -7.2703428260412081E-002  -1.0913378312597019E-009   5.4411455969398750     
   53.298969072230086        7.3485152639729184E-002   3.8415446659309141E-002  -7.2702253669756273E-002  -1.0254462979476692E-009   5.4367311787139876     
   53.402061855735369        7.3467731271140410E-002   3.8374066951499572E-002  -7.2701550070048082E-002  -9.2977077624469664E-010   5.4193567148847750     
   53.505154639240644        7.3454998022970452E-002   3.8333818386534227E-002  -7.2697554483202906E-002  -9.2096784784067770E-010   5.4245495833610491     
   53.608247422745926        7.3439280306282842E-002   3.8309469832536934E-002  -7.2674077285401220E-002  -9.5526530702625069E-010   5.4531245427280677     
   53.711340206251208        7.3423342469278299E-002   3.8291531097150576E-002  -7.2641577975367605E-002  -9.1432905765661649E-010   5.4529413248715661     
   53.814432989756490        7.3409114455510002E-002   3.8269258817041248E-002  -7.2604419920140842E-002  -8.2573526488121902E-010   5.4255083609721746     
   53.917525773261772        7.3388925998701282E-002   3.8235175321420296E-002  -7.2543292800500980E-002  -5.6690454536722462E-010   5.4030078037930647     
   54.020618556767047        7.3366762151193046E-002   3.8185492671089886E-002  -7.2467795550528624E-002   2.6411359445300629E-011   5.3642443399329620     
   54.123711340272330        7.3343539921559342E-002   3.8136451399178581E-002  -7.2395059778779747E-002   4.1328862829800064E-010   5.3455662031355091     
   54.226804123777612        7.3310179679024909E-002   3.8109330305804580E-002  -7.2320405173000785E-002   7.0885755917421769E-010   5.3500024045207102     
   54.329896907282894        7.3263508742979544E-002   3.8088360139217965E-002  -7.2231437974984228E-002   8.6232865273767691E-010   5.3707230225183986     
   54.432989690788176        7.3209969803843242E-002   3.8079246584011538E-002  -7.2136913169004863E-002   4.9437135482868165E-010   5.3647889869521093     
   54.536082474293451        7.3150933755533984E-002   3.8093841650556223E-002  -7.2050498467444060E-002   3.4533303139614926E-011   5.3680938528390056     
   54.639175257798733        7.3079552947470441E-002   3.8115114226083685E-002  -7.1969767974173676E-002  -8.6762564113677415E-011   5.3844678815022169     
   54.742268041304015        7.2994530751987211E-002   3.8122215947269639E-002  -7.1890052734753296E-002  -8.0784171051106606E-011   5.3909388046036693     
   54.845360824809298        7.2902211475032550E-002   3.8127995969439540E-002  -7.1817400329404812E-002  -2.5435354550826679E-010   5.3941556691890833     
   54.948453608314573        7.2808578451983907E-002   3.8142247928331242E-002  -7.1758864584625354E-002  -5.6910491633873775E-010   5.4295788253163524     
   55.051546391819855        7.2714659159862513E-002   3.8148451045182989E-002  -7.1703437545576704E-002  -7.8475004129816834E-010   5.4629566642145733     
   55.154639175325137        7.2626186967224796E-002   3.8140703429339964E-002  -7.1652005477024328E-002  -9.0899441327976801E-010   5.4880618501812739     
   55.257731958830419        7.2544587287533630E-002   3.8128583027551101E-002  -7.1598222535952272E-002  -9.6096910579760796E-010   5.5046966590481308     
   55.360824742335701        7.2466443065194452E-002   3.8117715093778350E-002  -7.1532535631604000E-002  -8.5896533724913788E-010   5.5131921821781784     
   55.463917525840976        7.2394261591790215E-002   3.8101228956210605E-002  -7.1460771101502951E-002  -6.7449575266445327E-010   5.5175977742639493     
   55.567010309346259        7.2330889280108182E-002   3.8084528534829375E-002  -7.1388824151442432E-002  -7.6011497375601125E-010   5.5430245308038417     
   55.670103092851541        7.2280047537949824E-002   3.8060189712668564E-002  -7.1320905076318247E-002  -7.3993319213074880E-010   5.5759318285504484     
   55.773195876356823        7.2244581596458385E-002   3.8008356316053073E-002  -7.1267391680859382E-002  -6.1167240005443402E-010   5.5629326981931184     
   55.876288659862098        7.2223452935764446E-002   3.7931136783056339E-002  -7.1234220535062454E-002  -3.4658799234101133E-010   5.4659376787196834     
   55.979381443367380        7.2215905489749307E-002   3.7858696556204850E-002  -7.1214123801821239E-002  -1.9462810623401556E-010   5.3970077965593992     
   56.082474226872662        7.2211402041898701E-002   3.7816175515830233E-002  -7.1188423127768852E-002   8.6049016674224051E-011   5.3992775445570738     
   56.185567010377945        7.2199599215614280E-002   3.7782229441062999E-002  -7.1150323397914980E-002   4.1429234997555976E-010   5.4088092958882950     
   56.288659793883227        7.2178832985412653E-002   3.7748307460637065E-002  -7.1115648824856284E-002   5.2662597670229275E-010   5.4004992319168137     
   56.391752577388502        7.2148797736982753E-002   3.7724910368540920E-002  -7.1091794610027390E-002   3.3502957149181416E-010   5.3916241452947622     
   56.494845360893784        7.2108803539895100E-002   3.7715340303257856E-002  -7.1074806161366633E-002  -4.3082887250722839E-011   5.4133456735043541     
   56.597938144399066        7.2061981720161178E-002   3.7702136237077404E-002  -7.1062651276450770E-002  -3.6381593127812630E-010   5.4239192632802533     
   56.701030927904348        7.2016757255542602E-002   3.7672154729826469E-002  -7.1059360606499894E-002  -4.9618608178185388E-010   5.4074232492129006     
   56.804123711409630        7.1978783738035609E-002   3.7636292561109591E-002  -7.1063995846644967E-002  -5.3969590580706334E-010   5.3895466287770812     
   56.907216494914906        7.1945452604178631E-002   3.7611364791577485E-002  -7.1067510820771743E-002  -5.8161031631503962E-010   5.3894755884346903     
   57.010309278420188        7.1915733163825324E-002   3.7595924693361975E-002  -7.1072503236043000E-002  -5.1743191124836606E-010   5.3908675557639274     
   57.113402061925470        7.1891884014309126E-002   3.7586129197119060E-002  -7.1093443037956977E-002  -4.8028154688330856E-010   5.3891733095230254     
   57.216494845430752        7.1871610477509409E-002   3.7579882154861501E-002  -7.1126641472204336E-002  -5.6510954960088865E-010   5.3840142752222242     
   57.319587628936027        7.1853882683824435E-002   3.7573794207004976E-002  -7.1157538485112679E-002  -7.9104632919217713E-010   5.3781895852193795     
   57.422680412441309        7.1839830498748938E-002   3.7560424506889761E-002  -7.1189375087507445E-002  -7.3169015905327232E-010   5.3665932162251293     
   57.525773195946591        7.1835261744577564E-002   3.7528492692264104E-002  -7.1232140268338892E-002  -4.2738306557241222E-010   5.3590955779217033     
   57.628865979451874        7.1847259847565639E-002   3.7488039809481108E-002  -7.1292830412735819E-002  -1.0032885629094866E-010   5.3460190177582616     
   57.731958762957156        7.1875037571407133E-002   3.7452749380994285E-002  -7.1370773886053354E-002   1.0801182204125331E-010   5.3476007724504537     
   57.835051546462431        7.1912001403803896E-002   3.7426344516853526E-002  -7.1459634682249903E-002   2.1995706834608086E-010   5.3348807765813708     
   57.938144329967713        7.1953630816683448E-002   3.7399539616431499E-002  -7.1561071047173921E-002   1.9806256111571358E-010   5.3165886703572358     
   58.041237113472995        7.1999789457589836E-002   3.7367357516061947E-002  -7.1676917307434834E-002   1.8399394120538744E-010   5.2856969504274236     
   58.144329896978277        7.2046389438797251E-002   3.7336244480061648E-002  -7.1794639607638711E-002   2.1982732492264151E-010   5.2681974509622274     
   58.247422680483560        7.2087834299672485E-002   3.7315663748956326E-002  -7.1895510349980610E-002   2.9888239351596465E-010   5.2528320576943948     
   58.350515463988835        7.2123167392091084E-002   3.7307898747774619E-002  -7.1969446859549063E-002   2.5456844295659167E-010   5.2649278648191569     
   58.453608247494117        7.2149200643305281E-002   3.7310706080697531E-002  -7.2016702957250642E-002   1.3055424713017420E-010   5.2898715261708791     
   58.556701030999399        7.2162567070544761E-002   3.7302793343909318E-002  -7.2036931720074499E-002   6.4290002439028688E-011   5.3036086008727290     
   58.659793814504681        7.2170588288266876E-002   3.7278894808776192E-002  -7.2042139981628436E-002  -3.9063652419609939E-011   5.2907205805733977     
   58.762886598009956        7.2181285719127117E-002   3.7251805558617554E-002  -7.2050176120750098E-002  -6.3719811047059599E-011   5.2583003500320071     
   58.865979381515238        7.2195405528333617E-002   3.7225930194861416E-002  -7.2057869719754281E-002   1.4770105023114209E-010   5.2495233227153948     
   58.969072165020521        7.2212474029033150E-002   3.7200804733831729E-002  -7.2067941706186370E-002   2.0334483938389887E-010   5.2571316118510332     
   59.072164948525803        7.2232940367193355E-002   3.7180478432546980E-002  -7.2099814947937269E-002   8.9611713282779733E-011   5.2480419573141992     
   59.175257732031085        7.2259634596520753E-002   3.7167923317417043E-002  -7.2165525890064114E-002   9.3540200802227217E-011   5.2224013690648095     
   59.278350515536360        7.2290502934794706E-002   3.7168340275379734E-002  -7.2253245513027739E-002   2.3626480426185041E-010   5.2166678492402818     
   59.381443299041642        7.2317743324599365E-002   3.7180048114053073E-002  -7.2341084242486794E-002   4.2239554857391114E-010   5.2276192643903032     
   59.484536082546924        7.2338189122674201E-002   3.7191209401206689E-002  -7.2412548995831758E-002   6.7951954847199931E-010   5.2636940316422445     
   59.587628866052206        7.2350493224926635E-002   3.7199687373724824E-002  -7.2457665278614011E-002   7.8677490267974473E-010   5.3117781295058837     
   59.690721649557481        7.2360548188990279E-002   3.7208221696109489E-002  -7.2483806110555771E-002   8.0903842404220079E-010   5.3537935971310082     
   59.793814433062764        7.2375582536431948E-002   3.7213432500204285E-002  -7.2502264734123523E-002   7.9647824355754411E-010   5.4154234327317923     
   59.896907216568046        7.2400115386150349E-002   3.7212825874741007E-002  -7.2527321487593610E-002   6.1177338552362345E-010   5.4779381345056475     
   60.000000000073328        7.2436234079845285E-002   3.7198581642548155E-002  -7.2567309298198879E-002   6.1783495988470280E-010   5.4886831386933439     
   60.103092783578610        7.2486042729446865E-002   3.7159308125675944E-002  -7.2617860993993283E-002   1.0348672674898696E-009   5.4373169500213416     
   60.206185567083885        7.2546811119296339E-002   3.7111316000189118E-002  -7.2675742475207306E-002   1.5544940621234799E-009   5.3873054581587771     
   60.309278350589167        7.2609162197356858E-002   3.7065134509370386E-002  -7.2738259006060998E-002   2.0792468569501817E-009   5.3443948331464659     
   60.412371134094450        7.2668495637500968E-002   3.7027417115932292E-002  -7.2797791314839447E-002   2.1036450056827316E-009   5.3375289373282557     
   60.515463917599732        7.2719579555321157E-002   3.7011445550115742E-002  -7.2834952893757687E-002   1.7585961055149528E-009   5.3272882736196783     
   60.618556701105014        7.2759499953315127E-002   3.6999885862422678E-002  -7.2847464210577750E-002   1.4442406645046263E-009   5.3117085720818000     
   60.721649484610289        7.2792545324600486E-002   3.6992562618441631E-002  -7.2853272601104635E-002   1.0232644364977721E-009   5.3353961646411934     
   60.824742268115571        7.2822798900055011E-002   3.6992625991168572E-002  -7.2856077857784016E-002   7.7787261211594845E-010   5.3686243532171192     
   60.927835051620853        7.2845787135129889E-002   3.6983743251654613E-002  -7.2842281669443509E-002   1.0149815840161167E-009   5.3607879909055196     
   61.030927835126136        7.2859561650127067E-002   3.6960878214369164E-002  -7.2810906456886690E-002   1.2504978848219731E-009   5.3774162477328646     
   61.134020618631411        7.2868562716249932E-002   3.6931865881824989E-002  -7.2770626830220148E-002   1.2963402270935523E-009   5.3797349709502917     
   61.237113402136693        7.2872235019630943E-002   3.6885697793872074E-002  -7.2717740675277753E-002   1.3186999322580669E-009   5.3641965589759630     
   61.340206185641975        7.2871192442681712E-002   3.6832251360820571E-002  -7.2654477172828108E-002   1.3539148559674086E-009   5.3119620940098242     
   61.443298969147257        7.2866330419173758E-002   3.6786820890803623E-002  -7.2582925347856528E-002   1.4853573271827076E-009   5.2763816993969552     
   61.546391752652539        7.2853127061264678E-002   3.6762153639587417E-002  -7.2495713076302509E-002   1.4452072557867359E-009   5.2880617196658797     
   61.649484536157814        7.2829709383538110E-002   3.6752568041113952E-002  -7.2392084129514811E-002   1.3784924558018111E-009   5.3157550766622608     
   61.752577319663096        7.2803355902097147E-002   3.6745909778411370E-002  -7.2286851014090089E-002   1.1086528908192330E-009   5.3473922777558585     
   61.855670103168379        7.2780419066644036E-002   3.6750491593247406E-002  -7.2191755289618020E-002   6.4174275478129455E-010   5.3617203513074552     
   61.958762886673661        7.2761932405376789E-002   3.6756819038754628E-002  -7.2108928312891118E-002   2.0653795057639606E-010   5.3761968384081369     
   62.061855670178936        7.2752955960611529E-002   3.6747848037857016E-002  -7.2051230239134789E-002  -1.1679700071732924E-010   5.3632266590899089     
   62.164948453684218        7.2758115062528425E-002   3.6722620331202799E-002  -7.2026708933073544E-002  -3.0950231581250993E-010   5.3259387175654789     
   62.268041237189500        7.2785506218579946E-002   3.6689419990892487E-002  -7.2046510136549294E-002  -4.1030886685584475E-010   5.2958069072640805     
   62.371134020694782        7.2839105993066672E-002   3.6661144146462786E-002  -7.2117178190075362E-002  -5.9461359552794727E-010   5.2955562754000267     
   62.474226804200065        7.2912850355661446E-002   3.6628818527586156E-002  -7.2221367205654849E-002  -3.8843939235562228E-010   5.3020311778092140     
   62.577319587705340        7.3000234840854925E-002   3.6587473417403045E-002  -7.2349996261181410E-002  -1.3318998435288838E-010   5.3042740888871789     
   62.680412371210622        7.3094460472601777E-002   3.6548517344498765E-002  -7.2499262778004822E-002   7.8609992255003920E-011   5.2920591468536857     
   62.783505154715904        7.3185803661272433E-002   3.6520219262895760E-002  -7.2651523440945123E-002   2.4506676136626291E-010   5.2733453282367888     
   62.886597938221186        7.3273451286185551E-002   3.6505892909936923E-002  -7.2799076821628519E-002   4.8160431923167327E-010   5.2348908060162165     
   62.989690721726468        7.3358243083320812E-002   3.6495034642998567E-002  -7.2945890882001110E-002   6.4466202547933447E-010   5.2338560519018138     
   63.092783505231743        7.3436304043951725E-002   3.6482398339130057E-002  -7.3096053864522420E-002   5.8889685164185553E-010   5.2437847655787566     
   63.195876288737026        7.3505154082887339E-002   3.6477867602241781E-002  -7.3241876546236040E-002   3.7822917970040367E-010   5.2545431990004454     
   63.298969072242308        7.3560957149289022E-002   3.6489478200410257E-002  -7.3367403761470384E-002   3.2389408471742203E-010   5.2745020280541857     
   63.402061855747590        7.3605483854024739E-002   3.6478822776370823E-002  -7.3467237866083446E-002   6.8008030752012899E-010   5.2693324391626799     
   63.505154639252865        7.3648701727813126E-002   3.6432493581354981E-002  -7.3550218835755826E-002   9.9148084889441132E-010   5.2090019927205669     
   63.608247422758147        7.3692019474905626E-002   3.6389891309111994E-002  -7.3624113147177941E-002   9.9131564937588117E-010   5.1698179646046523     
   63.711340206263429        7.3726662749738298E-002   3.6375684861802024E-002  -7.3683220090197857E-002   1.0233771404225961E-009   5.1929467039855739     
   63.814432989768711        7.3752134453494267E-002   3.6374339621998146E-002  -7.3728975593730275E-002   1.0618815209535548E-009   5.2342347885549749     
   63.917525773273994        7.3769477530699235E-002   3.6367819644525151E-002  -7.3775002340374596E-002   1.0921497450972014E-009   5.2464975765597499     
   64.020618556779269        7.3776759921107271E-002   3.6345665636468329E-002  -7.3828099932563826E-002   9.8105543419411779E-010   5.2600865480035086     
   64.123711340284558        7.3780216356586520E-002   3.6315269701662579E-002  -7.3890821171640406E-002   7.0238225977734950E-010   5.2577672926274177     
   64.226804123789833        7.3784568034527487E-002   3.6278932598008441E-002  -7.3958652394204516E-002   6.3103203138132316E-010   5.2560788880757698     
   64.329896907295108        7.3788253195467612E-002   3.6235662320400527E-002  -7.4024460102530193E-002   7.9042513684219819E-010   5.2468753812507378     
