  0.10309278350528063       0.37843280762822734        1.2075456570149917E-002 -0.39050826419837714     
  0.20618556701056126       0.37882921252560631        1.2159330880828222E-002 -0.39098854340643546     
  0.30927835051584190       0.37911855588733839        1.2171403860865253E-002 -0.39128995974820324     
  0.41237113402112252       0.37938036913291556        1.2190925199568348E-002 -0.39157129433248250     
  0.51546391752640319       0.37961935497412297        1.3621121266016334E-002 -0.39324047624013664     
  0.61855670103168381       0.37983419502503085        1.3243112501025001E-002 -0.39307730752605374     
  0.72164948453696443       0.38004989687824964        1.2731836799616723E-002 -0.39278173367786756     
  0.82474226804224504       0.38030081598040893        1.3093078648996738E-002 -0.39339389462940422     
  0.92783505154752566       0.38057917582702039        1.2703464410158818E-002 -0.39328264023717674     
   1.0309278350528064       0.38087156172817899        1.2871804498996922E-002 -0.39374336622717726     
   1.1340206185580870       0.38111341203112509        1.3668875125035788E-002 -0.39478228715615821     
   1.2371134020633676       0.38136935701587749        1.3275100204248984E-002 -0.39464445722012498     
   1.3402061855686482       0.38161170484500467        1.2508067533668786E-002 -0.39411977237867668     
   1.4432989690739289       0.38186210102683199        1.3001879010143470E-002 -0.39486398003697643     
   1.5463917525792095       0.38200840465901231        1.2129882152770978E-002 -0.39413828681178503     
   1.6494845360844901       0.38215694100176439        1.2236932305223562E-002 -0.39439387330698528     
   1.7525773195897707       0.38225681906893011        1.2276134498231780E-002 -0.39453295356716128     
   1.8556701030950513       0.38225209405336175        1.2838333250532019E-002 -0.39509042730389365     
   1.9587628866003319       0.38226837539766340        1.3314293012366704E-002 -0.39558266841002948     
   2.0618556701056128       0.38215843376377318        1.2373105851894993E-002 -0.39453153961567089     
   2.1649484536108932       0.38194130967146256        1.2725239619721497E-002 -0.39466654929118566     
   2.2680412371161740       0.38177564735712904        1.2304126925029706E-002 -0.39407977428215873     
   2.3711340206214544       0.38174067147256591        1.2049828579244875E-002 -0.39379050005181349     
   2.4742268041267352       0.38183858357486450        1.2815412068572334E-002 -0.39465399564343767     
   2.5773195876320156       0.38197958713693708        1.1914869698843387E-002 -0.39389445683577856     
   2.6804123711372965       0.38206074008915553        1.2064353242915046E-002 -0.39412509333206797     
   2.7835051546425769       0.38224045828576314        1.1184004631187083E-002 -0.39342446291694960     
   2.8865979381478577       0.38247565565121894        1.1951948874207240E-002 -0.39442760452542253     
   2.9896907216531381       0.38275112078146878        1.1273481774430001E-002 -0.39402460255590227     
   3.0927835051584189       0.38298768216794632        1.0822059410166561E-002 -0.39380974157811449     
   3.1958762886636993       0.38314213527849833        1.1145886581240967E-002 -0.39428802185974143     
   3.2989690721689802       0.38332742177705614        1.0676128065929266E-002 -0.39400354984298708     
   3.4020618556742610       0.38347415541123131        1.0210851338096129E-002 -0.39368500674932561     
   3.5051546391795414       0.38367653852981920        9.7700964078173188E-003 -0.39344663493763915     
   3.6082474226848222       0.38385281327155418        9.9276978771108988E-003 -0.39378051114867130     
   3.7113402061901026       0.38391467883735364        9.8714932861007944E-003 -0.39378617212345118     
   3.8144329896953835       0.38395881231233475        9.8445702404367751E-003 -0.39380338255277220     
   3.9175257732006639       0.38398248298042353        1.0613984021449112E-002 -0.39459646700187151     
   4.0206185567059443       0.38396714707557617        1.0660697856935006E-002 -0.39462784493251341     
   4.1237113402112255       0.38386085277638149        1.0875183597451469E-002 -0.39473603637383331     
   4.2268041237165059       0.38371149453127884        1.1378963103290859E-002 -0.39509045763457334     
   4.3298969072217863       0.38358353139217310        1.0988757910916004E-002 -0.39457228930308907     
   4.4329896907270667       0.38334202353263058        1.1277383600867089E-002 -0.39461940713349569     
   4.5360824742323480       0.38312366222999983        1.1015853235616449E-002 -0.39413951546562032     
   4.6391752577376284       0.38290411614063957        1.0320189248191745E-002 -0.39322430538883296     
   4.7422680412429088       0.38267859118266323        9.9687193264590204E-003 -0.39264731050912505     
   4.8453608247481892       0.38245583933858612        1.0295333771476326E-002 -0.39275117311006208     
   4.9484536082534705       0.38217143338434761        1.0334856557263796E-002 -0.39250628994160947     
   5.0515463917587509       0.38194412106114850        9.6920065132737668E-003 -0.39163612757442112     
   5.1546391752640313       0.38159965241512173        9.9725066355484896E-003 -0.39157215905067433     
   5.2577319587693125       0.38130783814810804        1.0339686266576643E-002 -0.39164752441468526     
   5.3608247422745929       0.38104441315880955        1.0293337146913389E-002 -0.39133775030572249     
   5.4639175257798733       0.38083123783321415        1.0055482270377645E-002 -0.39088672010358871     
   5.5670103092851537       0.38057564876151306        1.0024334292071915E-002 -0.39059998305358623     
   5.6701030927904350       0.38035867883644903        9.8441255346201385E-003 -0.39020280437107030     
   5.7731958762957154       0.38012145393425883        9.9383792449414116E-003 -0.39005983317920007     
   5.8762886598009958       0.37985191507100602        1.0051794002319297E-002 -0.38990370907332705     
   5.9793814433062762       0.37960062408418427        9.5935947948754315E-003 -0.38919421887906014     
   6.0824742268115575       0.37930281473985833        1.0680338287237598E-002 -0.38998315302709463     
   6.1855670103168379       0.37903567533106602        1.0712363173085937E-002 -0.38974803850414941     
   6.2886597938221183       0.37877541738095893        1.1009561337517208E-002 -0.38978497871847478     
   6.3917525773273987       0.37845748810308949        1.0840181157328464E-002 -0.38929766926041398     
   6.4948453608326799       0.37817102325897844        1.1215773348906187E-002 -0.38938679660788400     
   6.5979381443379603       0.37794435878156651        1.0958092419941001E-002 -0.38890245120150879     
   6.7010309278432407       0.37772016979478079        1.1809469159391787E-002 -0.38952963895417353     
   6.8041237113485220       0.37756829683902710        1.1142338516049918E-002 -0.38871063535507577     
   6.9072164948538024       0.37744387576378075        1.1404824438395711E-002 -0.38884870020217771     
   7.0103092783590828       0.37719917684561521        1.1422248384574984E-002 -0.38862142523018645     
   7.1134020618643632       0.37691406742952210        1.1353755571333217E-002 -0.38826782300085527     
   7.2164948453696445       0.37674361414396856        1.1306135169283424E-002 -0.38804974931325226     
   7.3195876288749249       0.37670002283524640        1.1038841258068199E-002 -0.38773886409331365     
   7.4226804123802053       0.37667711593563419        1.1064476581612298E-002 -0.38774159251724144     
   7.5257731958854857       0.37674661728758624        1.1262709945046341E-002 -0.38800932723262732     
   7.6288659793907669       0.37678482764875321        1.1125429683237832E-002 -0.38791025733199130     
   7.7319587628960473       0.37676535026299401        1.0950425161152003E-002 -0.38771577542414826     
   7.8350515464013277       0.37666625970811746        1.1929806874902254E-002 -0.38859606658301826     
   7.9381443299066081       0.37652317921639600        1.1437523947844129E-002 -0.38796070316423775     
   8.0412371134118885       0.37627988840000276        1.2375120360446362E-002 -0.38865500876044862     
   8.1443298969171689       0.37599187412562318        1.2018077378519286E-002 -0.38800995150414141     
   8.2474226804224511       0.37573257325792309        1.2579119567375903E-002 -0.38831169282529782     
   8.3505154639277315       0.37545963644339142        1.2670267812561526E-002 -0.38812990425595362     
   8.4536082474330119       0.37523031345416513        1.2098346609822799E-002 -0.38732866006398459     
   8.5567010309382923       0.37500249073922515        1.2270453266995978E-002 -0.38727294400622397     
   8.6597938144435727       0.37467386082800869        1.2145368704153007E-002 -0.38681922953215975     
   8.7628865979488531       0.37439378604293611        1.1805897264181683E-002 -0.38619968330711490     
   8.8659793814541334       0.37413967231263001        1.2159482350971799E-002 -0.38629915466360226     
   8.9690721649594156       0.37385056279547008        1.1653838465085019E-002 -0.38550440126055624     
   9.0721649484646960       0.37368100426101208        1.1329568171292336E-002 -0.38501057243230424     
   9.1752577319699764       0.37357481179170537        1.0948984074003567E-002 -0.38452379586570762     
   9.2783505154752568       0.37346884374337891        1.1695755236162113E-002 -0.38516459897953964     
   9.3814432989805372       0.37336583098626092        1.1904196153252691E-002 -0.38527002713951142     
   9.4845360824858176       0.37330322483667022        1.2096756990015814E-002 -0.38539998182668495     
   9.5876288659910980       0.37328741169368712        1.2623247268188351E-002 -0.38591065896187887     
   9.6907216494963784       0.37332999919836374        1.1998429043398028E-002 -0.38532842824176189     
   9.7938144330016605       0.37349063927274240        1.1779025722000614E-002 -0.38526966499474402     
   9.8969072165069409       0.37372902614048381        1.1784490648481956E-002 -0.38551351678896573     
   10.000000000012221       0.37388711239035499        1.1393434007934390E-002 -0.38528054639829395     
   10.103092783517502       0.37397242506051098        1.1279028422876591E-002 -0.38525145348339079     
   10.206185567022782       0.37385344403354986        1.1812229937727686E-002 -0.38566567397127272     
   10.309278350528063       0.37372058184695234        1.2195361164485842E-002 -0.38591594301144388     
   10.412371134033343       0.37362459770980988        1.2371799924189011E-002 -0.38599639763400156     
   10.515463917538625       0.37355127620103773        1.2651103409950839E-002 -0.38620237961098591     
   10.618556701043905       0.37351244805346989        1.2690707977508056E-002 -0.38620315603097477     
   10.721649484549186       0.37349682921876537        1.2450363636990282E-002 -0.38594719285575735     
   10.824742268054466       0.37359187278271105        1.2332683496359159E-002 -0.38592455627907174     
   10.927835051559747       0.37355976498489973        1.3080042895946867E-002 -0.38663980788084651     
   11.030927835065027       0.37361221761738972        1.2915254469561170E-002 -0.38652747208695054     
   11.134020618570307       0.37371596340107560        1.2306499991275727E-002 -0.38602246339235180     
   11.237113402075588       0.37381223554454107        1.1531331267053474E-002 -0.38534356681159293     
   11.340206185580870       0.37392911607747559        1.2193519017697271E-002 -0.38612263509517264     
   11.443298969086150       0.37403804926451045        1.1685039982403412E-002 -0.38572308924691229     
   11.546391752591431       0.37414348301381734        1.1279384946721073E-002 -0.38542286796053865     
   11.649484536096711       0.37415070206423173        1.1417822367325118E-002 -0.38556852443155781     
   11.752577319601992       0.37409992709350814        1.1805963595574433E-002 -0.38590589068908221     
   11.855670103107272       0.37405376300100218        1.1373211174194356E-002 -0.38542697417519484     
   11.958762886612552       0.37394930077065047        1.0876614531420964E-002 -0.38482591530207189     
   12.061855670117835       0.37369581034487825        1.1162065206416941E-002 -0.38485787555129269     
   12.164948453623115       0.37332382254057173        1.0988397760972268E-002 -0.38431222030154355     
   12.268041237128395       0.37297133079189715        1.1168936325619706E-002 -0.38414026711751692     
   12.371134020633676       0.37266536685166524        1.0911527979229627E-002 -0.38357689483089263     
   12.474226804138956       0.37236952897131526        1.1318711972863185E-002 -0.38368824094417475     
   12.577319587644237       0.37210285422199341        1.1327268953761491E-002 -0.38343012317575637     
   12.680412371149517       0.37199117584361047        1.2203866430594281E-002 -0.38419504227420986     
   12.783505154654797       0.37206136470941187        1.2817696610307582E-002 -0.38487906131972083     
   12.886597938160079       0.37205649191612528        1.2384396181948762E-002 -0.38444088809807325     
   12.989690721665360       0.37208328621267106        1.2385318535727363E-002 -0.38446860474839945     
   13.092783505170640       0.37203596003215289        1.2316995080051504E-002 -0.38435295511220474     
   13.195876288675921       0.37201232291640596        1.1654520254530818E-002 -0.38366684317093308     
   13.298969072181201       0.37190839742369025        1.1356636252635400E-002 -0.38326503367632675     
   13.402061855686481       0.37176498059947904        1.2413422395361279E-002 -0.38417840299483696     
   13.505154639191762       0.37158395846497372        1.2224657333220982E-002 -0.38380861579819181     
   13.608247422697044       0.37144942960267513        1.2554034894889146E-002 -0.38400346449756401     
   13.711340206202324       0.37129223871947614        1.2424466463543527E-002 -0.38371670518302448     
   13.814432989707605       0.37115289534595552        1.2431481813716531E-002 -0.38358437715967314     
   13.917525773212885       0.37097873845791901        1.3293594921692410E-002 -0.38427233337961297     
   14.020618556718166       0.37087192301873873        1.3180947647465666E-002 -0.38405287066620447     
   14.123711340223446       0.37083407795533541        1.3172732821969450E-002 -0.38400681077730409     
   14.226804123728726       0.37084400150735491        1.3532734312714725E-002 -0.38437673582006776     
   14.329896907234007       0.37101425833705165        1.3532185396926256E-002 -0.38454644373397506     
   14.432989690739289       0.37113518052263339        1.3092287827211934E-002 -0.38422746834984661     
   14.536082474244569       0.37128667257241721        1.3191191521480456E-002 -0.38447786409389678     
   14.639175257749850       0.37138026046456163        1.2677218537206306E-002 -0.38405747900176662     
   14.742268041255130       0.37145354421173971        1.2799837978880273E-002 -0.38425338219062205     
   14.845360824760411       0.37150691904876959        1.2855269511477614E-002 -0.38436218856024534     
   14.948453608265691       0.37153668156974662        1.2141679011989016E-002 -0.38367836058173388     
   15.051546391770971       0.37169972926932987        1.1345394334780606E-002 -0.38304512360411253     
   15.154639175276253       0.37179297996531652        1.1026227558929069E-002 -0.38281920752424331     
   15.257731958781534       0.37170186701059915        1.1039192863766348E-002 -0.38274105987436419     
   15.360824742286814       0.37155972932871223        1.1231250329769802E-002 -0.38279097965848352     
   15.463917525792095       0.37144043512069042        1.0573221589631738E-002 -0.38201365671031950     
   15.567010309297375       0.37124896882383052        1.1045546218646811E-002 -0.38229451504247819     
   15.670103092802655       0.37094041730982696        1.1216742659071023E-002 -0.38215715996889893     
   15.773195876307936       0.37058040378254092        1.1371688725674600E-002 -0.38195209250821555     
   15.876288659813216       0.37023165034922900        1.1977262609508139E-002 -0.38220891295873682     
   15.979381443318498       0.36988676849989849        1.1489033558117734E-002 -0.38137580205801630     
   16.082474226823777       0.36959318200383484        1.1476664875385980E-002 -0.38106984687921830     
   16.185567010329059       0.36926702372930087        1.1778442673012311E-002 -0.38104546640231424     
   16.288659793834338       0.36900827159672062        1.2135605395057387E-002 -0.38114387699178082     
   16.391752577339620       0.36874482051123447        1.2192555880690280E-002 -0.38093737639192587     
   16.494845360844902       0.36847336941107461        1.2916050149375203E-002 -0.38138941956044947     
   16.597938144350181       0.36818465160498937        1.3716341708709402E-002 -0.38190099331370075     
   16.701030927855463       0.36791282540083525        1.3495148373357389E-002 -0.38140797377419333     
   16.804123711360742       0.36768720925782400        1.2968330254672252E-002 -0.38065553951249342     
   16.907216494866024       0.36762568111332300        1.2497188321276135E-002 -0.38012286943459622     
   17.010309278371302       0.36757664243571442        1.3006209575898462E-002 -0.38058285201161574     
   17.113402061876585       0.36760367777514236        1.2960480405278894E-002 -0.38056415818042388     
   17.216494845381867       0.36782752342607006        1.2658863317059515E-002 -0.38048638674313112     
   17.319587628887145       0.36805425195005426        1.2800721001159287E-002 -0.38085497295121434     
   17.422680412392427       0.36828658129015407        1.2497297071044931E-002 -0.38078387836120020     
   17.525773195897706       0.36848656538021096        1.2991921196079583E-002 -0.38147848657629119     
   17.628865979402988       0.36862661710720307        1.2705166918011145E-002 -0.38133178402521661     
   17.731958762908267       0.36858426627564322        1.2537083195652126E-002 -0.38112134947129478     
   17.835051546413549       0.36852799343182269        1.2875949298859438E-002 -0.38140394273068323     
   17.938144329918831       0.36840293527481821        1.1972313060047689E-002 -0.38037524833486724     
   18.041237113424110       0.36817867929072134        1.1870555494269805E-002 -0.38004923478498875     
   18.144329896929392       0.36806661712866068        1.2260882073010794E-002 -0.38032749920166942     
   18.247422680434671       0.36796369766678522        1.1827329185758909E-002 -0.37979102685254434     
   18.350515463939953       0.36790679242389690        1.0586767139078209E-002 -0.37849355956297687     
   18.453608247445231       0.36791461751890459        1.0551850257337885E-002 -0.37846646777624088     
   18.556701030950514       0.36794049349054136        9.9763727984225423E-003 -0.37791686628896187     
   18.659793814455796       0.36788292796180971        9.9837032087858515E-003 -0.37786663117059477     
   18.762886597961074       0.36788719595500213        1.0827954320646477E-002 -0.37871515027565106     
   18.865979381466357       0.36795905064945927        1.1611577492794421E-002 -0.37957062814225379     
   18.969072164971635       0.36811427843195160        1.1210371173566035E-002 -0.37932464960551687     
   19.072164948476917       0.36830546338585884        1.1198079696679719E-002 -0.37950354308254020     
   19.175257731982196       0.36852600280899572        1.1230131215822213E-002 -0.37975613402481562     
   19.278350515487478       0.36873862396599866        1.1664454096181737E-002 -0.38040307806217788     
   19.381443298992757       0.36894485246838787        1.1793284741836477E-002 -0.38073813721022393     
   19.484536082498039       0.36914093500159828        1.1917402151683548E-002 -0.38105833715328402     
   19.587628866003321       0.36923168085379482        1.2174317504365966E-002 -0.38140599835815986     
   19.690721649508600       0.36922272592064420        1.2086425921598261E-002 -0.38130915184224257     
   19.793814433013882       0.36910009677686800        1.2349789995396765E-002 -0.38144988677226627     
   19.896907216519160       0.36896076895059787        1.3126452887847459E-002 -0.38208722183844340     
   20.000000000024443       0.36870159900621496        1.2367812370448449E-002 -0.38106941137666372     
   20.103092783529721       0.36836859822133977        1.2859572797110355E-002 -0.38122817101845108     
   20.206185567035003       0.36800603641546609        1.3286157296420456E-002 -0.38129219371188366     
   20.309278350540286       0.36774753604994559        1.3215455823730834E-002 -0.38096299187367733     
   20.412371134045564       0.36756430981717730        1.4196189144295584E-002 -0.38176049896147329     
   20.515463917550846       0.36751306552150026        1.4740015235300080E-002 -0.38225308075679754     
   20.618556701056125       0.36757985701613582        1.4605171995281810E-002 -0.38218502901141238     
   20.721649484561407       0.36766188437515862        1.3866448678369964E-002 -0.38152833305353057     
   20.824742268066686       0.36792509544128388        1.3775475910986653E-002 -0.38170057135226976     
   20.927835051571968       0.36812498153093004        1.3031668894147619E-002 -0.38115665042507685     
   21.030927835077250       0.36834967655796258        1.3243126607325562E-002 -0.38159280316528771     
   21.134020618582529       0.36865953210289548        1.3905529849534732E-002 -0.38256506195243223     
   21.237113402087811       0.36895407727471957        1.4239008573340107E-002 -0.38319308584805806     
   21.340206185593090       0.36912741270803601        1.3567994282858891E-002 -0.38269540699089344     
   21.443298969098372       0.36923571041877840        1.4594431174974713E-002 -0.38383014159375445     
   21.546391752603650       0.36939048970241412        1.4715291703634836E-002 -0.38410578140605023     
   21.649484536108933       0.36967423578611985        1.3984947444169603E-002 -0.38365918323029075     
   21.752577319614215       0.36994415886228599        1.4919333097164159E-002 -0.38486349195945052     
   21.855670103119493       0.37018106626229097        1.4439067845820030E-002 -0.38462013410810908     
   21.958762886624775       0.37036488505712922        1.4563944669624178E-002 -0.38492882972675724     
   22.061855670130054       0.37056101437801758        1.4393085096453262E-002 -0.38495409947446779     
   22.164948453635336       0.37076725425384499        1.5121063549455232E-002 -0.38588831780329708     
   22.268041237140615       0.37079986749735816        1.4560775641424441E-002 -0.38536064313878532     
   22.371134020645897       0.37079757436113420        1.3939490772662459E-002 -0.38473706513379557     
   22.474226804151176       0.37081226913004500        1.4289009448820189E-002 -0.38510127857886478     
   22.577319587656458       0.37091209851922696        1.4127887231622846E-002 -0.38503998575085102     
   22.680412371161740       0.37097343533676586        1.4242613860222164E-002 -0.38521604919698593     
   22.783505154667019       0.37108463878033132        1.3591697596397485E-002 -0.38467633637672494     
   22.886597938172301       0.37112880236728596        1.4552352923122949E-002 -0.38568115529040697     
   22.989690721677579       0.37124100127199722        1.4356288472956119E-002 -0.38559728974495205     
   23.092783505182862       0.37133389627919167        1.4422858305525917E-002 -0.38575675458472208     
   23.195876288688140       0.37129617742892346        1.4983961337427815E-002 -0.38628013876634837     
   23.298969072193422       0.37123271240009925        1.4034269395950157E-002 -0.38526698179604790     
   23.402061855698705       0.37121948901461393        1.4046928074573722E-002 -0.38526641708918730     
   23.505154639203983       0.37124336530846996        1.4141142719109498E-002 -0.38538450802757934     
   23.608247422709265       0.37144873530065942        1.3951594443258657E-002 -0.38540032974391697     
   23.711340206214544       0.37164242917211826        1.4269743625737349E-002 -0.38591217279785667     
   23.814432989719826       0.37178866691596346        1.5027579802616486E-002 -0.38681624671857912     
   23.917525773225105       0.37189564687073579        1.4465539070578900E-002 -0.38636118594131785     
   24.020618556730387       0.37190877158473573        1.3812954814958272E-002 -0.38572172639969504     
   24.123711340235669       0.37187686755636218        1.4808398519462538E-002 -0.38668526607582249     
   24.226804123740948       0.37190426497029400        1.4594707450665519E-002 -0.38649897242095899     
   24.329896907246230       0.37200856569053364        1.3391809836714072E-002 -0.38540037552724704     
   24.432989690751509       0.37211711590713392        1.3333845949516129E-002 -0.38545096185665356     
   24.536082474256791       0.37219202138446678        1.3784796903986216E-002 -0.38597681828845348     
   24.639175257762069       0.37226564408823354        1.3757150762059392E-002 -0.38602279485029078     
   24.742268041267351       0.37226877793485191        1.4343255553209158E-002 -0.38661203348806239     
   24.845360824772634       0.37217186483590237        1.3792166743900288E-002 -0.38596403157980452     
   24.948453608277912       0.37201578668061547        1.4545932368451971E-002 -0.38656171904906811     
   25.051546391783194       0.37190570442022597        1.4207699576719411E-002 -0.38611340399694588     
   25.154639175288473       0.37180041675032294        1.3914822395383433E-002 -0.38571523914570388     
   25.257731958793755       0.37171747928119897        1.4223507640508554E-002 -0.38594098692170753     
   25.360824742299034       0.37172702945859620        1.5167414934057932E-002 -0.38689444439265563     
   25.463917525804316       0.37181884343395771        1.4422656497639618E-002 -0.38624149993159829     
   25.567010309309595       0.37188809545696322        1.4727328377766667E-002 -0.38661542383473058     
   25.670103092814877       0.37200674556409380        1.3840601351453831E-002 -0.38584734691554712     
   25.773195876320159       0.37218718713045845        1.3148394726477337E-002 -0.38533558185693434     
   25.876288659825438       0.37229949224582398        1.3489598720920235E-002 -0.38578909096674274     
   25.979381443330720       0.37240589562193288        1.3225865857815409E-002 -0.38563176147975142     
   26.082474226835998       0.37244075662214254        1.3075827001920762E-002 -0.38551658362406627     
   26.185567010341281       0.37243970942150501        1.3233313278617716E-002 -0.38567302270012660     
   26.288659793846559       0.37247451416392496        1.2781118417242009E-002 -0.38525563258116502     
   26.391752577351841       0.37264981997155849        1.2723403544220045E-002 -0.38537322351578440     
   26.494845360857123       0.37284816669560772        1.2990852610014762E-002 -0.38583901930562226     
   26.597938144362402       0.37301508684161794        1.3342077644214677E-002 -0.38635716448583746     
   26.701030927867684       0.37307582619600843        1.3349419510013496E-002 -0.38642524570602305     
   26.804123711372963       0.37314319312693811        1.3306899656881236E-002 -0.38645009278381737     
   26.907216494878245       0.37313900046665238        1.3855349224530977E-002 -0.38699434969118301     
   27.010309278383524       0.37317788705619859        1.3874500233320985E-002 -0.38705238728951713     
   27.113402061888806       0.37322092121371064        1.3752691136931406E-002 -0.38697361235064370     
   27.216494845394088       0.37324320862583837        1.3955401078853472E-002 -0.38719860970469011     
   27.319587628899367       0.37333755382654349        1.3486912971421601E-002 -0.38682446679796384     
   27.422680412404649       0.37349977041333504        1.3474257809341389E-002 -0.38697402822267485     
   27.525773195909927       0.37375624656532641        1.3361014491014421E-002 -0.38711726105633854     
   27.628865979415210       0.37409589580305330        1.3063733727418413E-002 -0.38715962953047078     
   27.731958762920488       0.37445958449975320        1.3574016852149042E-002 -0.38803360135190024     
   27.835051546425770       0.37497449596372973        1.3809186120731324E-002 -0.38878368208446251     
   27.938144329931049       0.37558398926254910        1.4454072220372765E-002 -0.39003806148292536     
   28.041237113436331       0.37618519980770249        1.4432119779938258E-002 -0.39061731958763940     
   28.144329896941613       0.37677981798563753        1.4784062565493181E-002 -0.39156388055112706     
   28.247422680446892       0.37739158807362783        1.4711638485927894E-002 -0.39210322655955443     
   28.350515463952174       0.37800740310699382        1.3776714964344645E-002 -0.39178411807133889     
   28.453608247457453       0.37857763444949272        1.4208523402664475E-002 -0.39278615785215487     
   28.556701030962735       0.37911503724426948        1.3590357906206205E-002 -0.39270539515047886     
   28.659793814468014       0.37963621880178361        1.4239184456196177E-002 -0.39387540325798248     
   28.762886597973296       0.38023030067547314        1.3856337058308814E-002 -0.39408663773378300     
   28.865979381478578       0.38076102167931980        1.3389370230401629E-002 -0.39415039190972284     
   28.969072164983857       0.38135290833679175        1.3116399322877432E-002 -0.39446930765967125     
   29.072164948489139       0.38185371963188797        1.3203201335004860E-002 -0.39505692096688744     
   29.175257731994417       0.38222295693290881        1.3249649252371164E-002 -0.39547260618527919     
   29.278350515499699       0.38246519911137655        1.3497388359568872E-002 -0.39596258747094615     
   29.381443299004978       0.38260460614968916        1.3874209567347910E-002 -0.39647881571703608     
   29.484536082510260       0.38271260445264177        1.3686887467619781E-002 -0.39639949192025969     
   29.587628866015542       0.38278069694350225        1.2726930412965545E-002 -0.39550762735646661     
   29.690721649520821       0.38281598923246940        1.3496019762972742E-002 -0.39631200899544350     
   29.793814433026103       0.38279547221016363        1.4164682492831090E-002 -0.39696015470299578     
   29.896907216531382       0.38285701261916150        1.4002170728143795E-002 -0.39685918334730580     
   30.000000000036664       0.38293083128168109        1.4252979052626484E-002 -0.39718381033430761     
   30.103092783541943       0.38307458537639066        1.4782192858941315E-002 -0.39785677823533300     
   30.206185567047225       0.38325861348778550        1.5012251701877316E-002 -0.39827086518966215     
   30.309278350552507       0.38332355152679115        1.4330592578193180E-002 -0.39765414410498440     
   30.412371134057786       0.38344584988785674        1.5329086162995395E-002 -0.39877493605085118     
   30.515463917563068       0.38360394714182028        1.4795362211524147E-002 -0.39839930935334039     
   30.618556701068346       0.38378214759268553        1.4547135816072466E-002 -0.39832928340875501     
   30.721649484573629       0.38389276056388677        1.3644433923364908E-002 -0.39753719448725405     
   30.824742268078907       0.38398238069920737        1.3335755995982990E-002 -0.39731813669518923     
   30.927835051584189       0.38410505667279038        1.3055900634819298E-002 -0.39716095730761425     
   31.030927835089468       0.38432348421458123        1.1833292249866297E-002 -0.39615677646444597     
   31.134020618594750       0.38451267112866538        1.1821132121951206E-002 -0.39633380325061762     
   31.237113402100032       0.38469664418298272        1.1767757054832526E-002 -0.39646440123781568     
   31.340206185605311       0.38480447444068089        1.1535362513058652E-002 -0.39633983695373948     
   31.443298969110593       0.38488272858560485        1.1846695315777898E-002 -0.39672942390138322     
   31.546391752615872       0.38489706870616514        1.1887889212016061E-002 -0.39678495791818269     
   31.649484536121154       0.38493028758686620        1.1790680072572359E-002 -0.39672096765944115     
   31.752577319626432       0.38495169001704149        1.1158136864115046E-002 -0.39610982688115826     
   31.855670103131715       0.38499353193800073        1.0711921237475677E-002 -0.39570545317547384     
   31.958762886636997       0.38491154651428716        1.1250814039207024E-002 -0.39616236055349591     
   32.061855670142279       0.38490271633228390        1.1714468773052851E-002 -0.39661718510533789     
   32.164948453647554       0.38486190255864461        1.2154552354921461E-002 -0.39701645491356541     
   32.268041237152836       0.38477696814152051        1.2373260222065691E-002 -0.39715022836358621     
   32.371134020658118       0.38462608928044084        1.2191524153715060E-002 -0.39681761343415389     
   32.474226804163401       0.38435481644770603        1.2257517025725676E-002 -0.39661233347343455     
   32.577319587668676       0.38412792922455030        1.1613217687832146E-002 -0.39574114691238199     
   32.680412371173958       0.38403465249697677        1.1629540719117919E-002 -0.39566419321609753     
   32.783505154679240       0.38393098047285490        1.1483099715930631E-002 -0.39541408018878665     
   32.886597938184522       0.38389649090945227        1.1272200523299716E-002 -0.39516869143275074     
   32.989690721689804       0.38392499256725493        1.0988968528392616E-002 -0.39491396109565097     
   33.092783505195079       0.38396909599608514        1.1305935384599657E-002 -0.39527503138069070     
   33.195876288700362       0.38402855347225884        1.0795092601133288E-002 -0.39482364607339254     
   33.298969072205644       0.38412149371475501        1.0844319139008718E-002 -0.39496581285376431     
   33.402061855710926       0.38420250195458089        1.0912657072085564E-002 -0.39511515902666638     
   33.505154639216208       0.38424129108051264        1.1336004097235671E-002 -0.39557729517774842     
   33.608247422721483       0.38432103817665070        1.1691067351789566E-002 -0.39601210552844079     
   33.711340206226765       0.38429847446178611        1.1705858659400324E-002 -0.39600433312118688     
   33.814432989732047       0.38426927688104295        1.1433166040181892E-002 -0.39570244292122175     
   33.917525773237330       0.38421671050998252        1.1339436287802556E-002 -0.39555614679778101     
   34.020618556742605       0.38427836377461583        1.1721051579121584E-002 -0.39599941535373190     
   34.123711340247887       0.38438432899116126        1.0907194252942292E-002 -0.39529152324410421     
   34.226804123753169       0.38448163614008618        1.0976264566472849E-002 -0.39545790070655695     
   34.329896907258451       0.38460789957777597        1.1505039945609004E-002 -0.39611293952338456     
   34.432989690763733       0.38479377742042631        1.0964501646685422E-002 -0.39575827906711397     
   34.536082474269008       0.38496481145492162        1.0986077090417356E-002 -0.39595088854533605     
   34.639175257774291       0.38504363689922283        1.1048233025735009E-002 -0.39609186992495427     
   34.742268041279573       0.38508849537106837        1.0512711175873820E-002 -0.39560120654694264     
   34.845360824784855       0.38504752040281787        1.0434362128544020E-002 -0.39548188253135869     
   34.948453608290137       0.38498260032058551        1.1303100855976021E-002 -0.39628570117656492     
   35.051546391795412       0.38490340855700922        1.1654517465104548E-002 -0.39655792602210865     
   35.154639175300694       0.38478222695303749        1.1404746813719389E-002 -0.39618697376675954     
   35.257731958805977       0.38466553354499994        1.1830504881575072E-002 -0.39649603842657583     
   35.360824742311259       0.38454423196041121        1.1824417035440977E-002 -0.39636864899585128     
   35.463917525816534       0.38454699329311459        1.2528048489725026E-002 -0.39707504178283848     
   35.567010309321816       0.38457415891020080        1.1091824832149324E-002 -0.39566598374234879     
   35.670103092827098       0.38455592434237834        1.0800125466461927E-002 -0.39535604980884326     
   35.773195876332380       0.38456384340286193        1.1336262324876533E-002 -0.39590010572773926     
   35.876288659837662       0.38452146274164234        1.1735887604576636E-002 -0.39625735034622134     
   35.979381443342938       0.38454475294566093        1.1834396450020497E-002 -0.39637914939568014     
   36.082474226848220       0.38460746098839971        1.1911765665665800E-002 -0.39651922665406797     
   36.185567010353502       0.38475057054551587        1.2484284452329459E-002 -0.39723485499784866     
   36.288659793858784       0.38496940472399588        1.2397193933494213E-002 -0.39736659865748913     
   36.391752577364059       0.38518222020223070        1.2490793146623224E-002 -0.39767301334885669     
   36.494845360869341       0.38533203162319041        1.1802089841102118E-002 -0.39713412146428945     
   36.597938144374623       0.38545620004201847        1.2334707803621888E-002 -0.39779090784564292     
   36.701030927879906       0.38561159048615073        1.3219687982502877E-002 -0.39883127846865712     
   36.804123711385188       0.38569097964747179        1.3050538094435798E-002 -0.39874151774191002     
   36.907216494890463       0.38575233851269863        1.2995461277620813E-002 -0.39874779979032055     
   37.010309278395745       0.38585769854815555        1.3132408111859461E-002 -0.39899010666001677     
   37.113402061901027       0.38597301966041536        1.2768719773947054E-002 -0.39874173943436064     
   37.216494845406309       0.38603367415639517        1.3557090621177824E-002 -0.39959076477757360     
   37.319587628911592       0.38616739579624265        1.3929449176612377E-002 -0.40009684497285614     
   37.422680412416867       0.38631175041746912        1.2699172076941134E-002 -0.39901092249441117     
   37.525773195922149       0.38643367991609923        1.2004833667423437E-002 -0.39843851358352106     
   37.628865979427431       0.38672842201694713        1.2498801126939586E-002 -0.39922722314388537     
   37.731958762932713       0.38697622793183306        1.2407335449755322E-002 -0.39938356338158920     
   37.835051546437988       0.38714183482973691        1.2409107585925618E-002 -0.39955094241565947     
   37.938144329943270       0.38733780765800041        1.2178294800660381E-002 -0.39951610245865882     
   38.041237113448553       0.38763623502654820        1.2428118332096524E-002 -0.40006435335864798     
   38.144329896953835       0.38794591692585906        1.2473888764835432E-002 -0.40041980569069457     
   38.247422680459117       0.38821877232546448        1.3031705163390889E-002 -0.40125047748885873     
   38.350515463964392       0.38846703574754576        1.2937180169305859E-002 -0.40140421591684994     
   38.453608247469674       0.38871302196241098        1.2932270933471570E-002 -0.40164529289588174     
   38.556701030974956       0.38895192805503548        1.3024520597825082E-002 -0.40197644865286486     
   38.659793814480238       0.38931065492648032        1.3068390583343512E-002 -0.40237904550982162     
   38.762886597985514       0.38956908917523736        1.2871845644644017E-002 -0.40244093481987853     
   38.865979381490796       0.38988717140051210        1.4259838505073679E-002 -0.40414700990558589     
   38.969072164996078       0.39031671238617716        1.3851253954613224E-002 -0.40416796634078728     
   39.072164948501360       0.39071140630258899        1.4120221753000310E-002 -0.40483162805559103     
   39.175257732006642       0.39114193469724601        1.4028226073522210E-002 -0.40517016077076606     
   39.278350515511917       0.39149957674484043        1.4157275806244325E-002 -0.40565685255108630     
   39.381443299017199       0.39198054989896081        1.3739130983530827E-002 -0.40571968088249183     
   39.484536082522482       0.39254649845959633        1.4339237306285247E-002 -0.40688573576588427     
   39.587628866027764       0.39310629853502388        1.4136511176295337E-002 -0.40724280971131910     
   39.690721649533046       0.39359779298317199        1.3449475476224651E-002 -0.40704726845939815     
   39.793814433038321       0.39398559521880777        1.3140792019003877E-002 -0.40712638723780931     
   39.896907216543603       0.39426682245622208        1.2557818268888988E-002 -0.40682464072510988     
   40.000000000048885       0.39449990302937493        1.3041280750478118E-002 -0.40754118377985304     
   40.103092783554168       0.39476187183341566        1.2661151633055463E-002 -0.40742302346647274     
   40.206185567059443       0.39493459221832572        1.3169150833934325E-002 -0.40810374305225822     
   40.309278350564725       0.39515218136619301        1.3639565777803446E-002 -0.40879174714399963     
   40.412371134070007       0.39536114771467412        1.2917821079318683E-002 -0.40827896879399261     
   40.515463917575289       0.39563291173968990        1.3176233147246495E-002 -0.40880914488693282     
   40.618556701080571       0.39594216638923363        1.2986117023313423E-002 -0.40892828341254689     
   40.721649484585846       0.39621897229769359        1.2468248870734973E-002 -0.40868722116843037     
   40.824742268091128       0.39653310470690828        1.2034038521036646E-002 -0.40856714322794335     
   40.927835051596411       0.39684812607450304        1.1694936137876722E-002 -0.40854306221237929     
   41.030927835101693       0.39718814424084642        1.1567521255647670E-002 -0.40875566549649384     
   41.134020618606968       0.39763748688592132        1.1716825845098132E-002 -0.40935431273101697     
   41.237113402112250       0.39818176905633224        1.1512034294694102E-002 -0.40969380335102679     
   41.340206185617532       0.39865504269272556        1.1651333719688711E-002 -0.41030637641241297     
   41.443298969122814       0.39902744566768472        1.2071681279048264E-002 -0.41109912694673295     
   41.546391752628097       0.39923828898165487        1.2743008827261411E-002 -0.41198129780891685     
   41.649484536133372       0.39912482552350986        1.1620146810011216E-002 -0.41074497233351764     
   41.752577319638654       0.39880920751136095        1.1809790340725067E-002 -0.41061899785208383     
   41.855670103143936       0.39842632417757368        1.3161915371660214E-002 -0.41158823954923307     
   41.958762886649218       0.39801336267688253        1.4449284482718476E-002 -0.41246264715960079     
   42.061855670154500       0.39757334514175457        1.3265675861444257E-002 -0.41083902100319725     
   42.164948453659775       0.39720424873335181        1.3543859369940034E-002 -0.41074810810329326     
   42.268041237165058       0.39693289306032348        1.3992884481338211E-002 -0.41092577754166199     
   42.371134020670340       0.39669463556000256        1.4079730040425110E-002 -0.41077436560042702     
   42.474226804175622       0.39655310880094918        1.3789167224601089E-002 -0.41034227602555023     
   42.577319587680897       0.39643250241754574        1.5041628345249133E-002 -0.41147413076279554     
   42.680412371186179       0.39642136925103477        1.4773750337755819E-002 -0.41119511958879079     
   42.783505154691461       0.39654242028269099        1.4779056237487761E-002 -0.41132147652017825     
   42.886597938196743       0.39661988866684023        1.4536440992827474E-002 -0.41115632965967103     
   42.989690721702026       0.39689611244698497        1.4293222292274572E-002 -0.41118933473926134     
   43.092783505207301       0.39731872298513321        1.4141716875388056E-002 -0.41146043986052000     
   43.195876288712583       0.39793405977135993        1.3811504153668464E-002 -0.41174556392503137     
   43.298969072217865       0.39859714804916513        1.3795611482005348E-002 -0.41239275953117061     
   43.402061855723147       0.39922561504509757        1.3043175764373093E-002 -0.41226879080946988     
   43.505154639228429       0.39975686092325147        1.3540239898201398E-002 -0.41329710082145638     
   43.608247422733704       0.40012449498812619        1.3624083954442140E-002 -0.41374857894256473     
   43.711340206238987       0.40030662071179807        1.3704219299632361E-002 -0.41401084001142924     
   43.814432989744269       0.40050281940299537        1.3543288051405363E-002 -0.41404610745439846     
   43.917525773249551       0.40055230618541532        1.4456978616788607E-002 -0.41500928480220678     
   44.020618556754826       0.40069564595372964        1.3982300187043476E-002 -0.41467794614077447     
   44.123711340260108       0.40095415844951315        1.3119045717319809E-002 -0.41407320416683391     
   44.226804123765390       0.40109268614312632        1.1872467039304233E-002 -0.41296515318242882     
   44.329896907270673       0.40126603019761314        1.1390916885512874E-002 -0.41265694708312450     
   44.432989690775955       0.40127234230456726        1.2613837421188403E-002 -0.41388617972575492     
   44.536082474281230       0.40111988659964121        1.1591900284033242E-002 -0.41271178688367305     
   44.639175257786512       0.40078873173668245        1.2129171737792299E-002 -0.41291790347447194     
   44.742268041291794       0.40041937128496186        1.2505733882584916E-002 -0.41292510516754888     
   44.845360824797076       0.40009849417291210        1.2614798412441860E-002 -0.41271329258535361     
   44.948453608302351       0.39978414837638188        1.2097019471765906E-002 -0.41188116784814682     
   45.051546391807634       0.39960710591602233        1.2810054776676363E-002 -0.41241716069269957     
   45.154639175312916       0.39965893029470584        1.3103207468445370E-002 -0.41276213776315479     
   45.257731958818198       0.39998071379918104        1.3135245896544320E-002 -0.41311595969572629     
   45.360824742323480       0.40032362339618105        1.3026711114361598E-002 -0.41335033451054670     
   45.463917525828755       0.40072514447077734        1.3069387758856911E-002 -0.41379453222963403     
   45.567010309334037       0.40108607015276121        1.3221146252700523E-002 -0.41430721640546386     
   45.670103092839319       0.40151249090321556        1.3523701314098241E-002 -0.41503619221731397     
   45.773195876344602       0.40207175682995838        1.3415628199362218E-002 -0.41548738502931870     
   45.876288659849884       0.40286538181984671        1.3250051580734680E-002 -0.41611543340058088     
   45.979381443355159       0.40364463437594772        1.2855294189236741E-002 -0.41649992856518081     
   46.082474226860441       0.40441095906550362        1.2246924450548959E-002 -0.41665788351604816     
   46.185567010365723       0.40510718247236421        1.1876066443402543E-002 -0.41698324891577115     
   46.288659793871005       0.40577293912439677        1.2100315038327670E-002 -0.41787325416272836     
   46.391752577376280       0.40629577765752151        1.3145518639478755E-002 -0.41944129629699972     
   46.494845360881563       0.40684740085502757        1.3017894595435677E-002 -0.41986529545046586     
   46.597938144386845       0.40734812980659862        1.3083067308348890E-002 -0.42043119711494681     
   46.701030927892127       0.40781366710761330        1.3430301795946847E-002 -0.42124396890355947     
   46.804123711397409       0.40814791983041804        1.3888045545125117E-002 -0.42203596537554577     
   46.907216494902684       0.40845502567699854        1.3198376221842854E-002 -0.42165340189884043     
   47.010309278407966       0.40871645678145097        1.3474109401496062E-002 -0.42219056618294809     
   47.113402061913249       0.40887860756056438        1.3889980838942481E-002 -0.42276858839950837     
   47.216494845418531       0.40911931356112169        1.2399750981685205E-002 -0.42151906454281080     
   47.319587628923806       0.40919922300465306        1.1204561310998111E-002 -0.42040378431564940     
   47.422680412429088       0.40918346465551902        1.1603160186747112E-002 -0.42078662484226509     
   47.525773195934370       0.40923261470921812        1.1572320869934824E-002 -0.42080493557915433     
   47.628865979439652       0.40930193647437596        1.1474910802656368E-002 -0.42077684727703552     
   47.731958762944934       0.40942680113376090        1.2628161436265896E-002 -0.42205496257002661     
   47.835051546450210       0.40954379848595968        1.2826431326879101E-002 -0.42237022981284122     
   47.938144329955492       0.40965160495189606        1.3246094276661062E-002 -0.42289769922856107     
   48.041237113460774       0.40979758315640313        1.3894984589228023E-002 -0.42369256774563385     
   48.144329896966056       0.40991538575371950        1.4820483497041934E-002 -0.42473586925075951     
   48.247422680471338       0.41008148936193484        1.5028506773825452E-002 -0.42510999613575601     
   48.350515463976613       0.41035454699666551        1.4993868855424128E-002 -0.42534841585209127     
   48.453608247481895       0.41055669108313431        1.5381814630563252E-002 -0.42593850571369613     
   48.556701030987178       0.41080378009635260        1.5869981215919968E-002 -0.42667376131227458     
   48.659793814492460       0.41111230456647047        1.5983674316536595E-002 -0.42709597888300743     
   48.762886597997735       0.41137295985264305        1.6292444471843314E-002 -0.42766540432448596     
   48.865979381503017       0.41158254730632671        1.5870432821722281E-002 -0.42745298012804650     
   48.969072165008299       0.41162718244276109        1.6201166603138091E-002 -0.42782834904589584     
   49.072164948513581       0.41161501514621424        1.6816438993763783E-002 -0.42843145413997707     
   49.175257732018864       0.41149232693070215        1.5614425803911258E-002 -0.42710675273461357     
   49.278350515524139       0.41147795217163713        1.5232046523794869E-002 -0.42670999869542808     
   49.381443299029421       0.41142517950212665        1.4262905796643117E-002 -0.42568808529877178     
   49.484536082534703       0.41140962131739311        1.4759985283344341E-002 -0.42616960660073783     
   49.587628866039985       0.41145097542119780        1.4644750172449745E-002 -0.42609572559364867     
   49.690721649545267       0.41128456884388442        1.5232336166826734E-002 -0.42651690501070677     
   49.793814433050542       0.41115563136215444        1.4444837337291912E-002 -0.42560046869944923     
   49.896907216555825       0.41098751252463134        1.4560237299194582E-002 -0.42554774982382554     
   50.000000000061107       0.41096425255728802        1.3701021850195026E-002 -0.42466527440748220     
   50.103092783566389       0.41100585750685897        1.3912988995723238E-002 -0.42491884650258233     
   50.206185567071664       0.41107960535946231        1.2331389249165475E-002 -0.42341099460862747     
   50.309278350576946       0.41122151852017236        1.2650633934734685E-002 -0.42387215245490883     
   50.412371134082228       0.41123225575885902        1.3317548574926107E-002 -0.42454980433378237     
   50.515463917587510       0.41121068979613329        1.2146895547230901E-002 -0.42335758534336770     
   50.618556701092793       0.41107970736849520        1.2756753617146633E-002 -0.42383646098563893     
   50.721649484598068       0.41083456160638709        1.3312863029121057E-002 -0.42414742463550947     
   50.824742268103350       0.41049421111121470        1.3283337693084275E-002 -0.42377754880429808     
   50.927835051608632       0.40994581302517463        1.4478462447433778E-002 -0.42442427547260508     
   51.030927835113914       0.40951617441011118        1.3664491068336147E-002 -0.42318066547844924     
   51.134020618619189       0.40909817748797789        1.3609012118174951E-002 -0.42270718960615011     
   51.237113402124471       0.40873605369407878        1.4576575530496553E-002 -0.42331262922457441     
   51.340206185629754       0.40846970298692536        1.3796788955797312E-002 -0.42226649194272303     
   51.443298969135036       0.40806286502588379        1.4371566949345122E-002 -0.42243443197522923     
   51.546391752640318       0.40789899253002421        1.4923761006731814E-002 -0.42282275353675641     
   51.649484536145593       0.40787557092260862        1.4774144693221464E-002 -0.42264971561583503     
   51.752577319650875       0.40794998405312755        1.3826125458259309E-002 -0.42177610951138494     
   51.855670103156157       0.40807662717990117        1.3970231469525382E-002 -0.42204685864942754     
   51.958762886661439       0.40819696465003064        1.4037427270767878E-002 -0.42223439192079609     
   52.061855670166722       0.40834301713631976        1.3833003668234849E-002 -0.42217602080455613     
   52.164948453671997       0.40832430285039650        1.4242894084502345E-002 -0.42256719693490280     
   52.268041237177279       0.40828392360147187        1.4376225873619683E-002 -0.42266014947509373     
   52.371134020682561       0.40824655312584807        1.4098034377815160E-002 -0.42234458750366555     
   52.474226804187843       0.40841058087918114        1.4296388018114559E-002 -0.42270696889729442     
   52.577319587693118       0.40863183345762039        1.4123854919634323E-002 -0.42275568837725158     
   52.680412371198400       0.40879996042593314        1.4077157462301581E-002 -0.42287711788823656     
   52.783505154703683       0.40906980966730916        1.4491096154595467E-002 -0.42356090582190165     
   52.886597938208965       0.40943894316041801        1.4305710210126193E-002 -0.42374465337054490     
   52.989690721714247       0.40995639608522039        1.3468238895448471E-002 -0.42342463498066779     
   53.092783505219522       0.41038953126670713        1.3933121876778243E-002 -0.42432265314348139     
   53.195876288724804       0.41085688317925972        1.3993616564623890E-002 -0.42485049974388017     
   53.298969072230086       0.41128214752213810        1.4150431117764640E-002 -0.42543257863990358     
   53.402061855735369       0.41175408604045616        1.3782083188787280E-002 -0.42553616922924242     
   53.505154639240644       0.41217520865576784        1.4275190675241614E-002 -0.42645039933101042     
   53.608247422745926       0.41269291338435687        1.3896533842914040E-002 -0.42658944722727099     
   53.711340206251208       0.41326123119453451        1.4175917986739509E-002 -0.42743714918127251     
   53.814432989756490       0.41387714318066920        1.4504963169173024E-002 -0.42838210634984192     
   53.917525773261772       0.41446028665221163        1.3459500852545634E-002 -0.42791978750475562     
   54.020618556767047       0.41492156904145489        1.2917323327006376E-002 -0.42783889236846184     
   54.123711340272330       0.41532678390598260        1.2786651584009894E-002 -0.42811343548999248     
   54.226804123777612       0.41544584759550462        1.1862457587813296E-002 -0.42730830518331786     
   54.329896907282894       0.41542505013306175        1.1587974725103598E-002 -0.42701302485816306     
   54.432989690788176       0.41544451598099319        1.1911059059354617E-002 -0.42735557504035221     
   54.536082474293451       0.41547048005930093        1.1247495781968767E-002 -0.42671797584126825     
   54.639175257798733       0.41540020595913002        1.1587166376290455E-002 -0.42698737233542061     
   54.742268041304015       0.41534268283996023        1.1470920392731128E-002 -0.42681360323268924     
   54.845360824809298       0.41535319372348395        1.1669574515994317E-002 -0.42702276823948226     
   54.948453608314573       0.41536722148736549        1.1136978206584193E-002 -0.42650419969394993     
   55.051546391819855       0.41529645054555286        9.9714056299308983E-003 -0.42526785617548579     
   55.154639175325137       0.41504224102203108        1.1123396794179780E-002 -0.42616563781621103     
   55.257731958830419       0.41475895828804704        1.2268480585480196E-002 -0.42702743887352707     
   55.360824742335701       0.41454547949507053        1.2366949686402734E-002 -0.42691242918147121     
   55.463917525840976       0.41435151069987336        1.2093730176100237E-002 -0.42644524087597557     
   55.567010309346259       0.41415525433919520        1.2162425239977384E-002 -0.42631767957917277     
   55.670103092851541       0.41389019958486467        1.2564920129811110E-002 -0.42645511971467526     
   55.773195876356823       0.41366181320162732        1.3892181641706402E-002 -0.42755399484333284     
   55.876288659862098       0.41349899914307081        1.4078286992775926E-002 -0.42757728613584545     
   55.979381443367380       0.41335013784418656        1.4147305366003390E-002 -0.42749744321019056     
   56.082474226872662       0.41326001793272243        1.4019318764243635E-002 -0.42727933669696727     
   56.185567010377945       0.41309153474487448        1.2885880438655939E-002 -0.42597741518352755     
   56.288659793883227       0.41280849840935091        1.3343630687758885E-002 -0.42615212909711031     
   56.391752577388502       0.41238328304901745        1.2824705633391408E-002 -0.42520798868240739     
   56.494845360893784       0.41199138821801679        1.2341393897679616E-002 -0.42433278211569764     
   56.597938144399066       0.41154402462811368        1.2580695518760706E-002 -0.42412472014687563     
   56.701030927904348       0.41109109992043519        1.2915197821113817E-002 -0.42400629774154674     
   56.804123711409630       0.41061952916354355        1.3463144774657569E-002 -0.42408267393819871     
   56.907216494914906       0.41022625767629894        1.2957301650263816E-002 -0.42318355932656171     
   57.010309278420188       0.40987048219905148        1.3575809424152289E-002 -0.42344629162320152     
   57.113402061925470       0.40956413911920581        1.2444640650823098E-002 -0.42200877977002960     
   57.216494845430752       0.40921517007870750        1.2158145325699546E-002 -0.42137331540440709     
   57.319587628936027       0.40887708359257935        1.1873735083644709E-002 -0.42075081867622544     
   57.422680412441309       0.40834572779955075        1.2492690332287337E-002 -0.42083841813183637     
   57.525773195946591       0.40786274889966712        1.1901146853996142E-002 -0.41976389575365847     
   57.628865979451874       0.40745792979638440        1.2138328318098321E-002 -0.41959625811448509     
   57.731958762957156       0.40708910886136201        1.1867331983205475E-002 -0.41895644084456712     
   57.835051546462431       0.40669178021939822        1.1401489724519549E-002 -0.41809326994392132     
   57.938144329967713       0.40647250958963804        1.1245930433137933E-002 -0.41771844002277680     
   58.041237113472995       0.40626653012003455        1.0506009987699858E-002 -0.41677254010773512     
   58.144329896978277       0.40604189070456037        1.0871897407206510E-002 -0.41691378811176438     
   58.247422680483560       0.40584479775319549        9.2706667583681204E-003 -0.41511546451156156     
   58.350515463988835       0.40546124066637929        9.4183691637742210E-003 -0.41487960983015199     
   58.453608247494117       0.40497341861266090        9.3829489469730697E-003 -0.41435636755963245     
   58.556701030999399       0.40435717474236438        9.3778413128599129E-003 -0.41373501605522439     
   58.659793814504681       0.40373994497459670        1.0274310414716825E-002 -0.41401425538931119     
   58.762886598009956       0.40321995167464297        1.0024014381409263E-002 -0.41324396605605290     
   58.865979381515238       0.40267250505479779        9.8849886745669708E-003 -0.41255749372936912     
   58.969072165020521       0.40229729203302511        1.1026777498709155E-002 -0.41332406953173234     
   59.072164948525803       0.40209200584222138        1.1423667861970525E-002 -0.41351567370419440     
   59.175257732031085       0.40199515671578839        1.1130155017410572E-002 -0.41312531173320027     
   59.278350515536360       0.40196423481810084        1.1251633673978799E-002 -0.41321586849208075     
   59.381443299041642       0.40185603692305716        1.1319151001739768E-002 -0.41317518792479890     
   59.484536082546924       0.40180506344567096        1.1845439488234464E-002 -0.41365050293390482     
   59.587628866052206       0.40182642447276057        1.2057759118216931E-002 -0.41388418359097517     
   59.690721649557481       0.40191105059559246        1.1988879703455710E-002 -0.41389993029904759     
   59.793814433062764       0.40207416020928655        1.0942928206387656E-002 -0.41301708841567086     
   59.896907216568046       0.40225244156378398        1.0507368456287006E-002 -0.41275981002006940     
   60.000000000073328       0.40236478185203517        1.1160453199794768E-002 -0.41352523505182609     
   60.103092783578610       0.40230472426476638        1.0098995813762815E-002 -0.41240372007853154     
   60.206185567083885       0.40206916592882591        1.0638463222144698E-002 -0.41270762915097009     
   60.309278350589167       0.40181931190449527        1.1769164573849480E-002 -0.41358847647834746     
   60.412371134094450       0.40150904733921183        1.0881231973275538E-002 -0.41239027931248490     
   60.515463917599732       0.40131353930796171        1.1595378857662734E-002 -0.41290891816562697     
   60.618556701105014       0.40109311975622108        1.1809501938078613E-002 -0.41290262169429703     
   60.721649484610289       0.40101485857990321        1.2252987645354166E-002 -0.41326784622525631     
   60.824742268115571       0.40077321610957367        1.2221528194342116E-002 -0.41299474430391658     
   60.927835051620853       0.40049753335956700        1.1373266485936962E-002 -0.41187079984550584     
   61.030927835126136       0.40017801371569245        1.1254975055443189E-002 -0.41143298877113588     
   61.134020618631411       0.39973645303061017        1.1971014544733767E-002 -0.41170746757534343     
   61.237113402136693       0.39923318874496266        1.2596187860518688E-002 -0.41182937660548141     
   61.340206185641975       0.39884354949637435        1.3054833935196523E-002 -0.41189838343156771     
   61.443298969147257       0.39847103465751871        1.3209988416679714E-002 -0.41168102307420046     
   61.546391752652539       0.39814113043139415        1.2551031712231733E-002 -0.41069216214362825     
   61.649484536157814       0.39795534185058057        1.2550949860114107E-002 -0.41050629171069541     
   61.752577319663096       0.39777990041434086        1.2934727385674688E-002 -0.41071462780001439     
   61.855670103168379       0.39762642254906738        1.3552045357708112E-002 -0.41117846790677387     
   61.958762886673661       0.39741990373844666        1.3147936332729889E-002 -0.41056784007117442     
   62.061855670178936       0.39715279790422420        1.2431707560731463E-002 -0.40958450546495806     
   62.164948453684218       0.39703614492313544        1.4061035741014862E-002 -0.41109718066415141     
   62.268041237189500       0.39691530216005755        1.4411936022951348E-002 -0.41132723818301348     
   62.371134020694782       0.39673279232219238        1.3478068024924444E-002 -0.41021086034711551     
   62.474226804200065       0.39644144917467217        1.4543575705577679E-002 -0.41098502488024707     
   62.577319587705340       0.39607802254533880        1.4733034585174044E-002 -0.41081105713051713     
   62.680412371210622       0.39570305013052620        1.3678020038601614E-002 -0.40938107016912573     
   62.783505154715904       0.39531698510656621        1.2817221994131453E-002 -0.40813420710069764     
   62.886597938221186       0.39494284474284042        1.3518719135270587E-002 -0.40846156387811033     
   62.989690721726468       0.39453236542793158        1.3153623032355715E-002 -0.40768598846028931     
   63.092783505231743       0.39422952356858798        1.3049452786684962E-002 -0.40727897635526972     
   63.195876288737026       0.39401179130712549        1.2602266359433012E-002 -0.40661405766655401     
   63.298969072242308       0.39371892359848676        1.2144516795224734E-002 -0.40586344039371208     
   63.402061855747590       0.39340014362497455        1.3538511560325961E-002 -0.40693865518530209     
   63.505154639252865       0.39316708500439246        1.3555185007688469E-002 -0.40672227001208083     
   63.608247422758147       0.39305538332206902        1.3457782084367258E-002 -0.40651316540643856     
   63.711340206263429       0.39291643846732077        1.2747374647237686E-002 -0.40566381311455629     
   63.814432989768711       0.39269727532239063        1.3523715160044228E-002 -0.40622099048243665     
   63.917525773273994       0.39236599266641170        1.3152334682566708E-002 -0.40551832734897941     
   64.020618556779269       0.39198832902948849        1.2529774711573759E-002 -0.40451810374106262     
   64.123711340284558       0.39146415792307393        1.3394949253277237E-002 -0.40485910717635398     
   64.226804123789833       0.39090911640604326        1.3388605500002915E-002 -0.40429772190604546     
   64.329896907295108       0.39028012140771179        1.3433757574451586E-002 -0.40371387898216554     
