                    0                    0                    0                    0
  0.10309278350528063        8.4484429322210196E-003   5.2525631412879525E-002  -1.6009542855875955E-002   2.8075781527756502E-009   5.1272427323777547     
  0.20618556701056126        2.4370262355434703E-002   5.3398006459595936E-002  -4.6435547921349102E-002   9.8090002840668144E-009   5.2960960551767693     
  0.30927835051584190        3.9649210868596622E-002   5.4312280769455087E-002  -7.5446544676494309E-002   1.5798657591385663E-008   5.4742333354523813     
  0.41237113402112252        5.3957683848267324E-002   5.5063178612465499E-002 -0.10250588979235820        1.9535012165828173E-008   5.4829071823865050     
  0.51546391752640319        6.7077647505486795E-002   5.5622163197498901E-002 -0.12727032725383686        2.1530656847186090E-008   5.4291909067904749     
  0.61855670103168381        7.8878170599832764E-002   5.5910224228881811E-002 -0.14955693383990776        2.2466946871440375E-008   5.3347002675228383     
  0.72164948453696443        8.9321839690818222E-002   5.5867903193713292E-002 -0.16933957246013212        2.2667545641925423E-008   5.2001134466007093     
  0.82474226804224504        9.8451291352521925E-002   5.5509102726940276E-002 -0.18670745766990254        2.2426751527624813E-008   5.0442365363006267     
  0.92783505154752566       0.10635128307393411        5.4885325261833026E-002 -0.20181013957864186        2.1981315765093853E-008   4.8851258349352209     
   1.0309278350528064       0.11312800994236900        5.4076429614888274E-002 -0.21483131678868936        2.1387842481758219E-008   4.7458562064052439     
   1.1340206185580870       0.11888736688246884        5.3159919002519866E-002 -0.22595327413181265        2.0721857993006426E-008   4.6131831050138352     
   1.2371134020633676       0.12373148112256502        5.2185148228176069E-002 -0.23534900529571950        2.0065529412870760E-008   4.5078762663482701     
   1.3402061855686482       0.12776414622957644        5.1200899053348854E-002 -0.24319514534918446        1.9409349292253651E-008   4.4209442503059222     
   1.4432989690739289       0.13107819073083363        5.0255130537015920E-002 -0.24965971093702682        1.8755211594475962E-008   4.3609475642795568     
   1.5463917525792095       0.13374596747592388        4.9382079185674443E-002 -0.25488301822142334        1.8171449567466578E-008   4.3360051313148098     
   1.6494845360844901       0.13582982043607658        4.8567287508167627E-002 -0.25898891228578480        1.7669235650428871E-008   4.3397285841399009     
   1.7525773195897707       0.13740119327120776        4.7788821246005704E-002 -0.26211044721845173        1.7083650283126156E-008   4.3228216958164740     
   1.8556701030950513       0.13852776936896119        4.7060357433139521E-002 -0.26437334347725222        1.6296303494932154E-008   4.2954021842261074     
   1.9587628866003319       0.13926295519755102        4.6414625277726343E-002 -0.26588486806115763        1.5303926314048565E-008   4.2741668288904213     
   2.0618556701056128       0.13965321307641135        4.5860814753712210E-002 -0.26674236536455864        1.4310837077073335E-008   4.2819445136398580     
   2.1649484536108932       0.13974574279679486        4.5384613561002943E-002 -0.26703591928111181        1.3328770960797161E-008   4.3168013342889777     
   2.2680412371161740       0.13958525909141634        4.4969821726357703E-002 -0.26684804047127042        1.2351294483538420E-008   4.3526559393908677     
   2.3711340206214544       0.13921284132088635        4.4608921012578975E-002 -0.26625567533423777        1.1348308535990571E-008   4.3783037603831421     
   2.4742268041267352       0.13866195135296466        4.4294702977342358E-002 -0.26532349253712995        1.0445690212764717E-008   4.3913159871686869     
   2.5773195876320156       0.13795962402449563        4.4019208306642910E-002 -0.26410406743622555        9.6841414648285977E-009   4.4023987719099376     
   2.6804123711372965       0.13713325996113032        4.3785307641845926E-002 -0.26264846148963844        9.0279548171597232E-009   4.4335691957799934     
   2.7835051546425769       0.13620370987496064        4.3590860581349748E-002 -0.26100208641446393        8.3846114914706385E-009   4.4713426982012567     
   2.8865979381478577       0.13518459108697364        4.3427678045028263E-002 -0.25919664575999213        7.7429664469776246E-009   4.5142838218681005     
   2.9896907216531381       0.13409458395799290        4.3293975729032312E-002 -0.25726583248435902        7.0393694339707771E-009   4.5369804869469723     
   3.0927835051584189       0.13294434119362328        4.3180511498993407E-002 -0.25522479610326287        6.5763746256595760E-009   4.5483924056376708     
   3.1958762886636993       0.13173945948669832        4.3077974355725794E-002 -0.25307984738746903        6.1379887432792723E-009   4.5620432155284085     
   3.2989690721689802       0.13049574529044325        4.2994772831790359E-002 -0.25085762537596068        5.6869111478915916E-009   4.5839570410011774     
   3.4020618556742610       0.12923069944755283        4.2931207526943668E-002 -0.24858964749152557        5.2982538132817119E-009   4.5768808544127948     
   3.5051546391795414       0.12795094003695504        4.2886392053116756E-002 -0.24628811741683332        4.8712232851335009E-009   4.5805808431899315     
   3.6082474226848222       0.12665829135505352        4.2857660196806965E-002 -0.24396055496434627        4.4414768100588857E-009   4.5967386437421069     
   3.7113402061901026       0.12536032268224512        4.2823978489610441E-002 -0.24162845752770368        4.1007082625046997E-009   4.5927691997642972     
   3.8144329896953835       0.12406632152233978        4.2783712523894714E-002 -0.23931042891335641        3.6658900318077259E-009   4.5486686208520499     
   3.9175257732006639       0.12278217763824348        4.2767559452684595E-002 -0.23701996755578475        3.1252969122737372E-009   4.5149618773264955     
   4.0206185567059443       0.12150888410075213        4.2781602240232385E-002 -0.23476348327624952        2.8251484702367361E-009   4.5503946573023732     
   4.1237113402112255       0.12024604293821653        4.2799134452948591E-002 -0.23254150151225028        2.4397849667360702E-009   4.5852753187853672     
   4.2268041237165059       0.11900153997009368        4.2813360169506556E-002 -0.23036238684129901        2.1789551294490441E-009   4.5586449728083496     
   4.3298969072217863       0.11778374572150055        4.2830826187847802E-002 -0.22823009627234897        2.1170416279473910E-009   4.5587313266403351     
   4.4329896907270667       0.11659156294364183        4.2835086832520519E-002 -0.22613973914288579        2.2431920493862599E-009   4.6241757417058640     
   4.5360824742323480       0.11542962632720553        4.2814505836768560E-002 -0.22409698385471993        2.0314497561163819E-009   4.6000082954317332     
   4.6391752577376284       0.11430174841936962        4.2798580526788275E-002 -0.22210535422322542        1.6804526763585113E-009   4.5361368554594099     
   4.7422680412429088       0.11320190212628094        4.2802794412043266E-002 -0.22015662882346038        1.3121293871571087E-009   4.5287960012424504     
   4.8453608247481892       0.11212263551401744        4.2813778255436523E-002 -0.21824489927712842        1.0289915792653341E-009   4.5497954075673608     
   4.9484536082534705       0.11106242190335824        4.2802242913206841E-002 -0.21636805215669666        8.8655219699805194E-010   4.5345129502072181     
   5.0515463917587509       0.11002975477975988        4.2766221724498829E-002 -0.21453416227689726        7.2936796029430336E-010   4.5127981270749666     
   5.1546391752640313       0.10902870426896566        4.2745132164958656E-002 -0.21274524760036112        4.8783198788442896E-010   4.5045458346871596     
   5.2577319587693125       0.10804806748459202        4.2747508090844807E-002 -0.21098515979090415        3.7004608461890260E-010   4.5394248627733775     
   5.3608247422745929       0.10708136999765243        4.2775171819984539E-002 -0.20924783299573674        2.4221292832520809E-010   4.5849658592234679     
   5.4639175257798733       0.10613065326423600        4.2793274699721787E-002 -0.20753465230199344        3.1541099311510296E-010   4.5655069454778641     
   5.5670103092851537       0.10520062985119970        4.2797988251588044E-002 -0.20584988085939163        1.2643493242453424E-010   4.5204399415341543     
   5.6701030927904350       0.10429349095598213        4.2822056705794712E-002 -0.20419806625388598       -9.6935939303700843E-012   4.5262371547986779     
   5.7731958762957154       0.10340938040299744        4.2859444826008050E-002 -0.20258402283229335        2.9806173197990157E-011   4.5311021496859061     
   5.8762886598009958       0.10254834113249471        4.2891228588850736E-002 -0.20101155582108299        1.5574969385557698E-010   4.5322989417494703     
   5.9793814433062762       0.10170923853513768        4.2917593855732378E-002 -0.19948020859514939        2.3826168831522758E-010   4.5494616130487104     
   6.0824742268115575       0.10089548181889407        4.2924339112479712E-002 -0.19799649812955239        3.3203220335510031E-010   4.5674541938455260     
   6.1855670103168379       0.10010888966439378        4.2909540471753917E-002 -0.19656430588178575        2.2907657566357030E-010   4.5700644052216406     
   6.2886597938221183        9.9347462548832768E-002   4.2895671471271740E-002 -0.19518300801320970       -2.3802098003055635E-011   4.5823677258979378     
   6.3917525773273987        9.8611741975671616E-002   4.2887037230854012E-002 -0.19385291557635320       -1.3054892667932194E-010   4.5821710949832894     
   6.4948453608326799        9.7901074365551038E-002   4.2880304602082982E-002 -0.19256954087555442       -2.8112908377565394E-010   4.5619058017081091     
   6.5979381443379603        9.7206702007302179E-002   4.2894208850885303E-002 -0.19132024928961663       -4.6582732915343651E-010   4.5727917204255961     
   6.7010309278432407        9.6522734911402411E-002   4.2905039514978198E-002 -0.19009615199184718       -5.4161698140143961E-010   4.5974264478918787     
   6.8041237113485220        9.5853718950458675E-002   4.2891410071104884E-002 -0.18890001134102249       -6.8512558303172598E-010   4.5693069623163476     
   6.9072164948538024        9.5208756341825490E-002   4.2866905393202072E-002 -0.18774483803224884       -7.6523860704630931E-010   4.5330826411835794     
   7.0103092783590828        9.4584845603934514E-002   4.2841728422970682E-002 -0.18662401493326294       -7.2732924645985369E-010   4.5015347338195673     
   7.1134020618643632        9.3972682859262094E-002   4.2817605963141429E-002 -0.18552150768952727       -6.0690209604378237E-010   4.4835465808271913     
   7.2164948453696445        9.3371739816847196E-002   4.2797385744531763E-002 -0.18443939186143093       -4.2096273245141026E-010   4.4546551378173991     
   7.3195876288749249        9.2783437079751452E-002   4.2776155720613447E-002 -0.18337714031250782       -1.4414933129105681E-010   4.4207555304367316     
   7.4226804123802053        9.2207260222268314E-002   4.2763021139653204E-002 -0.18233303148849114       -9.3413254510926815E-011   4.4091998005611694     
   7.5257731958854857        9.1633674951328306E-002   4.2772190837859776E-002 -0.18129591341869061       -1.8454732580671022E-010   4.4120334711382299     
   7.6288659793907669        9.1060158030258423E-002   4.2789241686421210E-002 -0.18026264372735867       -1.7638379710772485E-010   4.4213768507291151     
   7.7319587628960473        9.0490791789706648E-002   4.2791129107161957E-002 -0.17924094275870495       -9.5854487628662238E-011   4.4180824210756358     
   7.8350515464013277        8.9932530319903156E-002   4.2773139088084978E-002 -0.17823976039550077       -2.9952209681659457E-011   4.4035823277307564     
   7.9381443299066081        8.9396189014591676E-002   4.2747587295487686E-002 -0.17727053819838945       -5.7420308909124934E-011   4.3900619574721897     
   8.0412371134118885        8.8884721006455725E-002   4.2723946512117257E-002 -0.17633665729933995       -6.2143076365351986E-011   4.3704331543522228     
   8.1443298969171689        8.8395151999785815E-002   4.2707388447273766E-002 -0.17543545766792612       -8.0441726115758444E-011   4.3689286490484118     
   8.2474226804224511        8.7924104271146414E-002   4.2700701690910461E-002 -0.17456522843238359       -8.3344316212499329E-011   4.3900295522221695     
   8.3505154639277315        8.7472380879778794E-002   4.2697147241990099E-002 -0.17372814594114444       -1.5462282352061594E-010   4.3930890535449398     
   8.4536082474330119        8.7040997743123974E-002   4.2694359865548662E-002 -0.17292579642861422       -2.3901409695963376E-010   4.3919594884678297     
   8.5567010309382923        8.6629035263032561E-002   4.2692494389464569E-002 -0.17215880768505143       -2.8995816720233860E-010   4.3943332738008394     
   8.6597938144435727        8.6234212093347223E-002   4.2688516020065979E-002 -0.17142400372735905       -2.8217822082453222E-010   4.3961194416367073     
   8.7628865979488531        8.5853039090510452E-002   4.2681159507851320E-002 -0.17071467322186340       -2.6475270907564988E-010   4.4016800881699654     
   8.8659793814541334        8.5483970286723165E-002   4.2668119291448342E-002 -0.17002410321704364       -1.7169765145754679E-010   4.4017933161387779     
   8.9690721649594156        8.5126833800865789E-002   4.2641116612064683E-002 -0.16935206942299591        1.8457658714724674E-011   4.4002540131949770     
   9.0721649484646960        8.4786067090206446E-002   4.2605049742387602E-002 -0.16870940368302345        1.6736586951936791E-010   4.3928994651814159     
   9.1752577319699764        8.4460618855941000E-002   4.2570777059760131E-002 -0.16809451828979002        3.6026153149111470E-010   4.3758508822853708     
   9.2783505154752568        8.4143204121426798E-002   4.2540244832023580E-002 -0.16749841491733164        5.7558920659661197E-010   4.3625753207633080     
   9.3814432989805372        8.3827853424774626E-002   4.2511386392132665E-002 -0.16691355010629383        7.8588224664551913E-010   4.3546878851151849     
   9.4845360824858176        8.3517027555323281E-002   4.2484842587117495E-002 -0.16634241188706253        8.4604948956337570E-010   4.3542532894625667     
   9.5876288659910980        8.3216189313912309E-002   4.2464536225127310E-002 -0.16579409283175700        8.5069607445041868E-010   4.3512286917576155     
   9.6907216494963784        8.2922801185765962E-002   4.2439530193067003E-002 -0.16526235946209297        8.8748931442042127E-010   4.3496200840003185     
   9.7938144330016605        8.2635080688452864E-002   4.2408580158873083E-002 -0.16474337972455824        8.9760039609636440E-010   4.3378165682798233     
   9.8969072165069409        8.2352683098011858E-002   4.2379720079678086E-002 -0.16423732064862956        9.6084667486569650E-010   4.3292348081395788     
   10.000000000012221        8.2072259042571344E-002   4.2355656925911228E-002 -0.16373844513890123        1.0821206271413613E-009   4.3311953058961006     
   10.103092783517502        8.1794500948790996E-002   4.2332662362675438E-002 -0.16324711699291833        1.2127642743561071E-009   4.3414590626810217     
   10.206185567022782        8.1521593065527670E-002   4.2308518715044215E-002 -0.16276416977975056        1.3025387297198596E-009   4.3352052597291735     
   10.309278350528063        8.1253213143970715E-002   4.2288222205702844E-002 -0.16228700578614824        1.4176166918136004E-009   4.3135340142136727     
   10.412371134033343        8.0986971985595416E-002   4.2280316032297788E-002 -0.16180979192189740        1.5451030791901245E-009   4.2943010861044772     
   10.515463917538625        8.0721736099387653E-002   4.2290789174799406E-002 -0.16132872106630639        1.5243757078476421E-009   4.3090378397213778     
   10.618556701043905        8.0456620020603817E-002   4.2320973102846847E-002 -0.16084640576792739        1.4274508607434734E-009   4.3342137101675284     
   10.721649484549186        8.0193433899006211E-002   4.2352822713265612E-002 -0.16036875233612224        1.3559912229841283E-009   4.3531663614988600     
   10.824742268054466        7.9942177914945373E-002   4.2376220123428447E-002 -0.15991009471347734        1.2646245692437667E-009   4.3459261175832387     
   10.927835051559747        7.9706448213301709E-002   4.2398614765398919E-002 -0.15947386597868868        1.1864022908816050E-009   4.3388554479528230     
   11.030927835065027        7.9480402147638490E-002   4.2419553795494558E-002 -0.15905464256733737        1.2745539528698137E-009   4.3417661280610371     
   11.134020618570307        7.9267770083711525E-002   4.2424493110710608E-002 -0.15866175021787926        1.4164827982367935E-009   4.3423605678702861     
   11.237113402075588        7.9074539983741171E-002   4.2416185437542643E-002 -0.15830076698590087        1.4410108131694226E-009   4.3305746406563790     
   11.340206185580870        7.8895192401611400E-002   4.2405952188403817E-002 -0.15796026695755089        1.4178677108079633E-009   4.3216631491768736     
   11.443298969086150        7.8727738270992054E-002   4.2397145776113317E-002 -0.15764047246148299        1.4280027942454859E-009   4.3291627014003451     
   11.546391752591431        7.8575720263491203E-002   4.2385254549401695E-002 -0.15735114282941903        1.4099638400968450E-009   4.3397361446248395     
   11.649484536096711        7.8438530107038038E-002   4.2367056846249605E-002 -0.15709155100463823        1.3994284673335746E-009   4.3376930399290101     
   11.752577319601992        7.8312250755025611E-002   4.2347889877997584E-002 -0.15685543145326022        1.4051518383991149E-009   4.3422849055021588     
   11.855670103107272        7.8190410788872691E-002   4.2330752133266543E-002 -0.15663331284922138        1.4471394826506225E-009   4.3503054813719748     
   11.958762886612552        7.8077084952478934E-002   4.2314503061736092E-002 -0.15643075517430888        1.4866598199612387E-009   4.3596332297550102     
   12.061855670117835        7.7969175043821365E-002   4.2306378149004092E-002 -0.15624020395846933        1.4739100048927145E-009   4.3584541893355260     
   12.164948453623115        7.7859305661249503E-002   4.2301315441846205E-002 -0.15604582031245173        1.5061136181917812E-009   4.3699490704179018     
   12.268041237128395        7.7750153656352752E-002   4.2303498020622846E-002 -0.15585001259235223        1.3864329650062055E-009   4.3713824899903413     
   12.371134020633676        7.7641722587236492E-002   4.2319901708849465E-002 -0.15565600390384771        1.2905843822479028E-009   4.3733317368423714     
   12.474226804138956        7.7532325597707466E-002   4.2338959328865840E-002 -0.15546122747572638        1.3033031067792919E-009   4.3798712555258668     
   12.577319587644237        7.7421766100352382E-002   4.2351341643583083E-002 -0.15526590619962821        1.3992517316844714E-009   4.3853956436701260     
   12.680412371149517        7.7313421429386894E-002   4.2360929479141753E-002 -0.15507712771428422        1.4795417231569119E-009   4.3912390960389844     
   12.783505154654797        7.7204400381442911E-002   4.2357695261668493E-002 -0.15488607405291147        1.6584552026714040E-009   4.3902089136974354     
   12.886597938160079        7.7094685187208897E-002   4.2328778302863974E-002 -0.15468778417685525        1.7816044099416088E-009   4.3803717412353151     
   12.989690721665360        7.6992959353175003E-002   4.2291709645450447E-002 -0.15449553684348633        1.7574126751198792E-009   4.3564860328944928     
   13.092783505170640        7.6897264382612254E-002   4.2262321499824083E-002 -0.15431007943245695        1.7754067054617093E-009   4.3303608419003563     
   13.195876288675921        7.6803476406922769E-002   4.2243974460787447E-002 -0.15412505182865566        1.8381576913782786E-009   4.3305158548296729     
   13.298969072181201        7.6710601492554542E-002   4.2235506667053883E-002 -0.15393764217143913        1.8682558854921204E-009   4.3444532149511046     
   13.402061855686481        7.6616619600218136E-002   4.2229778683259125E-002 -0.15374590862630724        1.7945058359877132E-009   4.3612596512554269     
   13.505154639191762        7.6522505463270510E-002   4.2225453363176714E-002 -0.15354881446158708        1.6552025081940344E-009   4.3690505570354992     
   13.608247422697044        7.6432343671777925E-002   4.2222040296159544E-002 -0.15335408205634110        1.4647895770410797E-009   4.3736631875478098     
   13.711340206202324        7.6353640032021303E-002   4.2227085654663925E-002 -0.15317928682848814        1.3014137595255837E-009   4.3754780445957149     
   13.814432989707605        7.6290658872770797E-002   4.2232818199348890E-002 -0.15303439391836055        1.4216607068594813E-009   4.3726120394368522     
   13.917525773212885        7.6243019240383389E-002   4.2225400892492874E-002 -0.15292109770777537        1.6553850902489378E-009   4.3739583973638165     
   14.020618556718166        7.6208812381685614E-002   4.2221045286502071E-002 -0.15283543127647697        1.7612205792388112E-009   4.3728700077281619     
   14.123711340223446        7.6181505122653953E-002   4.2234522805194900E-002 -0.15276670796828254        1.8985796462216000E-009   4.3692154993243975     
   14.226804123728726        7.6151142863172303E-002   4.2251535128911798E-002 -0.15269988228318274        2.1400686567053118E-009   4.3661116932894766     
   14.329896907234007        7.6118489086746829E-002   4.2264914372061084E-002 -0.15263718636410403        2.2341783997738229E-009   4.3583615106726477     
   14.432989690739289        7.6088506371885550E-002   4.2284888243496056E-002 -0.15259038027874677        2.1369090678208622E-009   4.3486896093408163     
   14.536082474244569        7.6061394871735882E-002   4.2313213214230913E-002 -0.15256065560593343        1.9763890654490841E-009   4.3409115907631515     
   14.639175257749850        7.6037577360356601E-002   4.2340239882070863E-002 -0.15254587637699715        1.8741631438402960E-009   4.3241721249104685     
   14.742268041255130        7.6018673096693176E-002   4.2358923104815857E-002 -0.15254444137610518        1.8556154791213685E-009   4.3109249385039838     
   14.845360824760411        7.6008031472691528E-002   4.2372143927838876E-002 -0.15256065008779313        1.8962716437379026E-009   4.3083642531491400     
   14.948453608265691        7.6002609925812328E-002   4.2381772933257608E-002 -0.15258748777919762        1.9604192354826067E-009   4.3183572035083149     
   15.051546391770971        7.5997156177692302E-002   4.2395941223618616E-002 -0.15261483887994942        1.9949394197238470E-009   4.3323571026316721     
   15.154639175276253        7.5992121857809528E-002   4.2419124301417095E-002 -0.15264518121916726        1.9918531248147588E-009   4.3535316433632696     
   15.257731958781534        7.5983590075746232E-002   4.2440096454036680E-002 -0.15267343435744743        1.9970823692937068E-009   4.3819204446856057     
   15.360824742286814        7.5970946552820690E-002   4.2445387640607589E-002 -0.15269636111169954        2.0543718878159820E-009   4.3784525920718149     
   15.463917525792095        7.5956153379361527E-002   4.2436284244574005E-002 -0.15271324488648869        2.1102703942903359E-009   4.3603058275520743     
   15.567010309297375        7.5937898620682065E-002   4.2430582964931414E-002 -0.15271608486886729        2.1636591804631951E-009   4.3452430128303181     
   15.670103092802655        7.5917417272373541E-002   4.2430554607445714E-002 -0.15270601393278396        2.2690552348141155E-009   4.3436091128122820     
   15.773195876307936        7.5899145886640748E-002   4.2435979844238407E-002 -0.15269361971135079        2.3077671898523663E-009   4.3582300681410251     
   15.876288659813216        7.5877473759029479E-002   4.2440162362571518E-002 -0.15267136076843851        2.3247653499641461E-009   4.3675169649572982     
   15.979381443318498        7.5850171218997176E-002   4.2442538303992590E-002 -0.15263924703083093        2.3634164743434165E-009   4.3392776854958495     
   16.082474226823777        7.5820988104603582E-002   4.2453704287350166E-002 -0.15260479427666623        2.3157310891417794E-009   4.3341430585415219     
   16.185567010329059        7.5788846202148333E-002   4.2464553109806180E-002 -0.15256799220238498        2.2713792625773543E-009   4.3296466233505058     
   16.288659793834338        7.5754513347788197E-002   4.2455751746709389E-002 -0.15252813645970267        2.1609244613402283E-009   4.3122610766703637     
   16.391752577339620        7.5723313021614405E-002   4.2441998594916326E-002 -0.15248924385175933        1.9611702045900403E-009   4.2882863700990130     
   16.494845360844902        7.5697155623004095E-002   4.2441195154103370E-002 -0.15244907730635440        1.7914466780310189E-009   4.2864207422690654     
   16.597938144350181        7.5674889237202822E-002   4.2454262823724942E-002 -0.15240568764850315        1.6741454160687961E-009   4.3082199088907780     
   16.701030927855463        7.5658996375681561E-002   4.2474714736422732E-002 -0.15236752320660224        1.6074977237219720E-009   4.3381934698878322     
   16.804123711360742        7.5648517593663714E-002   4.2493240332641888E-002 -0.15233500257842203        1.6804839268867847E-009   4.3426707621242731     
   16.907216494866024        7.5641392167656973E-002   4.2506237577914004E-002 -0.15230747934173039        1.7850137418209220E-009   4.3362771402633165     
   17.010309278371302        7.5635370725287199E-002   4.2525853083966558E-002 -0.15228509700124787        1.7477928063544338E-009   4.3491248951648931     
   17.113402061876585        7.5628723493391753E-002   4.2551217781229493E-002 -0.15226836439637101        1.7109292208716580E-009   4.3587181280942717     
   17.216494845381867        7.5622993251866930E-002   4.2559385510163375E-002 -0.15225799068135457        1.7953002286536719E-009   4.3505200236319892     
   17.319587628887145        7.5621337766148183E-002   4.2545891308030305E-002 -0.15225320756719629        1.8765782746765927E-009   4.3322911781367406     
   17.422680412392427        7.5623201537345267E-002   4.2525183592755457E-002 -0.15225196356029477        1.9189850640857020E-009   4.3114831076521867     
   17.525773195897706        7.5630480086960189E-002   4.2510830597480113E-002 -0.15226135793964285        1.9661604394622644E-009   4.2989714502599865     
   17.628865979402988        7.5639223543486983E-002   4.2504994121445490E-002 -0.15227650930833442        2.0222997792010273E-009   4.3027487922509753     
   17.731958762908267        7.5641284163998318E-002   4.2498604264095428E-002 -0.15228157787496793        2.1312402812900012E-009   4.3086018860508846     
   17.835051546413549        7.5639096440558273E-002   4.2485066378233183E-002 -0.15227738516414477        2.1555779439670702E-009   4.3125253507556280     
   17.938144329918831        7.5636206407001735E-002   4.2471153011939607E-002 -0.15226679708174939        2.0752311336514184E-009   4.3127539440840978     
   18.041237113424110        7.5628671705072717E-002   4.2459384400391702E-002 -0.15224314283546458        2.0447330261319292E-009   4.3083211752261974     
   18.144329896929392        7.5619976353103913E-002   4.2443671296703338E-002 -0.15221389952181927        2.0865256419404196E-009   4.2954547638359690     
   18.247422680434671        7.5614830163114155E-002   4.2428307847122280E-002 -0.15218673292671997        2.1104403802860416E-009   4.2820588974924103     
   18.350515463939953        7.5611575910991005E-002   4.2424923920138254E-002 -0.15215809071698305        2.1797042000182111E-009   4.2876921293484553     
   18.453608247445231        7.5606009616782696E-002   4.2425071443703478E-002 -0.15212019151280670        2.2601984765590138E-009   4.3045668484306798     
   18.556701030950514        7.5596891042491912E-002   4.2416259126644623E-002 -0.15206963577945515        2.2856233271362444E-009   4.3051765439590222     
   18.659793814455796        7.5588434607238922E-002   4.2400162319319562E-002 -0.15200960842102518        2.2882496365553671E-009   4.2954251479541075     
   18.762886597961074        7.5586722217351993E-002   4.2379286626275110E-002 -0.15194646130099287        2.4451106712254080E-009   4.2679119673360653     
   18.865979381466357        7.5588929528641255E-002   4.2357889251193742E-002 -0.15187202275222483        2.7544265067722196E-009   4.2293130727213102     
   18.969072164971635        7.5585136424883098E-002   4.2365427200990284E-002 -0.15177315851661780        2.9505357441823369E-009   4.2315016708069377     
   19.072164948476917        7.5566347443540877E-002   4.2392976620341936E-002 -0.15164785082030977        3.3903700993667740E-009   4.2904795868056800     
   19.175257731982196        7.5529227929968801E-002   4.2406679794674051E-002 -0.15149767111204165        3.6050261236851211E-009   4.2999064089915802     
   19.278350515487478        7.5477684974733478E-002   4.2413259477205721E-002 -0.15132733499294124        3.5549192695121547E-009   4.2771898495163008     
   19.381443298992757        7.5417452346344033E-002   4.2425178612876750E-002 -0.15114623978361019        3.5045828631392747E-009   4.2577235324468941     
   19.484536082498039        7.5352872352016237E-002   4.2444289314642628E-002 -0.15096485927025380        3.4514600655089144E-009   4.2464256773295119     
   19.587628866003321        7.5283210920759180E-002   4.2475311515167653E-002 -0.15078364576763620        3.4297775944468038E-009   4.2485106246328366     
   19.690721649508600        7.5209409224594473E-002   4.2506528107550026E-002 -0.15060784269322436        3.4595237296519529E-009   4.2705113641582049     
   19.793814433013882        7.5136776683337250E-002   4.2527624657395798E-002 -0.15044441397424968        3.4130250095957763E-009   4.2745555123937669     
   19.896907216519160        7.5069753527336011E-002   4.2547139328349637E-002 -0.15029408635190675        3.3035921007942754E-009   4.2664573305242204     
   20.000000000024443        7.5011106865906535E-002   4.2581160417983981E-002 -0.15016464314255695        3.2227364296811421E-009   4.2558194273564824     
   20.103092783529721        7.4959764905138865E-002   4.2635026210949285E-002 -0.15005733087214790        3.2258755055492225E-009   4.2565382803819327     
   20.206185567035003        7.4912061996434964E-002   4.2698065898473386E-002 -0.14996319279252313        3.2884868001460651E-009   4.2636866198814554     
   20.309278350540286        7.4870673694739015E-002   4.2759933844959699E-002 -0.14988982881961210        3.3179034242989596E-009   4.2767469467456802     
   20.412371134045564        7.4837980846094637E-002   4.2820020848888050E-002 -0.14984185615880688        3.2554016138716198E-009   4.2911118239264869     
   20.515463917550846        7.4814365057489327E-002   4.2874417069815214E-002 -0.14981313091408782        3.1399080030389420E-009   4.3004740889886017     
   20.618556701056125        7.4805403775699414E-002   4.2920280260387564E-002 -0.14980772414014368        2.9909370657824910E-009   4.3072383606875961     
   20.721649484561407        7.4814744578538164E-002   4.2961564070085820E-002 -0.14982928011299501        2.8446701485850665E-009   4.3147146598763841     
   20.824742268066686        7.4839370619941503E-002   4.2997513050714420E-002 -0.14987071060310692        2.7652354092689728E-009   4.3213646983959944     
   20.927835051571968        7.4877699272916917E-002   4.3026834848013465E-002 -0.14992864528390701        2.7565369252231658E-009   4.3299808377663878     
   21.030927835077250        7.4930112747959216E-002   4.3052628362728371E-002 -0.15000505484356152        2.7562824085837689E-009   4.3466692914411311     
   21.134020618582529        7.4989729796642937E-002   4.3073201062881837E-002 -0.15009085488233587        2.7991899459884765E-009   4.3681297070650729     
   21.237113402087811        7.5053404297393808E-002   4.3078449706213814E-002 -0.15018212016798432        2.8598122259708604E-009   4.3919987442968038     
   21.340206185593090        7.5121851024230912E-002   4.3066498283396260E-002 -0.15028060361931855        2.8447643265513108E-009   4.4062910508012152     
   21.443298969098372        7.5192733755101646E-002   4.3045456256611422E-002 -0.15038208780187162        2.8199267848177356E-009   4.3962870870797568     
   21.546391752603650        7.5262880042985231E-002   4.3021569088337215E-002 -0.15048227801311259        2.8979349546295513E-009   4.3758773302607965     
   21.649484536108933        7.5330384520029839E-002   4.3007584804439017E-002 -0.15057812782080240        2.9770374922559433E-009   4.3666303773617372     
   21.752577319614215        7.5392935670208133E-002   4.3013261797191553E-002 -0.15066679617516401        3.0597937491877051E-009   4.3695602297270089     
   21.855670103119493        7.5451366964117764E-002   4.3028213980060556E-002 -0.15075252083707474        3.1557702876840213E-009   4.3830464205291051     
   21.958762886624775        7.5507555625616563E-002   4.3040071717999305E-002 -0.15083701988304227        3.1816149061134963E-009   4.3898665971264519     
   22.061855670130054        7.5560350555593875E-002   4.3046900261049098E-002 -0.15091533268017893        3.0980427113190967E-009   4.3856302112005849     
   22.164948453635336        7.5610777175165053E-002   4.3053654852482713E-002 -0.15098736554024267        2.9620175995689993E-009   4.3730531844521856     
   22.268041237140615        7.5653503541615999E-002   4.3064830528825482E-002 -0.15104805726951842        2.8049827465824136E-009   4.3659201892205983     
   22.371134020645897        7.5683161370245153E-002   4.3078975566585360E-002 -0.15108844336841798        2.6817886149173128E-009   4.3710453175952626     
   22.474226804151176        7.5702692089562221E-002   4.3084286210616413E-002 -0.15111086555322989        2.5728648546998066E-009   4.3872459287055623     
   22.577319587656458        7.5711242432863313E-002   4.3078071911969877E-002 -0.15111186973891030        2.3809964121166206E-009   4.4040734395762158     
   22.680412371161740        7.5712926642672998E-002   4.3066092641669829E-002 -0.15109335660071654        2.1043286792016886E-009   4.4156983717209100     
   22.783505154667019        7.5713838638851866E-002   4.3053667577836428E-002 -0.15106189350807558        1.8952094210284328E-009   4.4153286840378669     
   22.886597938172301        7.5714891525663963E-002   4.3043601593535048E-002 -0.15101688783018785        1.9332474474816405E-009   4.4049545846227671     
   22.989690721677579        7.5720790734833093E-002   4.3033740157739392E-002 -0.15096829458744801        2.2767046846498246E-009   4.3964076129901590     
   23.092783505182862        7.5736147642338145E-002   4.3025941490411723E-002 -0.15093213592823612        2.6795572672332060E-009   4.3999922677496643     
   23.195876288688140        7.5758505132224471E-002   4.3027515632120691E-002 -0.15091156795451244        2.9388301644968212E-009   4.4080190406056321     
   23.298969072193422        7.5781576748864196E-002   4.3048890596267854E-002 -0.15089924291154319        3.0278629730960615E-009   4.4162581570383308     
   23.402061855698705        7.5796324291843353E-002   4.3091552044243510E-002 -0.15088486320239969        3.0002612316664323E-009   4.4275432665958734     
   23.505154639203983        7.5799718724615550E-002   4.3143036358149089E-002 -0.15086743468359431        2.9669578025164302E-009   4.4329025544418368     
   23.608247422709265        7.5793494391040467E-002   4.3188149109224166E-002 -0.15084895595904724        2.9378288027714500E-009   4.4355533707103199     
   23.711340206214544        7.5776862992911226E-002   4.3219647410439564E-002 -0.15082966227974526        2.8421764185805862E-009   4.4400587470239472     
   23.814432989719826        7.5756020942237129E-002   4.3240163045703696E-002 -0.15082185077934485        2.7292142812145104E-009   4.4413909119997452     
   23.917525773225105        7.5737426848584158E-002   4.3246615278674780E-002 -0.15083612999591139        2.6779211843087334E-009   4.4424788774139987     
   24.020618556730387        7.5721683625023725E-002   4.3235582623396648E-002 -0.15086967531344841        2.6236957568275135E-009   4.4361296064684135     
   24.123711340235669        7.5711418633698985E-002   4.3218133722418416E-002 -0.15092022130872051        2.5766714529913750E-009   4.4094682044892828     
   24.226804123740948        7.5704125627174448E-002   4.3205453637257592E-002 -0.15098074395371630        2.5636066086314135E-009   4.3951402991238746     
   24.329896907246230        7.5692677031978239E-002   4.3204191001036403E-002 -0.15103881392467183        2.4609994691348634E-009   4.3970101839102274     
   24.432989690751509        7.5673836175197601E-002   4.3212707432648712E-002 -0.15108785669327812        2.2833991055703036E-009   4.4013123207563538     
   24.536082474256791        7.5647620972251417E-002   4.3225346085717445E-002 -0.15112602999012908        2.0763402423374814E-009   4.3953479028542564     
   24.639175257762069        7.5616286500417823E-002   4.3237810738695009E-002 -0.15115210238491045        1.9790675988814168E-009   4.3903925800442147     
   24.742268041267351        7.5584584561593074E-002   4.3245510323683990E-002 -0.15116581899720249        1.9708428917733264E-009   4.3936157611062532     
   24.845360824772634        7.5556197893818802E-002   4.3248369715413515E-002 -0.15116892962411158        1.9637950758093800E-009   4.4049058203672864     
   24.948453608277912        7.5525539940681466E-002   4.3252910241167918E-002 -0.15115751893267337        1.8740141358629112E-009   4.4121537472541323     
   25.051546391783194        7.5487502686193308E-002   4.3260164774895700E-002 -0.15112982784916895        1.7796954948023814E-009   4.4201656473799735     
   25.154639175288473        7.5449976814685488E-002   4.3265501684813794E-002 -0.15109993330075791        1.7597272981623875E-009   4.4234701243082410     
   25.257731958793755        7.5419603055822917E-002   4.3273995485893474E-002 -0.15107971714313972        1.7073017687229722E-009   4.4307136943745045     
   25.360824742299034        7.5393369813629624E-002   4.3292159140227736E-002 -0.15106431070779613        1.5858379254034658E-009   4.4458217457629683     
   25.463917525804316        7.5370091515925955E-002   4.3311401856918876E-002 -0.15105132978433450        1.4748523406158182E-009   4.4527144335871247     
   25.567010309309595        7.5351534764002859E-002   4.3320364778146665E-002 -0.15104354445171608        1.3729685428633146E-009   4.4395221491987362     
   25.670103092814877        7.5341271696759388E-002   4.3319039037277268E-002 -0.15104468750521594        1.2374873037175459E-009   4.4347979325315006     
   25.773195876320159        7.5345360880508888E-002   4.3318286618540446E-002 -0.15106328915992609        1.0880504288495684E-009   4.4314650445181423     
   25.876288659825438        7.5361064402583292E-002   4.3330438919637400E-002 -0.15109513463484836        1.0572593888938675E-009   4.4230095604701525     
   25.979381443330720        7.5378913683184098E-002   4.3357498718752073E-002 -0.15112672799518376        1.2423675320459219E-009   4.4235189249346405     
   26.082474226835998        7.5389777888892548E-002   4.3390713267468489E-002 -0.15114543722283058        1.3484794938353057E-009   4.4419472810154259     
   26.185567010341281        7.5388112344947855E-002   4.3432476144727221E-002 -0.15114548476627113        1.3570582050166762E-009   4.4449247734100457     
   26.288659793846559        7.5370304460415233E-002   4.3465143287992246E-002 -0.15112179244377250        1.3981359258735032E-009   4.4345843318638103     
   26.391752577351841        7.5342769112172331E-002   4.3487652135344577E-002 -0.15108215160625979        1.3931714047443228E-009   4.4086627305755846     
   26.494845360857123        7.5311630834957510E-002   4.3520327356863925E-002 -0.15103556711917929        1.3169702628529693E-009   4.3920196509908358     
   26.597938144362402        7.5272789833248741E-002   4.3570606541995877E-002 -0.15097592245834027        1.2888845985484064E-009   4.3978737899389024     
   26.701030927867684        7.5224882114484998E-002   4.3626625264002884E-002 -0.15089983459159009        1.2248264577521219E-009   4.4138363404795111     
   26.804123711372963        7.5171051276506501E-002   4.3686280556125175E-002 -0.15081106169258263        1.0978901772799828E-009   4.4290437549988733     
   26.907216494878245        7.5113599986686819E-002   4.3742316703506846E-002 -0.15071416534120730        1.0112084746656619E-009   4.4510234491822809     
   27.010309278383524        7.5057307127401385E-002   4.3787773455619967E-002 -0.15061654378797806        9.3750613797526863E-010   4.4659219399841152     
   27.113402061888806        7.5003574633805054E-002   4.3827478239133986E-002 -0.15052146671732702        8.4853983246408989E-010   4.4704516225536306     
   27.216494845394088        7.4950364564044386E-002   4.3875104742147716E-002 -0.15042991719874468        7.6864561827191915E-010   4.4833971514417135     
   27.319587628899367        7.4897727866106614E-002   4.3920042225124925E-002 -0.15034362779320729        8.2186474392322119E-010   4.5117428163382769     
   27.422680412404649        7.4845113060139717E-002   4.3947817137755321E-002 -0.15026197480749140        8.8845273992571833E-010   4.4989528119214341     
   27.525773195909927        7.4795067857832132E-002   4.3952274884248119E-002 -0.15018108396833393        1.0185603755503805E-009   4.4770567425101273     
   27.628865979415210        7.4750378234125531E-002   4.3946951224587590E-002 -0.15009732131162401        1.0982827007344844E-009   4.4657559243462499     
   27.731958762920488        7.4711923974810357E-002   4.3937628590587134E-002 -0.15001476114316253        1.2359652630265407E-009   4.4542849481149744     
   27.835051546425770        7.4681310696274650E-002   4.3925158229460790E-002 -0.14993871197324438        1.3447300632181795E-009   4.4422465395509878     
   27.938144329931049        7.4648726936483070E-002   4.3928919241074900E-002 -0.14985569127230178        1.3759278196616385E-009   4.4532034519830397     
   28.041237113436331        7.4606072282783750E-002   4.3957019399487214E-002 -0.14975654377411657        1.3759530326762993E-009   4.4792570881854461     
   28.144329896941613        7.4556956082445364E-002   4.3989092807416370E-002 -0.14965184655293703        1.4288372326721975E-009   4.4969195800690809     
   28.247422680446892        7.4505928073361705E-002   4.4006700102936308E-002 -0.14955106443848731        1.5072941419890016E-009   4.4968438515349378     
   28.350515463952174        7.4457975622093026E-002   4.4017076363477313E-002 -0.14946645197427424        1.4925856052219380E-009   4.5034406046088478     
   28.453608247457453        7.4418243865726597E-002   4.4026458040950303E-002 -0.14940904783599590        1.4525259531514135E-009   4.5167721130459215     
   28.556701030962735        7.4391047609192421E-002   4.4027456222393686E-002 -0.14937909656644152        1.4580093738597897E-009   4.5260048994066553     
   28.659793814468014        7.4377984297856609E-002   4.4025417314065854E-002 -0.14937126835886999        1.5072360036805768E-009   4.5048125912122625     
   28.762886597973296        7.4374127789894717E-002   4.4032721689786301E-002 -0.14937497729154314        1.6095807571288648E-009   4.4786035079410489     
   28.865979381478578        7.4372782420722205E-002   4.4058384651860169E-002 -0.14937728791122371        1.7405678399735650E-009   4.4690062883321273     
   28.969072164983857        7.4372508847336413E-002   4.4098299732791453E-002 -0.14937024305502716        1.6846847851285217E-009   4.5018130577890156     
   29.072164948489139        7.4369870193153997E-002   4.4141245232140948E-002 -0.14934463475973231        1.6542378859080382E-009   4.5095886769964961     
   29.175257731994417        7.4365832271574922E-002   4.4168132505213516E-002 -0.14930580386623707        1.6470555809244732E-009   4.5071513256262108     
   29.278350515499699        7.4369037096158289E-002   4.4204452396229256E-002 -0.14927179440395566        1.4970026597726386E-009   4.5031811643016590     
   29.381443299004978        7.4378604872379364E-002   4.4257904104900291E-002 -0.14924384676889879        1.4490786170307512E-009   4.4988588063220956     
   29.484536082510260        7.4387845912107939E-002   4.4310289657228989E-002 -0.14921606137681154        1.5303778783314984E-009   4.4766758374879956     
   29.587628866015542        7.4393169944082876E-002   4.4369110552564747E-002 -0.14918995450402350        1.5137032991896005E-009   4.4712734395852154     
   29.690721649520821        7.4391118723289060E-002   4.4435234007863041E-002 -0.14916603541148299        1.5509123278820527E-009   4.4745547691777388     
   29.793814433026103        7.4380179358394347E-002   4.4485830514517127E-002 -0.14914241433605174        1.5917673521152557E-009   4.4775638821886270     
   29.896907216531382        7.4365233137960521E-002   4.4519195138034012E-002 -0.14912411757630317        1.5352613155483102E-009   4.4737690830939396     
   30.000000000036664        7.4346738557073827E-002   4.4547048816516763E-002 -0.14910801203568536        1.4275688138993504E-009   4.4785648822599073     
   30.103092783541943        7.4326116384429097E-002   4.4568604483939962E-002 -0.14909470953362272        1.4720759256069046E-009   4.4870799563831385     
   30.206185567047225        7.4304894975855032E-002   4.4572748867066324E-002 -0.14908438111253511        1.6450674107375897E-009   4.4929767373289105     
   30.309278350552507        7.4287274651749211E-002   4.4566656958525512E-002 -0.14907910078661091        1.7984417351928969E-009   4.4867020130299080     
   30.412371134057786        7.4275020209728607E-002   4.4571676741670854E-002 -0.14907984283992085        1.8091269088447710E-009   4.4924279475532174     
   30.515463917563068        7.4260254701105144E-002   4.4600826325762656E-002 -0.14907553607711391        1.7008576840271680E-009   4.5027928392893832     
   30.618556701068346        7.4241393999074048E-002   4.4639557439532074E-002 -0.14906646317067290        1.6051162632617254E-009   4.5148621842597629     
   30.721649484573629        7.4225051346701737E-002   4.4669558609720897E-002 -0.14906282975944612        1.5241470090816060E-009   4.5096351279862894     
   30.824742268078907        7.4212032975615891E-002   4.4689509483246612E-002 -0.14906519083773861        1.5585029198381558E-009   4.4837116611815855     
   30.927835051584189        7.4200222661572460E-002   4.4714613541601625E-002 -0.14907065380615631        1.5819512785393843E-009   4.4883124542710968     
   31.030927835089468        7.4180976988140829E-002   4.4759979517704378E-002 -0.14906470270313996        1.5504376464606966E-009   4.5135431144326583     
   31.134020618594750        7.4152356800316677E-002   4.4805633088305583E-002 -0.14904630458210316        1.5898711171631628E-009   4.5390539213057224     
   31.237113402100032        7.4125543036949015E-002   4.4837129855118729E-002 -0.14903260989814182        1.5523472670244013E-009   4.5369870701647868     
   31.340206185605311        7.4104027746864073E-002   4.4854236589714193E-002 -0.14902271696465741        1.5386963887120466E-009   4.5200791457781495     
   31.443298969110593        7.4092200723529844E-002   4.4859357233453676E-002 -0.14901762664808571        1.5131640159578261E-009   4.5186605019215778     
   31.546391752615872        7.4098035255830683E-002   4.4859420182086364E-002 -0.14902903613635912        1.5098381696255909E-009   4.5086975145147230     
   31.649484536121154        7.4119080901195053E-002   4.4853490033095356E-002 -0.14905586221213063        1.5854581625678433E-009   4.4863645166288579     
   31.752577319626432        7.4149852925868884E-002   4.4846450392950751E-002 -0.14909007095225696        1.6451740792466504E-009   4.4709418306587940     
   31.855670103131715        7.4188707513351632E-002   4.4854132301435916E-002 -0.14913299070718511        1.6568221613238428E-009   4.4663964728245382     
   31.958762886636997        7.4229582473893205E-002   4.4884863509160662E-002 -0.14918104347956945        1.6541483966357154E-009   4.4901075098810352     
   32.061855670142279        7.4267272690427322E-002   4.4927823911865152E-002 -0.14922858822546423        1.7743799716541266E-009   4.5268663163206702     
   32.164948453647554        7.4302185805217982E-002   4.4966769827101009E-002 -0.14927782170453968        1.8632732184561300E-009   4.5471619540668247     
   32.268041237152836        7.4336177176191842E-002   4.5003459554164384E-002 -0.14932889944966421        1.9387470758278627E-009   4.5421415747730718     
   32.371134020658118        7.4368173965661033E-002   4.5038594166788272E-002 -0.14937619829673704        2.0882302907324252E-009   4.5359508613604573     
   32.474226804163401        7.4400561681718172E-002   4.5085487633683537E-002 -0.14942271875484264        2.2153790524559745E-009   4.5417540145345408     
   32.577319587668676        7.4430409138266748E-002   4.5160127641297933E-002 -0.14946514749554202        2.2760748955647315E-009   4.5536239511977312     
   32.680412371173958        7.4445722118304247E-002   4.5256558867260606E-002 -0.14948427780343881        2.3577769541171384E-009   4.5692513882743429     
   32.783505154679240        7.4443781158870043E-002   4.5356975292369359E-002 -0.14947579808655229        2.4261042156928580E-009   4.5915787994606676     
   32.886597938184522        7.4431387501769836E-002   4.5451891622813080E-002 -0.14945620557469966        2.4858631618761502E-009   4.5964475130256952     
   32.989690721689804        7.4421309421984536E-002   4.5530812636512472E-002 -0.14944619101184678        2.6179019606041726E-009   4.5934547800253593     
   33.092783505195079        7.4420865927162905E-002   4.5598396220079052E-002 -0.14945445488308348        2.7705161267259513E-009   4.5885357629390926     
   33.195876288700362        7.4425137864266591E-002   4.5664843306326315E-002 -0.14947474656472703        2.9268898704899623E-009   4.5910778276860373     
   33.298969072205644        7.4430063581513883E-002   4.5731919252925017E-002 -0.14950363003083700        3.0470727026654484E-009   4.5946793984902179     
   33.402061855710926        7.4434180454809040E-002   4.5800188630743213E-002 -0.14953724277605679        3.0989906073510594E-009   4.5924207089648910     
   33.505154639216208        7.4433128257071490E-002   4.5871249781096739E-002 -0.14956582563085372        3.1331298815758111E-009   4.5917774624187953     
   33.608247422721483        7.4429655429237088E-002   4.5942479467479133E-002 -0.14959437805752032        3.1218529632381382E-009   4.5928820818180167     
   33.711340206226765        7.4431342292778258E-002   4.6020760901272981E-002 -0.14963691773100599        2.9842965490656220E-009   4.6014693800270452     
   33.814432989732047        7.4439595375857245E-002   4.6118764871814946E-002 -0.14969835721223174        2.8263395802278533E-009   4.6109454212493066     
   33.917525773237330        7.4449301910045618E-002   4.6226272908180571E-002 -0.14976686356555619        2.7972154248063142E-009   4.6442731556776762     
   34.020618556742605        7.4466351146077941E-002   4.6320307360430538E-002 -0.14984501178937082        2.7949553556098845E-009   4.6905337703255787     
   34.123711340247887        7.4496701915988506E-002   4.6398679960058593E-002 -0.14993748771857099        2.6661666855979314E-009   4.7263478090507069     
   34.226804123753169        7.4540224448000583E-002   4.6468413213020442E-002 -0.15004153254446959        2.5917023902613040E-009   4.7543539786778544     
   34.329896907258451        7.4599166155643562E-002   4.6519433453997380E-002 -0.15016140923725124        2.7780349082588162E-009   4.7223245355804133     
   34.432989690763733        7.4670000522361488E-002   4.6575154772067764E-002 -0.15029304490736595        2.7562734598842664E-009   4.7290799023498318     
   34.536082474269008        7.4748530616597100E-002   4.6645224826455160E-002 -0.15042892212766540        2.9383276025813968E-009   4.6846312057660109     
   34.639175257774291        7.4822659839130196E-002   4.6740152029626628E-002 -0.15055732891174081        2.9653730422941655E-009   4.7129511903704175     
   34.742268041279573        7.4877116197301613E-002   4.6837954610202216E-002 -0.15066458778090264        2.8379460338098760E-009   4.7657715091843880     
   34.845360824784855        7.4913017601854578E-002   4.6923516130552075E-002 -0.15075362915869775        2.6620015494161827E-009   4.7928848706414309     
   34.948453608290137        7.4934805183621167E-002   4.6971601461033449E-002 -0.15082352767896062        2.8304983664947887E-009   4.7405808603481017     
   35.051546391795412        7.4945521348112026E-002   4.7001146304111723E-002 -0.15086889990294994        2.9557183208919709E-009   4.7076339928288027     
   35.154639175300694        7.4940706099445142E-002   4.7050886791116769E-002 -0.15088366461320640        3.0479891949126300E-009   4.7282721987940537     
   35.257731958805977        7.4925760312517659E-002   4.7079043451037438E-002 -0.15087388155719625        3.3041903017542342E-009   4.7001925428705560     
   35.360824742311259        7.4911490733547095E-002   4.7099756857579896E-002 -0.15085162333237034        3.4122077456005914E-009   4.7104338212432477     
   35.463917525816534        7.4895327541535398E-002   4.7128119801614923E-002 -0.15081593071607124        3.5851528654523181E-009   4.7098288036545659     
   35.567010309321816        7.4883655505354987E-002   4.7144278441512900E-002 -0.15077944514349650        3.8094666115984489E-009   4.6388134510092849     
   35.670103092827098        7.4874369883838610E-002   4.7191935246200301E-002 -0.15074614173039491        3.7909319194850240E-009   4.6622219129058493     
   35.773195876332380        7.4856562076961369E-002   4.7239667538493353E-002 -0.15070680755082017        3.7256029275802213E-009   4.6749027140049604     
   35.876288659837662        7.4836477505788229E-002   4.7280322366435562E-002 -0.15066609123000810        3.5853664428572426E-009   4.6308336210694643     
   35.979381443342938        7.4813320813296322E-002   4.7324108417374181E-002 -0.15061855586419665        3.5409446132248671E-009   4.6151055864338986     
   36.082474226848220        7.4783882123888895E-002   4.7375043711648412E-002 -0.15055791677494615        3.4480760314416371E-009   4.6212719299548857     
   36.185567010353502        7.4750559553746390E-002   4.7435709736941244E-002 -0.15049337369351554        3.4324917433213306E-009   4.6274621599502259     
   36.288659793858784        7.4715746481282180E-002   4.7488721544908415E-002 -0.15043195345697410        3.5797419697139938E-009   4.6346653632347730     
   36.391752577364059        7.4683260154065956E-002   4.7529734933735003E-002 -0.15038273326949197        3.7185672500721668E-009   4.6493845725705532     
   36.494845360869341        7.4656849470708039E-002   4.7549206492177969E-002 -0.15035389788502565        3.8871622867940805E-009   4.6678658358634406     
   36.597938144374623        7.4641418144890281E-002   4.7553777185081594E-002 -0.15034987023956803        3.8971792778524378E-009   4.6690218737526088     
   36.701030927879906        7.4639301974860725E-002   4.7554848275025825E-002 -0.15037264581051915        3.9667426598627175E-009   4.6516180163976211     
   36.804123711385188        7.4652776664324016E-002   4.7559698895029673E-002 -0.15041980411874645        4.0473175616199587E-009   4.6402650245542487     
   36.907216494890463        7.4677283383410453E-002   4.7591981870315395E-002 -0.15048037946710968        4.1762655016421296E-009   4.6533748839901072     
   37.010309278395745        7.4700979600713119E-002   4.7637252693406448E-002 -0.15053889670751955        4.3869378811920436E-009   4.6837833379314171     
   37.113402061901027        7.4716601268690563E-002   4.7666879960371146E-002 -0.15058843012093415        4.5830662544797430E-009   4.6991010173041738     
   37.216494845406309        7.4724835843618262E-002   4.7673268157093510E-002 -0.15062960563508765        4.5691475226702406E-009   4.6869884538763582     
   37.319587628911592        7.4730562831855821E-002   4.7675582603058313E-002 -0.15066562239208076        4.4763457756694501E-009   4.6649990732476185     
   37.422680412416867        7.4731415641051596E-002   4.7680959862419985E-002 -0.15069288972580111        4.4527049778508491E-009   4.6575959024769471     
   37.525773195922149        7.4730611435127395E-002   4.7687979699398912E-002 -0.15071692366936221        4.4610346375045887E-009   4.6675092546344610     
   37.628865979427431        7.4734079224189981E-002   4.7703494901321926E-002 -0.15074802436108109        4.5170332265748339E-009   4.6719730289060131     
   37.731958762932713        7.4737693286809070E-002   4.7727792925688496E-002 -0.15078083338222481        4.6421819801466334E-009   4.6825401864279259     
   37.835051546437988        7.4740531295075241E-002   4.7762585672925108E-002 -0.15081520900791368        4.6967858761148407E-009   4.7091545516963915     
   37.938144329943270        7.4745450174059105E-002   4.7804879765227133E-002 -0.15085567518797685        4.6485945509147788E-009   4.7328474770296367     
   38.041237113448553        7.4754796470203624E-002   4.7838088547056616E-002 -0.15090097558902366        4.5571378547510615E-009   4.7387445311419825     
   38.144329896953835        7.4768846668699707E-002   4.7865710916422569E-002 -0.15094602806682789        4.3906992194071795E-009   4.7286953626473505     
   38.247422680459117        7.4784814897612101E-002   4.7884732464603688E-002 -0.15098585164886216        4.2879608162885627E-009   4.7087158432240077     
   38.350515463964392        7.4804047037021967E-002   4.7903939166155478E-002 -0.15102340393309138        4.2201536491461818E-009   4.7057923273021460     
   38.453608247469674        7.4827019774872855E-002   4.7915796699569607E-002 -0.15106025376813065        4.2368292105871991E-009   4.7316795796401312     
   38.556701030974956        7.4856175273055006E-002   4.7918244020080755E-002 -0.15110296078019947        4.0908033005067658E-009   4.7392375876265946     
   38.659793814480238        7.4894883626929976E-002   4.7934901126879106E-002 -0.15116072394410704        3.8726320909546273E-009   4.7354273296525244     
   38.762886597985514        7.4930742450156934E-002   4.7969032910629379E-002 -0.15122193343096602        3.7594497085810164E-009   4.7342426646758495     
   38.865979381490796        7.4959673189526108E-002   4.8001112391554912E-002 -0.15128538864086477        3.6686796529325642E-009   4.7382090479327621     
   38.969072164996078        7.4985347193316260E-002   4.8031677160543275E-002 -0.15135332916280117        3.4743136330046294E-009   4.7366633540574856     
   39.072164948501360        7.5004869590213435E-002   4.8062365525789644E-002 -0.15141907225957268        3.3911236594950355E-009   4.7181577626599438     
   39.175257732006642        7.5024012352257446E-002   4.8083746575716325E-002 -0.15149255475812992        3.5040084785781891E-009   4.6887537704730571     
   39.278350515511917        7.5053524634184382E-002   4.8102294130041454E-002 -0.15158706602012920        3.6650790826801913E-009   4.6724695757171348     
   39.381443299017199        7.5099159637327551E-002   4.8136110814919218E-002 -0.15170358540869627        3.7927949048819294E-009   4.6745364007614985     
   39.484536082522482        7.5156622213971028E-002   4.8185299921129687E-002 -0.15183166971139167        3.8931976728513258E-009   4.7043328417016141     
   39.587628866027764        7.5211675988528612E-002   4.8248222437148720E-002 -0.15195054387526441        3.9062084631783411E-009   4.7452312251341073     
   39.690721649533046        7.5258164981822750E-002   4.8309059663570048E-002 -0.15205397610892440        3.9951139023750674E-009   4.7757176044507030     
   39.793814433038321        7.5305706460579339E-002   4.8336221849460438E-002 -0.15215591530766381        4.0977681667540009E-009   4.7828297167012028     
   39.896907216543603        7.5359226341005447E-002   4.8338023920798709E-002 -0.15225985141293952        4.0551589820707642E-009   4.7586372936117955     
   40.000000000048885        7.5417972415787196E-002   4.8345962979851109E-002 -0.15236356360184389        3.9022266973331948E-009   4.7369730462159909     
   40.103092783554168        7.5485435613741408E-002   4.8384499187648346E-002 -0.15247919877714916        3.7400097202697388E-009   4.7312958759198747     
   40.206185567059443        7.5554695719554560E-002   4.8458160657903246E-002 -0.15260287745457435        3.6106255937585511E-009   4.7325805049084275     
   40.309278350564725        7.5613322691242171E-002   4.8552156248269251E-002 -0.15271630974240974        3.5777081145502913E-009   4.7393628610727250     
   40.412371134070007        7.5662070883076485E-002   4.8629436592365127E-002 -0.15281589788264011        3.6769790630939258E-009   4.7450269565783580     
   40.515463917575289        7.5704332430941129E-002   4.8676397601355371E-002 -0.15290433711931611        3.6396977547101569E-009   4.7556977456398144     
   40.618556701080571        7.5742503786067505E-002   4.8718537681804626E-002 -0.15298295766709152        3.4371358004836412E-009   4.7621022533229667     
   40.721649484585846        7.5779677419151675E-002   4.8749992955251141E-002 -0.15305307831552695        3.3537908530434127E-009   4.7687893195889242     
   40.824742268091128        7.5822233191819133E-002   4.8760419497581586E-002 -0.15311765097417557        3.3371864018962816E-009   4.7617424845624772     
   40.927835051596411        7.5875174982177523E-002   4.8779820591546084E-002 -0.15318322722680838        3.2833525604632191E-009   4.7524743750455460     
   41.030927835101693        7.5930649243488538E-002   4.8827231909571632E-002 -0.15324470438656157        3.4052431782360860E-009   4.7639632947508526     
   41.134020618606968        7.5978602031367207E-002   4.8886513656659143E-002 -0.15328949540148090        3.5426129224132161E-009   4.7783521375750651     
   41.237113402112250        7.6013213067161620E-002   4.8956975364188901E-002 -0.15331001232869401        3.6225923240713267E-009   4.8160638962338602     
   41.340206185617532        7.6028997328819667E-002   4.9023510156151424E-002 -0.15329639389244476        3.6135653353075962E-009   4.8429469754619321     
   41.443298969122814        7.6030329431080984E-002   4.9067667048960109E-002 -0.15325250416635949        3.5571493978087780E-009   4.8491623787321148     
   41.546391752628097        7.6025390844782617E-002   4.9097036911156203E-002 -0.15319042330629018        3.5083206674417165E-009   4.8320631544438699     
   41.649484536133372        7.6020707091226020E-002   4.9123287925658461E-002 -0.15312216433707312        3.5137208271298801E-009   4.8184197924310626     
   41.752577319638654        7.6021096962958584E-002   4.9158768225805179E-002 -0.15305686724101941        3.5654563954853201E-009   4.8049945075725162     
   41.855670103143936        7.6027000610144266E-002   4.9203278921801000E-002 -0.15300228441626784        3.6075459428287469E-009   4.8008427588722853     
   41.958762886649218        7.6039195934836337E-002   4.9263090705551918E-002 -0.15296574499991822        3.6296640737833514E-009   4.8006937659145930     
   42.061855670154500        7.6056716896185025E-002   4.9343177824005477E-002 -0.15295248456564814        3.6157799650596114E-009   4.8250704076416984     
   42.164948453659775        7.6075087309742676E-002   4.9442319610557769E-002 -0.15295805913135635        3.5933430252796400E-009   4.8453746374091500     
   42.268041237165058        7.6087668744864626E-002   4.9547525483526207E-002 -0.15296392421396882        3.5842281877485808E-009   4.8508819301340917     
   42.371134020670340        7.6091441086564876E-002   4.9656231066915288E-002 -0.15295878726778206        3.5622747479007763E-009   4.8499365084065804     
   42.474226804175622        7.6083938315487015E-002   4.9762020446448813E-002 -0.15293762331864635        3.6091677427993526E-009   4.8521723754294142     
   42.577319587680897        7.6059176185083496E-002   4.9838159469036539E-002 -0.15289044565789736        3.7067452032847069E-009   4.8581883424383943     
   42.680412371186179        7.6024630223759937E-002   4.9878921938227030E-002 -0.15282544992041561        3.6501382957357088E-009   4.8523458804242310     
   42.783505154691461        7.5986888698442681E-002   4.9908629800829642E-002 -0.15275286989779646        3.4665706118275534E-009   4.8443705213211059     
   42.886597938196743        7.5942324889839374E-002   4.9939504451141155E-002 -0.15266934111017050        3.3554694527628883E-009   4.8448292786369445     
   42.989690721702026        7.5893017383937139E-002   4.9960092243665134E-002 -0.15258008424823238        3.2827918818623269E-009   4.8402614419552465     
   43.092783505207301        7.5846845132561125E-002   4.9972976912725210E-002 -0.15249904531371056        3.1671710370116851E-009   4.8260348690437347     
   43.195876288712583        7.5801659631816787E-002   4.9991003844385901E-002 -0.15242302209001282        3.0444526953367178E-009   4.8096155826918192     
   43.298969072217865        7.5750189796721781E-002   5.0022626630344777E-002 -0.15233851392288267        2.9828958593915072E-009   4.8078900388956045     
   43.402061855723147        7.5688816690025501E-002   5.0058679254320296E-002 -0.15224113382820978        3.0238723380165581E-009   4.8146882762978489     
   43.505154639228429        7.5617631587087494E-002   5.0087900386948013E-002 -0.15213218944626614        3.1070249051217309E-009   4.8242368493004344     
   43.608247422733704        7.5549312680818173E-002   5.0117003151224762E-002 -0.15202873196250660        3.0641634875909439E-009   4.8367821001514244     
   43.711340206238987        7.5496867470595808E-002   5.0160590200780938E-002 -0.15194866138570362        2.9515651641089539E-009   4.8280743874993073     
   43.814432989744269        7.5468674199590788E-002   5.0214737818749314E-002 -0.15189969948234905        2.9196353538993875E-009   4.8206103263870546     
   43.917525773249551        7.5468696454125461E-002   5.0268993658425833E-002 -0.15188896084707801        2.9215171187640615E-009   4.8062079826677362     
   44.020618556754826        7.5495702864330605E-002   5.0333750765871141E-002 -0.15191485987982487        2.9776993543087511E-009   4.7884755364803970     
   44.123711340260108        7.5545796562559997E-002   5.0416406362159799E-002 -0.15197514223280684        3.2824925052825610E-009   4.8261591181537797     
   44.226804123765390        7.5599841482299257E-002   5.0488059963875308E-002 -0.15204839383043764        3.5233368758831222E-009   4.8750673847927262     
   44.329896907270673        7.5651532244081249E-002   5.0544553464654272E-002 -0.15212200660701208        3.5962690081201224E-009   4.8749481055052977     
   44.432989690775955        7.5704321012238507E-002   5.0596380213953414E-002 -0.15219885929296129        3.4831823080520547E-009   4.8533385164497673     
   44.536082474281230        7.5748514109116219E-002   5.0663202894333709E-002 -0.15226889108164968        3.3764018321438968E-009   4.8603159593918770     
   44.639175257786512        7.5774567509333396E-002   5.0729291712432907E-002 -0.15231836781810862        3.3866355463970267E-009   4.8826187848814877     
   44.742268041291794        7.5786254732942121E-002   5.0765492738608649E-002 -0.15234990294185813        3.4581356458890241E-009   4.8884474041409893     
   44.845360824797076        7.5798855754764236E-002   5.0784616346302110E-002 -0.15238526588164014        3.4799357445574636E-009   4.8874613175079924     
   44.948453608302351        7.5819616361443326E-002   5.0819173482974711E-002 -0.15243126135030627        3.4736328010753031E-009   4.8868004819068753     
   45.051546391807634        7.5844058481249282E-002   5.0872105777900696E-002 -0.15248406506845991        3.5794780559358952E-009   4.8974412529418867     
   45.154639175312916        7.5871713434793056E-002   5.0934663657508282E-002 -0.15255216106535574        3.6775912661524384E-009   4.9099321589568703     
   45.257731958818198        7.5902439413917763E-002   5.1007930508433372E-002 -0.15263178370995151        3.6299790637545789E-009   4.9217170835765689     
   45.360824742323480        7.5932742784074664E-002   5.1094922891709180E-002 -0.15270947717887123        3.5672652378638430E-009   4.9272103062935653     
   45.463917525828755        7.5965049205909754E-002   5.1170102917766351E-002 -0.15278719196517765        3.6229770329287178E-009   4.9331172695561527     
   45.567010309334037        7.5998891515251549E-002   5.1228281089586311E-002 -0.15286496092137669        3.6205024575251710E-009   4.9443341472974192     
   45.670103092839319        7.6031705002193570E-002   5.1282194193106000E-002 -0.15294005886434878        3.6176177289489299E-009   4.9654858632253394     
   45.773195876344602        7.6066616501140841E-002   5.1323169461260802E-002 -0.15301748215305111        3.7838000713463851E-009   4.9779856419747182     
   45.876288659849884        7.6099127606867767E-002   5.1363131654274440E-002 -0.15309017606636832        3.9256144208684907E-009   4.9977074770698087     
   45.979381443355159        7.6120013026559533E-002   5.1416750576592909E-002 -0.15314240551979016        3.9403002366774686E-009   5.0411595247274379     
   46.082474226860441        7.6123314651544857E-002   5.1468120363960951E-002 -0.15316363062319821        3.9296450990532939E-009   5.0584313957699196     
   46.185567010365723        7.6112890592697324E-002   5.1477902352203370E-002 -0.15315888910047876        4.0180601867437683E-009   5.0446999118534670     
   46.288659793871005        7.6099722297174738E-002   5.1456157270151931E-002 -0.15314165917221267        4.0354493767888533E-009   5.0347043776943901     
   46.391752577376280        7.6086058474721288E-002   5.1436719805008420E-002 -0.15311208843348972        3.9984165106646354E-009   5.0224554299654738     
   46.494845360881563        7.6068514604947374E-002   5.1435927513905140E-002 -0.15306251353183381        3.9272868661111819E-009   5.0233770370912314     
   46.597938144386845        7.6046426672227233E-002   5.1463080345380552E-002 -0.15299327980576199        3.8523198773912114E-009   5.0311221690206658     
   46.701030927892127        7.6020451268926023E-002   5.1498244586339718E-002 -0.15291568127233143        3.8667890478204409E-009   5.0334475902083620     
   46.804123711397409        7.6002379316693361E-002   5.1531410594444639E-002 -0.15285138277171664        3.8890275510586570E-009   5.0361713883033907     
   46.907216494902684        7.6002659060029079E-002   5.1585130440075198E-002 -0.15281545565766863        3.6977115421258979E-009   5.0577604535438265     
   47.010309278407966        7.6010147570020170E-002   5.1667271569715206E-002 -0.15279805928882528        3.4817165361380031E-009   5.0778499364842702     
   47.113402061913249        7.6017175876419332E-002   5.1733257145695911E-002 -0.15278484394442349        3.3900777541655154E-009   5.1013378498714168     
   47.216494845418531        7.6032991336448197E-002   5.1778820266061787E-002 -0.15278375769098360        3.3839799949778413E-009   5.0806022311086769     
   47.319587628923806        7.6057273853687213E-002   5.1827788187237309E-002 -0.15279263589846148        3.5217752584302339E-009   5.0861014706120216     
   47.422680412429088        7.6073665562954376E-002   5.1906077260686016E-002 -0.15278936199115403        3.6848802986753177E-009   5.1311851669201438     
   47.525773195934370        7.6074673819134853E-002   5.1991538748854538E-002 -0.15276605191910098        3.7991279856154376E-009   5.1819298142538575     
   47.628865979439652        7.6067574095030815E-002   5.2046866600041118E-002 -0.15273098717390549        3.8324325181532980E-009   5.1810315471928030     
   47.731958762944934        7.6061659758266412E-002   5.2082924620578910E-002 -0.15269688693075426        3.7498687583301083E-009   5.1835131491739395     
   47.835051546450210        7.6058734318133828E-002   5.2125052310308950E-002 -0.15267099702298348        3.7349521101632229E-009   5.2007995538894196     
   47.938144329955492        7.6057859994428864E-002   5.2161150257056151E-002 -0.15265448927924849        3.9690214436976953E-009   5.2344341754866033     
   48.041237113460774        7.6062136017045964E-002   5.2177735656037720E-002 -0.15265033005905404        4.1170385592783770E-009   5.2891905357551465     
   48.144329896966056        7.6076826913919704E-002   5.2176837685734452E-002 -0.15266356263585235        4.1211502229709057E-009   5.2865632461312515     
   48.247422680471338        7.6113242231904840E-002   5.2165809284545284E-002 -0.15270639781046924        4.0852081710122736E-009   5.2401071567084694     
   48.350515463976613        7.6169752810460567E-002   5.2170022123630928E-002 -0.15276985449511421        4.1603643695534123E-009   5.2241674878123208     
   48.453608247481895        7.6235239423493778E-002   5.2205817153299791E-002 -0.15283703572283669        4.2338305270955895E-009   5.2035960998931969     
   48.556701030987178        7.6293520185391914E-002   5.2270999307179558E-002 -0.15289025915074725        4.5271151571126375E-009   5.1571176941598358     
   48.659793814492460        7.6331516300008825E-002   5.2365424949281231E-002 -0.15291342953746456        4.7303608986300376E-009   5.1761674893593810     
   48.762886597997735        7.6339885025386425E-002   5.2477022937997442E-002 -0.15289646150965913        4.7737012599600124E-009   5.2445388793729864     
   48.865979381503017        7.6323288553406574E-002   5.2562061498555537E-002 -0.15284690405816675        4.5375740551430986E-009   5.2703316161024842     
   48.969072165008299        7.6294406054876973E-002   5.2604539545951186E-002 -0.15277738782362732        4.2521280220209633E-009   5.2600947933443614     
   49.072164948513581        7.6257359287473958E-002   5.2595021505157012E-002 -0.15269013040832125        4.0771785282121741E-009   5.2276386171855913     
   49.175257732018864        7.6224172911799726E-002   5.2544337425797068E-002 -0.15259819062228597        4.0399047176437438E-009   5.2033442708056867     
   49.278350515524139        7.6211187851324913E-002   5.2473265934132790E-002 -0.15251659557406547        4.0446801272398092E-009   5.1857063001510886     
   49.381443299029421        7.6216971726249874E-002   5.2411657721921412E-002 -0.15244261098362030        4.0023921966790172E-009   5.1742917210231871     
   49.484536082534703        7.6225568921818171E-002   5.2374222183632822E-002 -0.15235981912452440        4.0318576888124983E-009   5.1694803161406346     
   49.587628866039985        7.6227286662577290E-002   5.2352785521730477E-002 -0.15226143005410633        4.0778065864009544E-009   5.1666082253125998     
   49.690721649545267        7.6213712738939468E-002   5.2346413702390480E-002 -0.15213871554417735        4.1483470678029889E-009   5.1562105733061836     
   49.793814433050542        7.6187037347501596E-002   5.2339753626858172E-002 -0.15199212770538939        4.2448564376451665E-009   5.1525940121704759     
   49.896907216555825        7.6153802739193394E-002   5.2334393018422513E-002 -0.15183036097034344        4.3159338111797058E-009   5.1497472908025639     
   50.000000000061107        7.6109194869465643E-002   5.2342823429690793E-002 -0.15165151843951014        4.2928960833535675E-009   5.1745174796414757     
   50.103092783566389        7.6051920338211773E-002   5.2375172484149787E-002 -0.15145969730400538        4.2471785546564410E-009   5.1875091064195686     
   50.206185567071664        7.5984836073392792E-002   5.2409093676438742E-002 -0.15126721031247131        4.2024080749538731E-009   5.1908859689103339     
   50.309278350576946        7.5908395731214481E-002   5.2436352301781362E-002 -0.15108011890113404        4.1661062456168194E-009   5.1677032543695729     
   50.412371134082228        7.5828170623466001E-002   5.2449089574418496E-002 -0.15090392271562375        4.1640070404771046E-009   5.1651422246064476     
   50.515463917587510        7.5747143008308246E-002   5.2460979102938912E-002 -0.15074137058144732        4.0542932014022724E-009   5.1902891453403406     
   50.618556701092793        7.5659345318507071E-002   5.2471114494515844E-002 -0.15058090960165987        3.9779007607487380E-009   5.2284534641068543     
   50.721649484598068        7.5561654094269862E-002   5.2459148462800483E-002 -0.15041007868768907        3.9821821977886731E-009   5.2277346083773466     
   50.824742268103350        7.5459668750383596E-002   5.2425890142994369E-002 -0.15023107134609737        4.1015921813142058E-009   5.2126888692979465     
   50.927835051608632        7.5361717416795884E-002   5.2401755715916952E-002 -0.15005305561097085        4.2592198349009132E-009   5.1953653516244467     
   51.030927835113914        7.5269283632312001E-002   5.2403264690769065E-002 -0.14987849952046511        4.2630037036050295E-009   5.2064289598881883     
   51.134020618619189        7.5178055812244030E-002   5.2441079601744815E-002 -0.14970466423252804        4.1723054315063796E-009   5.2184928091194926     
   51.237113402124471        7.5094165829273807E-002   5.2466931477560597E-002 -0.14954243336517076        4.1377211665279852E-009   5.2098009686278610     
   51.340206185629754        7.5029771709668902E-002   5.2469015228260231E-002 -0.14940392200142055        3.9686849237577640E-009   5.1826727413787488     
   51.443298969135036        7.4984821802709226E-002   5.2479772020832163E-002 -0.14928826811984264        3.8544166957086521E-009   5.1600411661834977     
   51.546391752640318        7.4953471196751345E-002   5.2510132899381765E-002 -0.14919137331303683        3.7620781148408561E-009   5.1792811834387944     
   51.649484536145593        7.4924224471444853E-002   5.2548101217351074E-002 -0.14909589659558081        3.6722856378338608E-009   5.2396507028841155     
   51.752577319650875        7.4894429496480244E-002   5.2563027033908243E-002 -0.14899994262055027        3.5641276246232745E-009   5.2545792061705194     
   51.855670103156157        7.4868228900808478E-002   5.2535166391837293E-002 -0.14891087142571205        3.5068490655957132E-009   5.2378804742547969     
   51.958762886661439        7.4848192486115309E-002   5.2491885209309384E-002 -0.14883117900539306        3.4766949411514995E-009   5.1970633142410483     
   52.061855670166722        7.4830278199102387E-002   5.2478385236564930E-002 -0.14875997872586716        3.4447452378712983E-009   5.1936668484128328     
   52.164948453671997        7.4802416394769075E-002   5.2494943882681742E-002 -0.14868451411102682        3.4730114789532143E-009   5.2152957578323953     
   52.268041237177279        7.4764755516665837E-002   5.2514318532763900E-002 -0.14860122236192069        3.5608837316867057E-009   5.2216997740181856     
   52.371134020682561        7.4720677884031639E-002   5.2529528395297641E-002 -0.14851083570681978        3.7036222772120828E-009   5.2346119142486316     
   52.474226804187843        7.4670552234726351E-002   5.2539486853701835E-002 -0.14841289338712377        3.9078841561851351E-009   5.2680276030030830     
   52.577319587693118        7.4615675708489274E-002   5.2538463989421108E-002 -0.14831222334141159        4.0222739017154833E-009   5.3004099066934156     
   52.680412371198400        7.4558063058859078E-002   5.2532033255012392E-002 -0.14821493722676612        3.9828830203477538E-009   5.3294633237355296     
   52.783505154703683        7.4500136528549421E-002   5.2521971758899978E-002 -0.14812136205819071        3.8515537522076098E-009   5.3259967839223545     
   52.886597938208965        7.4441297014995869E-002   5.2503098958953831E-002 -0.14802708688878627        3.7705576821721278E-009   5.3042261924988319     
   52.989690721714247        7.4389619618533603E-002   5.2483360327321697E-002 -0.14794286559419659        3.7865727854877644E-009   5.3035885066784809     
   53.092783505219522        7.4347380127470289E-002   5.2470510737350602E-002 -0.14787440557511874        3.7568496194275065E-009   5.3217767186789402     
   53.195876288724804        7.4307323336292322E-002   5.2469470229669253E-002 -0.14781269913464451        3.6824350733425083E-009   5.3391503925886390     
   53.298969072230086        7.4268051609702096E-002   5.2460818263005041E-002 -0.14775320424943128        3.6774808541819504E-009   5.3507290332537103     
   53.402061855735369        7.4233912472232738E-002   5.2437932143842882E-002 -0.14770164374337313        3.6449928353124325E-009   5.3558790867670032     
   53.505154639240644        7.4212441562737999E-002   5.2418422565809142E-002 -0.14766743958570844        3.5493213269840600E-009   5.3656464968080231     
   53.608247422745926        7.4204483327164464E-002   5.2428014780681098E-002 -0.14764376363344731        3.4230264739406823E-009   5.4039975846544781     
   53.711340206251208        7.4205106963188994E-002   5.2446158466364155E-002 -0.14762844943246728        3.4157483477307952E-009   5.4468981592134034     
   53.814432989756490        7.4213808990879163E-002   5.2429127756947108E-002 -0.14762292344638916        3.5412820905220734E-009   5.3988460929346198     
   53.917525773261772        7.4234559196901584E-002   5.2366504452280971E-002 -0.14762348519560287        3.8289465876698947E-009   5.3114915644129104     
   54.020618556767047        7.4265728751857468E-002   5.2327670824052396E-002 -0.14763249090305053        3.9956879634911516E-009   5.2978598207678100     
   54.123711340272330        7.4292020064338937E-002   5.2332954297336434E-002 -0.14763555998589828        4.2424884981855101E-009   5.3421987971454197     
   54.226804123777612        7.4299954185049033E-002   5.2317029527297311E-002 -0.14761013386407396        4.4203452338630389E-009   5.3678924662705958     
   54.329896907282894        7.4295579510974860E-002   5.2269228486532711E-002 -0.14755908825395442        4.4295390468893849E-009   5.3324911808150066     
   54.432989690788176        7.4283026438681621E-002   5.2228076781910188E-002 -0.14749299624252488        4.3728511134655716E-009   5.3032158799605238     
   54.536082474293451        7.4251369043623908E-002   5.2215504074621340E-002 -0.14740230279915789        4.4397181147727260E-009   5.3018626781463496     
   54.639175257798733        7.4189337920767207E-002   5.2204084845588208E-002 -0.14726889086823763        4.6243062016593671E-009   5.3343575732257991     
   54.742268041304015        7.4099008769221125E-002   5.2194972005569683E-002 -0.14709353952120835        4.5709253482513685E-009   5.3514887384817103     
   54.845360824809298        7.3987022620660287E-002   5.2198070524883067E-002 -0.14688923409569282        4.5548408450258104E-009   5.3440375391978083     
   54.948453608314573        7.3858292319342461E-002   5.2190645998320871E-002 -0.14666687077132637        4.4940575739379730E-009   5.3716659396191053     
   55.051546391819855        7.3725880774148322E-002   5.2172098579182938E-002 -0.14644053993401085        4.3019075203737684E-009   5.3659548428614841     
   55.154639175325137        7.3600368457425264E-002   5.2136997904436301E-002 -0.14622655542465007        4.1430858056479664E-009   5.3603826198940219     
   55.257731958830419        7.3490952039114987E-002   5.2095680260578654E-002 -0.14603553932664862        3.9622913004332842E-009   5.3316323082752772     
   55.360824742335701        7.3400350498784905E-002   5.2072634388821627E-002 -0.14586679356397936        3.7624071083016218E-009   5.3320238092583230     
   55.463917525840976        7.3327752082077480E-002   5.2070605288864938E-002 -0.14572201367386770        3.6071229304976983E-009   5.3750373226623278     
   55.567010309346259        7.3272954408773933E-002   5.2058180205081281E-002 -0.14560384368888213        3.5007826890686589E-009   5.3968684835331473     
   55.670103092851541        7.3239189999581400E-002   5.2037230443646061E-002 -0.14551923753753121        3.4462782409608586E-009   5.3924293246122490     
   55.773195876356823        7.3221771512057388E-002   5.2016472881735311E-002 -0.14546635310851577        3.5624666678205721E-009   5.4040519405783627     
   55.876288659862098        7.3212685336466438E-002   5.1964176152755434E-002 -0.14543613827223090        3.8436358717634173E-009   5.4105529828973555     
   55.979381443367380        7.3217687177677376E-002   5.1865485885039829E-002 -0.14543359266742667        4.0461069829111786E-009   5.3751680028690858     
   56.082474226872662        7.3234380956028550E-002   5.1764666454343827E-002 -0.14544578299792726        4.2298031898613471E-009   5.3382516095774299     
   56.185567010377945        7.3248875033313579E-002   5.1705092743716201E-002 -0.14544847424892787        4.3595351780674108E-009   5.3419376773541476     
   56.288659793883227        7.3242017145969021E-002   5.1689206816087165E-002 -0.14542085013138167        4.5667537548443185E-009   5.3464542009802543     
   56.391752577388502        7.3205800863938117E-002   5.1678296559344271E-002 -0.14535459860092087        4.7465471608868638E-009   5.3636011608018350     
   56.494845360893784        7.3142800918423567E-002   5.1658569122937321E-002 -0.14525160445831867        4.6936299662720125E-009   5.3922302100556401     
   56.597938144399066        7.3061312163871586E-002   5.1616618335057984E-002 -0.14512329388403278        4.4252784367226107E-009   5.3854709764667055     
   56.701030927904348        7.2974153904585309E-002   5.1558104466681916E-002 -0.14499091116012791        4.1296943966953785E-009   5.3485660148940166     
   56.804123711409630        7.2893571629426251E-002   5.1492368583017797E-002 -0.14487235536746185        4.1023278489980613E-009   5.2884204246470530     
   56.907216494914906        7.2823394387585519E-002   5.1421087473495400E-002 -0.14476884699176415        4.3644700658471207E-009   5.2621920714922652     
   57.010309278420188        7.2758963091607648E-002   5.1380921443479700E-002 -0.14467469625543297        4.4959728704878301E-009   5.3144269468599044     
   57.113402061925470        7.2690324990661276E-002   5.1365937892282318E-002 -0.14458220900497040        4.6542655380027636E-009   5.3981239020544223     
   57.216494845430752        7.2616579482814483E-002   5.1322474315517001E-002 -0.14448818996032389        4.6774243306180456E-009   5.4361767509147647     
   57.319587628936027        7.2550226882536192E-002   5.1255089827833646E-002 -0.14440410956636063        4.6036625171605394E-009   5.4052833325010532     
   57.422680412441309        7.2490285909990432E-002   5.1198127876415617E-002 -0.14433011640873938        4.5666548333098680E-009   5.4173919359523621     
   57.525773195946591        7.2438383220816235E-002   5.1139369717421390E-002 -0.14427364496539380        4.7550703501486984E-009   5.4409519483565472     
   57.628865979451874        7.2401689282395459E-002   5.1058227944366714E-002 -0.14424894912996111        4.9369869870450139E-009   5.4321017804690035     
   57.731958762957156        7.2379301256760911E-002   5.0972140601479463E-002 -0.14425433882816804        5.1538432294624445E-009   5.3892315517336034     
   57.835051546462431        7.2364368125357889E-002   5.0884465554479896E-002 -0.14427636952916179        5.2543669150613101E-009   5.3433560879431790     
   57.938144329967713        7.2346190586192974E-002   5.0821007455817864E-002 -0.14429982140287642        5.0185089708272638E-009   5.3142743123311673     
   58.041237113472995        7.2322661607744837E-002   5.0783581860474797E-002 -0.14432245106533467        4.7983040055701899E-009   5.3230107841256409     
   58.144329896978277        7.2298139269955791E-002   5.0732329712710612E-002 -0.14434452870875303        4.7193804281803126E-009   5.3387218197935375     
   58.247422680483560        7.2280158249364360E-002   5.0660305793577949E-002 -0.14436799254903684        4.6661754124299238E-009   5.3407833833815301     
   58.350515463988835        7.2276887924633104E-002   5.0597601936903498E-002 -0.14440005531672417        4.6940844714327511E-009   5.3207410745322372     
   58.453608247494117        7.2281698329359920E-002   5.0552968830427363E-002 -0.14443089897266520        4.8913220814388445E-009   5.3087977685649745     
   58.556701030999399        7.2288202421015024E-002   5.0511739037820663E-002 -0.14445076949155977        5.0754666651217945E-009   5.3282091791442951     
   58.659793814504681        7.2299036594905317E-002   5.0473679455247306E-002 -0.14446962488317219        5.1508406810486451E-009   5.3291756355189248     
   58.762886598009956        7.2312395317504136E-002   5.0410581525554332E-002 -0.14449368103663124        5.4007706171524415E-009   5.2765219330853093     
   58.865979381515238        7.2332941336912954E-002   5.0334985420159316E-002 -0.14452834686524657        5.6009557914306967E-009   5.2506519382450723     
   58.969072165020521        7.2357006351879929E-002   5.0307799730791691E-002 -0.14456948038091308        5.6827943808992649E-009   5.2585479590542077     
   59.072164948525803        7.2366065786449441E-002   5.0331632237280086E-002 -0.14459900615364280        5.7484310246401128E-009   5.2839271441962534     
   59.175257732031085        7.2353743302977391E-002   5.0365819394595571E-002 -0.14461337789949813        5.7244621785763172E-009   5.2995901268928467     
   59.278350515536360        7.2327760356561674E-002   5.0373136208362528E-002 -0.14461826329135638        5.6001478790452144E-009   5.2973072611184557     
   59.381443299041642        7.2294402406711936E-002   5.0363925609901668E-002 -0.14461214573131131        5.3168215662026194E-009   5.3006550425820151     
   59.484536082546924        7.2263829249516645E-002   5.0350748503425108E-002 -0.14460201837219083        5.2253087766829230E-009   5.3091572419822031     
   59.587628866052206        7.2243321171239258E-002   5.0309621288122865E-002 -0.14459381439616589        5.2781481070169089E-009   5.3265906671957239     
   59.690721649557481        7.2237290267424786E-002   5.0269908339698174E-002 -0.14459783845641505        5.3084832476527589E-009   5.3313647604737584     
   59.793814433062764        7.2248900338740374E-002   5.0238152628936425E-002 -0.14462448287517232        5.5476038730161547E-009   5.3482258312792865     
   59.896907216568046        7.2272909284707088E-002   5.0203525861075696E-002 -0.14467302467085744        5.7008636934943722E-009   5.3637007884215393     
   60.000000000073328        7.2305158861491692E-002   5.0166465670979828E-002 -0.14474139294133698        5.7853271905359523E-009   5.3612903147892812     
   60.103092783578610        7.2354224464900446E-002   5.0121200082447893E-002 -0.14484026719434731        5.9109049564244705E-009   5.3372914827117466     
   60.206185567083885        7.2417879763385373E-002   5.0079654101145267E-002 -0.14496469088268171        6.1080226056441070E-009   5.3272861159716527     
   60.309278350589167        7.2480065388652717E-002   5.0051147967956303E-002 -0.14508922758600956        6.3301312730516054E-009   5.3407405927879816     
   60.412371134094450        7.2539199960162490E-002   5.0014114792303319E-002 -0.14520769559766344        6.5281087851921408E-009   5.3622703897178141     
   60.515463917599732        7.2604206216884626E-002   4.9963222387736927E-002 -0.14532378577220578        6.5923794246154025E-009   5.3510500781213004     
   60.618556701105014        7.2671535696052503E-002   4.9919123428155555E-002 -0.14543103564936763        6.5335510301685392E-009   5.3530401366155411     
   60.721649484610289        7.2731818048096336E-002   4.9881045756305954E-002 -0.14552436337269681        6.5192054627423084E-009   5.3531770088090314     
   60.824742268115571        7.2789519942326006E-002   4.9824539775835210E-002 -0.14561231884238102        6.6410819896138526E-009   5.3146380297857094     
   60.927835051620853        7.2849292600816268E-002   4.9758895135720675E-002 -0.14569507973594614        6.7338076261608665E-009   5.2855862918918692     
   61.030927835126136        7.2908216843367443E-002   4.9703499496389927E-002 -0.14576777849349451        6.8576812495912754E-009   5.2588966463604532     
   61.134020618631411        7.2966498602279717E-002   4.9644766838368250E-002 -0.14583506131852964        6.9090575078199820E-009   5.2572471874365032     
   61.237113402136693        7.3026729363984133E-002   4.9601105556466789E-002 -0.14589896438361508        6.8431049736203905E-009   5.2660033026589170     
   61.340206185641975        7.3087907712535316E-002   4.9547146150795127E-002 -0.14595910015521701        6.8866357820895045E-009   5.2846067881794587     
   61.443298969147257        7.3149735490490989E-002   4.9467905217155710E-002 -0.14601606590966476        6.8065170135548756E-009   5.2563449296167599     
   61.546391752652539        7.3210541046226846E-002   4.9384675369991429E-002 -0.14606366810749152        6.7099323488417744E-009   5.1986830803831676     
   61.649484536157814        7.3267334637561410E-002   4.9326686895937936E-002 -0.14609704402109952        6.5530770883995130E-009   5.1879842587643896     
   61.752577319663096        7.3319860790104205E-002   4.9305581755183722E-002 -0.14612321669220135        6.3759142342808977E-009   5.2196311123379786     
   61.855670103168379        7.3369082843670053E-002   4.9289130750313298E-002 -0.14614950191031409        6.2583793894223848E-009   5.2541337818488616     
   61.958762886673661        7.3414936497862460E-002   4.9257714691925969E-002 -0.14617686890323925        6.1570407394429353E-009   5.2615148013649913     
   62.061855670178936        7.3454681682088269E-002   4.9227186332226433E-002 -0.14620763764269978        5.9538359270025746E-009   5.2729434603634386     
   62.164948453684218        7.3489521191983306E-002   4.9195760868444446E-002 -0.14624763625451173        5.8827915374539732E-009   5.2599328761323818     
   62.268041237189500        7.3524502300610597E-002   4.9133758229354833E-002 -0.14631000851919054        5.9160627380873021E-009   5.2377844188447327     
   62.371134020694782        7.3561033796057981E-002   4.9063340234712489E-002 -0.14640013978912464        5.9367892283227083E-009   5.2043838879003168     
   62.474226804200065        7.3604333505668043E-002   4.8992329916250403E-002 -0.14651718386132950        5.9192009853330574E-009   5.1943920443231351     
   62.577319587705340        7.3650473420528439E-002   4.8938156284038879E-002 -0.14665070826138338        5.8905666854855896E-009   5.1732175255150636     
   62.680412371210622        7.3689658167198732E-002   4.8886303669844498E-002 -0.14678411863980051        5.9999709672165789E-009   5.1860282176952799     
   62.783505154715904        7.3720083881599743E-002   4.8843482256241896E-002 -0.14690588754287218        5.8759698062239752E-009   5.2076174736285576     
   62.886597938221186        7.3747825750742582E-002   4.8822620670490514E-002 -0.14702127703692813        5.7687938843850799E-009   5.1946865475789892     
   62.989690721726468        7.3770595284640514E-002   4.8814139773660524E-002 -0.14712883836796131        5.7898373343114298E-009   5.1913678336198466     
   63.092783505231743        7.3776554223381030E-002   4.8808026186228440E-002 -0.14721285826733277        5.8626126276631257E-009   5.2106294288169188     
   63.195876288737026        7.3768431619538638E-002   4.8791824447684519E-002 -0.14727358570242599        5.9464494597385679E-009   5.2094325337107987     
   63.298969072242308        7.3754510537107659E-002   4.8766909940702749E-002 -0.14731546768639669        6.0741712772425560E-009   5.2433433112712828     
   63.402061855747590        7.3743729841966033E-002   4.8716060056747494E-002 -0.14734921369599077        6.1790348698596542E-009   5.2129234914414448     
   63.505154639252865        7.3747184619870426E-002   4.8649013845273016E-002 -0.14739588634768355        6.3079435329040233E-009   5.1662863415541889     
   63.608247422758147        7.3759925802633311E-002   4.8608536499734865E-002 -0.14745194527753894        6.3559300224073376E-009   5.1937605684333619     
   63.711340206263429        7.3770105409278738E-002   4.8588688841661169E-002 -0.14749676815901702        6.3744110955347856E-009   5.2285916475135439     
   63.814432989768711        7.3775293313258258E-002   4.8582712974095124E-002 -0.14752742776675254        6.6126158052311905E-009   5.2272468367845129     
   63.917525773273994        7.3763952721023873E-002   4.8600351415060319E-002 -0.14753343025172311        6.7692368980898600E-009   5.3079626455341238     
   64.020618556779269        7.3725419909650716E-002   4.8589485969471560E-002 -0.14750217983075797        6.7976467616902539E-009   5.3093179882310899     
   64.123711340284558        7.3669611541532634E-002   4.8533827626754567E-002 -0.14744982789811917        6.7708808031098955E-009   5.2796714852022539     
   64.226804123789833        7.3610483674850458E-002   4.8470450534351998E-002 -0.14739505170937794        6.6914713018971394E-009   5.2428471783979083     
   64.329896907295108        7.3552046288405032E-002   4.8424899005703653E-002 -0.14734029948387264        6.8605889025117255E-009   5.2522242790031779     
