  0.12345679012338838        8.8903735182775459E-002   2.1403996475143870E-002 -0.11030773165791947     
  0.24691358024677676       0.17737153362797645        4.2722086480332613E-002 -0.22009362010830957     
  0.37037037037016513       0.26503145330639000        6.3873805095176456E-002 -0.32890525840158280     
  0.49382716049355352       0.35157172702160616        8.4781302332082670E-002 -0.43635302935368164     
  0.61728395061694186       0.43674435972287412       0.10536873303034808      -0.54211309275322372     
  0.74074074074033025       0.52036001662006115       0.12557183313916240      -0.64593184975924556     
  0.86419753086371864       0.60228752455528645       0.14533309175263037      -0.74762061630788934     
  0.98765432098710704       0.68244337273032807       0.16459333423987571      -0.84703670697016897     
   1.1111111111104954       0.76078563152438405       0.18330659171713773      -0.94409222324148934     
   1.2345679012338837       0.83729829218671437       0.20144523582750187       -1.0387435280141994     
   1.3580246913572722       0.91199110535393779       0.21898471377093792       -1.1309758191249071     
   1.4814814814806605       0.98489740402822401       0.23590056325491118       -1.2207979672830915     
   1.6049382716040490        1.0560561981308962       0.25218956468041026       -1.3082457628114057     
   1.7283950617274373        1.1255202461787805       0.26785441996111309       -1.3933746661399722     
   1.8518518518508258        1.1933473931649483       0.28289399668110149       -1.4762413898460574     
   1.9753086419742141        1.2595973757015759       0.29731652313496532       -1.5569138988366453     
   2.0987654320976024        1.3243358504294354       0.31113996177962361       -1.6354758122090685     
   2.2222222222209909        1.3876255205946804       0.32438582145508832       -1.7120113420496867     
   2.3456790123443794        1.4495258016900079       0.33707921820590847       -1.7866050198959611     
   2.4691358024677674        1.5100965541497831       0.34924774783085560       -1.8593443019805942     
   2.5925925925911559        1.5693923406962549       0.36091535140867187       -1.9303076921047924     
   2.7160493827145444        1.6274691945496547       0.37210733706620697       -1.9995765316158995     
   2.8395061728379329        1.6843849036105665       0.38285412255599827       -2.0672390261665723     
   2.9629629629613210        1.7401928808387235       0.39318229052757947       -2.1333751713662821     
   3.0864197530847095        1.7949405265355163       0.40313943003440400       -2.1980799565700462     
   3.2098765432080980        1.8486735254820610       0.41276122756358424       -2.2614347530457328     
   3.3333333333314861        1.9014393091467714       0.42207004952392463       -2.3235093586706901     
   3.4567901234548746        1.9532807687751843       0.43109510246613875       -2.3843758712413252     
   3.5802469135782631        2.0042448008003486       0.43984918245822502       -2.4440939832585928     
   3.7037037037016516        2.0543751047586043       0.44834984665813243       -2.5027249514166630     
   3.8271604938250396        2.1037157054373945       0.45662466266823892       -2.5603403681058028     
   3.9506172839484281        2.1522980089280863       0.46468610020050150       -2.6169841091284636     
   4.0740740740718167        2.2001575540698246       0.47254877247107641       -2.6727063265409221     
   4.1975308641952047        2.2473293614379766       0.48022689633433857       -2.7275562577723349     
   4.3209876543185937        2.2938461606544429       0.48773233427995272       -2.7815784949343763     
   4.4444444444419817        2.3397326425259153       0.49508693078070543       -2.8348195733065822     
   4.5679012345653698        2.3850160134924963       0.50230719327817264       -2.8873232067705357     
   4.6913580246887587        2.4297246684231917       0.50940470220768086       -2.9391293706307753     
   4.8148148148121468        2.4738846188568080       0.51638962561710111       -2.9902742444738832     
   4.9382716049355349        2.5175189552819424       0.52327867549376295       -3.0407976307757147     
   5.0617283950589238        2.5606481187731855       0.53009943930890357       -3.0907475580821502     
   5.1851851851823119        2.6032913954872514       0.53686678564704116       -3.1401581811341917     
   5.3086419753056999        2.6454687509547075       0.54358614130076111       -3.1890548922555402     
   5.4320987654290889        2.6872021948960705       0.55025356841812667       -3.2374557633141703     
   5.5555555555524769        2.7285103423896371       0.55686822253419588       -3.2853785649238172     
   5.6790123456758659        2.7694140527876301       0.56343222146286853       -3.3328462742507008     
   5.8024691357992539        2.8099324585456995       0.56995327100043347       -3.3798857295461429     
   5.9259259259226420        2.8500819772828625       0.57643870638139971       -3.4265206836644726     
   6.0493827160460309        2.8898810774062258       0.58289879643254194       -3.4727798738390772     
   6.1728395061694190        2.9293479968820932       0.58933019505150186       -3.5186781919333527     
   6.2962962962928071        2.9684927057665873       0.59574573636124051       -3.5642384421277225     
   6.4197530864161960        3.0073277774673306       0.60214729733756145       -3.6094750748047670     
   6.5432098765395841        3.0458653372540083       0.60853257595843613       -3.6543979132122688     
   6.6666666666629721        3.0841205690922489       0.61490838345613386       -3.6990289525482387     
   6.7901234567863611        3.1221050606150627       0.62127789760628738       -3.7433829582213027     
   6.9135802469097491        3.1598295885235252       0.62763783697535047       -3.7874674254989453     
   7.0370370370331372        3.1973025342139754       0.63399072321262995       -3.8312932574267911     
   7.1604938271565262        3.2345382717177782       0.64032378370298637       -3.8748620554208930     
   7.2839506172799142        3.2715451964649040       0.64664985933009622       -3.9181950557948344     
   7.4074074074033032        3.3083269804218078       0.65296853676704525       -3.9612955171887512     
   7.5308641975266912        3.3448910827278469       0.65927703587750486       -4.0041681186054525     
   7.6543209876500793        3.3812480851538882       0.66557015358653049       -4.0468182387404994     
   7.7777777777734682        3.4174089590567407       0.67184360976489688       -4.0892525688217392     
   7.9012345678968563        3.4533805077929474       0.67809753080384561       -4.1314780385969190     
   8.0246913580202452        3.4891756705360475       0.68431965886214841       -4.1734953293983690     
   8.1481481481436333        3.5248042487650282       0.69050619356369036       -4.2153104423289181     
   8.2716049382670214        3.5602752066105965       0.69666342170164042       -4.2569386283123887     
   8.3950617283904094        3.5955954019496854       0.70279007644879954       -4.2983854783984228     
   8.5185185185137975        3.6307713806254545       0.70888165068045550       -4.3396530313060051     
   8.6419753086371873        3.6658081597185164       0.71494299234722625       -4.3807511520655966     
   8.7654320987605754        3.7007167978869502       0.72097717338525591       -4.4216939712723740     
   8.8888888888839634        3.7355038441813160       0.72698709604922918       -4.4624909402305928     
   9.0123456790073515        3.7701745692959756       0.73297598570944045       -4.5031505550054369     
   9.1358024691307396        3.8047340676331669       0.73895238518858963       -4.5436864528217109     
   9.2592592592541276        3.8391896027248715       0.74491796051011439       -4.5841075632349844     
   9.3827160493775175        3.8735452900466449       0.75087499817893066       -4.6244202882258820     
   9.5061728395009055        3.9078041707793236       0.75682587042397020       -4.6646300412031945     
   9.6296296296242936        3.9419684740487795       0.76277321812631971       -4.7047416921750624     
   9.7530864197476816        3.9760355993577097       0.76872241160428967       -4.7447580109621459     
   9.8765432098710697        4.0100027319959137       0.77467749510918049       -4.7846802271049658     
   9.9999999999944595        4.0438679416116656       0.78065150138571249       -4.8245194429974507     
   10.123456790117848        4.0776339370685850       0.78664630538852554       -4.8642802424572338     
   10.246913580241236        4.1113030652535230       0.79266386898471619       -4.9039669342378405     
   10.370370370364624        4.1448771984418507       0.79870631002468373       -4.9435835084667596     
   10.493827160488012        4.1783576576273225       0.80477753150428655       -4.9831351891315512     
   10.617283950611400        4.2117507314088760       0.81087586310452964       -5.0226265945137198     
   10.740740740734790        4.2450616090342921       0.81699423483050282       -5.0620558438648704     
   10.864197530858178        4.2782914995747037       0.82313368796195163       -5.1014251875366137     
   10.987654320981566        4.3114399553008340       0.82930632881538813       -5.1407462841163545     
   11.111111111104954        4.3445062684305675       0.83551310359350650       -5.1800193720241738     
   11.234567901228342        4.3774892239117431       0.84175548946195733       -5.2192447133739472     
   11.358024691351732        4.4103921897598921       0.84801706503993024       -5.2584092547998553     
   11.481481481475120        4.4432167011479349       0.85428233135256160       -5.2974990325007134     
   11.604938271598508        4.4759615289691608       0.86055179437255125       -5.3365133233417898     
   11.728395061721896        4.5086300355127111       0.86682365428924202       -5.3754536898016960     
   11.851851851845284        4.5412248403928857       0.87310031830821810       -5.4143251587014065     
   11.975308641968672        4.5737516694253424       0.87937424523661833       -5.4531259146621762     
   12.098765432092062        4.6062161703613160       0.88563937645900503       -5.4918555468203847     
   12.222222222215450        4.6386149637360541       0.89189391159269227       -5.5305088753283886     
   12.345679012338838        4.6709514784572166       0.89813555082855112       -5.5690870292854369     
   12.469135802462226        4.7032317460857698       0.90435916964956020       -5.6075909157354831     
   12.592592592585614        4.7354623624399590       0.91056299851251132       -5.6460253609524687     
   12.716049382709004        4.7676465180388439       0.91674236871521952       -5.6843888867539638     
   12.839506172832392        4.7997860055081656       0.92289817364890891       -5.7226841791574126     
   12.962962962955780        4.8318854137399114       0.92903270654342796       -5.7609181202834270     
   13.086419753079168        4.8639483705184174       0.93515905660401599       -5.7991074271223813     
   13.209876543202556        4.8959818870694569       0.94127982001663490       -5.8372617070861699     
   13.333333333325944        4.9279881536833923       0.94739949694739067       -5.8753876506304570     
   13.456790123449334        4.9599676202354814       0.95352426043740457       -5.9134918806729271     
   13.580246913572722        4.9919187912738980       0.95965999347135456       -5.9515787847451884     
   13.703703703696110        5.0238417843075451       0.96580562508077272       -5.9896474093884429     
   13.827160493819498        5.0557338129684632       0.97196951734810599       -6.0277033303164869     
   13.950617283942886        5.0875938448779978       0.97815401621655074       -6.0657478610944748     
   14.074074074066274        5.1194220511276303       0.98435596093042854       -6.1037780120580081     
   14.197530864189664        5.1512192245699033       0.99056674925240318       -6.1417859738223699     
   14.320987654313052        5.1829813021764481       0.99678584483363586       -6.1797671470099411     
   14.444444444436440        5.2147056895851893        1.0030089185576496       -6.2177146081428498     
   14.567901234559828        5.2463943405454287        1.0092328721431509       -6.2556272126886636     
   14.691358024683216        5.2780470694362824        1.0154563293166159       -6.2935033987528461     
   14.814814814806606        5.3096640893136113        1.0216745074639748       -6.3313385967775231     
   14.938271604929994        5.3412438582905013        1.0278946042822574       -6.3691384625726348     
   15.061728395053382        5.3727899631951974        1.0341240262438149       -6.4069139894391114     
   15.185185185176771        5.4043046282695029        1.0403597814842405       -6.4446644097541794     
   15.308641975300159        5.4357893199076415        1.0465952395732823       -6.4823845594812948     
   15.432098765423547        5.4672437691883022        1.0528349135634458       -6.5200786827517527     
   15.555555555546936        5.4986692857093935        1.0590811786707288       -6.5577504643800451     
   15.679012345670325        5.5300675681057232        1.0653418282287097       -6.5954093963343965     
   15.802469135793713        5.5614384384112912        1.0716221324978943       -6.6330605709093939     
   15.925925925917101        5.5927845328642443        1.0779262267910088       -6.6707107596553668     
   16.049382716040490        5.6241053417533751        1.0842580009018097       -6.7083633426550788     
   16.172839506163879        5.6554025695809784        1.0906105444531193       -6.7460131140338273     
   16.296296296287267        5.6866777974363050        1.0969799838672003       -6.7836577813039831     
   16.419753086410655        5.7179285303630136        1.1033696643037636       -6.8212981946666043     
   16.543209876534043        5.7491510571575626        1.1097780888874762       -6.8589291460446686     
   16.666666666657431        5.7803454994716414        1.1161970294801715       -6.8965425289514961     
   16.790123456780819        5.8115137680772762        1.1226268256977558       -6.9341405937745169     
   16.913580246904207        5.8426574122095225        1.1290674696770941       -6.9717248818867645     
   17.037037037027595        5.8737772956510543        1.1355162273752870       -7.0092935230264262     
   17.160493827150983        5.9048742894810626        1.1419724579864414       -7.0468467474677610     
   17.283950617274375        5.9359481488788735        1.1484412946226832       -7.0843894435011601     
   17.407407407397763        5.9669990835939339        1.1549248265039251       -7.1219239100982614     
   17.530864197521151        5.9980309814073127        1.1614172978258968       -7.1594482792333238     
   17.654320987644539        6.0290451608158229        1.1679198678425560       -7.1969650286583526     
   17.777777777767927        6.0600426458409968        1.1744392558385184       -7.2344819016796480     
   17.901234567891315        6.0910256909605041        1.1809702688596770       -7.2719959598198844     
   18.024691358014703        6.1219947693226295        1.1875067700345887       -7.3095015393569955     
   18.148148148138091        6.1529522221097510        1.1940457379827867       -7.3469979600928061     
   18.271604938261479        6.1838967633964721        1.2005865726224050       -7.3844833360191870     
   18.395061728384867        6.2148257957890207        1.2071318584514650       -7.4219576542401899     
   18.518518518508255        6.2457363749393222        1.2136811888879719       -7.4594175638273112     
   18.641975308631647        6.2766304978740806        1.2202275566742333       -7.4968580545478050     
   18.765432098755035        6.3075097810850913        1.2267681603738878       -7.5342779414588392     
   18.888888888878423        6.3383760038489605        1.2333030992443281       -7.5716791030933859     
   19.012345679001811        6.3692318158513039        1.2398378371596590       -7.6090696530110860     
   19.135802469125199        6.4000785668077453        1.2463792305417123       -7.6464577973491963     
   19.259259259248587        6.4309192072786505        1.2529263267957156       -7.6838455340745400     
   19.382716049371975        6.4617555213281044        1.2594747672037505       -7.7212302885318937     
   19.506172839495363        6.4925880552107902        1.2660229607345117       -7.7586110159453403     
   19.629629629618751        6.5234187997780690        1.2725692544068805       -7.7959880541848685     
   19.753086419742139        6.5542468684447073        1.2791066387784273       -7.8333535072231895     
   19.876543209865527        6.5850730453622672        1.2856362603536740       -7.8707093057157591     
   19.999999999988919        6.6158981248858799        1.2921699853949593       -7.9080681102811932     
   20.123456790112307        6.6467200214442128        1.2987162146487470       -7.9454362360929469     
   20.246913580235695        6.6775395932132211        1.3052767801840679       -7.9828163733970019     
   20.370370370359083        6.7083591053505076        1.3118525949772315       -8.0202117003278239     
   20.493827160482471        6.7391776526944067        1.3184427002688204       -8.0576203529630313     
   20.617283950605859        6.7699928101448448        1.3250478811510835       -8.0950406912956989     
   20.740740740729247        6.8008053380040945        1.3316634381725281       -8.1324687761770544     
   20.864197530852636        6.8316182309833513        1.3382882129683009       -8.1699064439523141     
   20.987654320976024        6.8624313280098770        1.3449172843841075       -8.2073486123939645     
   21.111111111099412        6.8932436640109787        1.3515544222992191       -8.2447980863106558     
   21.234567901222800        6.9240587284842903        1.3582028768624566       -8.2822616053469797     
   21.358024691346191        6.9548804709775887        1.3648674498033342       -8.3197479207807259     
   21.481481481469579        6.9857069023528195        1.3715558726979007       -8.3572627750510424     
   21.604938271592967        7.0165375064461610        1.3782669354109176       -8.3948044418567420     
   21.728395061716355        7.0473729817272801        1.3850012846422857       -8.4323742663695800     
   21.851851851839744        7.0782126368743841        1.3917621770674493       -8.4699748139414943     
   21.975308641963132        7.1090550530007173        1.3985480051403016       -8.5076030581407611     
   22.098765432086520        7.1398976500795950        1.4053541905658402       -8.5452518406452072     
   22.222222222209908        7.1707363022958264        1.4121801788810247       -8.5829164811768184     
   22.345679012333296        7.2015715295808764        1.4190176309686384       -8.6205891605497964     
   22.469135802456684        7.2324006322558381        1.4258569668142453       -8.6582575990704580     
   22.592592592580072        7.2632205878360443        1.4326920925837829       -8.6959126804196920     
   22.716049382703464        7.2940327488144057        1.4395213079659579       -8.7335540567803598     
   22.839506172826852        7.3248366261050792        1.4463460362650562       -8.7711826623698830     
   22.962962962950240        7.3556330436595001        1.4531671746287493       -8.8088002182880043     
   23.086419753073628        7.3864258885864746        1.4599890526906678       -8.8464149412774891     
   23.209876543197016        7.4172172111730577        1.4668132278793555       -8.8840304390527116     
   23.333333333320404        7.4480065463258569        1.4736406511099667       -8.9216471974359042     
   23.456790123443792        7.4787962163027490        1.4804729591474648       -8.9592691754504443     
   23.580246913567180        7.5095931805028835        1.4873054177752785       -8.9968985982784364     
   23.703703703690568        7.5404023857297222        1.4941334037276823       -9.0345357894572942     
   23.827160493813956        7.5712236167258649        1.5009634404175365       -9.0721870571428536     
   23.950617283937344        7.6020570233399090        1.5077959834085515       -9.1098530067490202     
   24.074074074060736        7.6329002676077504        1.5146330653931137       -9.1475333330011619     
   24.197530864184124        7.6637501858354158        1.5214774031740936       -9.1852275890095925     
   24.320987654307512        7.6946082679772454        1.5283333419797067       -9.2229416099565853     
   24.444444444430900        7.7254778468869700        1.5352040990636207       -9.2606819459509317     
   24.567901234554288        7.7563581628716420        1.5420899663243834       -9.2984481291964016     
   24.691358024677676        7.7872477854804245        1.5489962153201193       -9.3362440008002583     
   24.814814814801064        7.8181508950062355        1.5559229914803396       -9.3740738864871336     
   24.938271604924452        7.8490708303994206        1.5628661583826662       -9.4119369887818713     
   25.061728395047840        7.8800092195554514        1.5698156387359186       -9.4498248582916649     
   25.185185185171228        7.9109673853606894        1.5767716505543476       -9.4877390359151637     
   25.308641975294616        7.9419440004793334        1.5837392221428221       -9.5256832226224137     
   25.432098765418008        7.9729338820180882        1.5907213374357780       -9.5636552194533220     
   25.555555555541396        8.0039366621952368        1.5977166147578297       -9.6016532769528506     
   25.679012345664784        8.0349537720155784        1.6047257101228718       -9.6396794821380691     
   25.802469135788172        8.0659835195972303        1.6117425818060922       -9.6777261014028113     
   25.925925925911560        8.0970262262175563        1.6187610924473363       -9.7157873186647645     
   26.049382716034948        8.1280831729585810        1.6257779975255093       -9.7538611704840896     
   26.172839506158336        8.1591545326782970        1.6327941977103821       -9.7919487303884800     
   26.296296296281724        8.1902423979932184        1.6398071922235264       -9.8300495902163725     
   26.419753086405112        8.2213469644007908        1.6468142534333610       -9.8681612178334035     
   26.543209876528501        8.2524665439904776        1.6538177707727184       -9.9062843147633970     
   26.666666666651889        8.2836023083628003        1.6608260150708112       -9.9444283234333977     
   26.790123456775277        8.3147579141474761        1.6678507926901207       -9.9826087068374960     
   26.913580246898668        8.3459309506192483        1.6749016837460176       -10.020832634364853     
   27.037037037022056        8.3771188869535234        1.6819844557035832       -10.059103342657387     
   27.160493827145444        8.4083215275519656        1.6890943435304064       -10.097415871082715     
   27.283950617268832        8.4395391305057981        1.6962268022286100       -10.135765932734660     
   27.407407407392220        8.4707721228553243        1.7033768175234894       -10.174148940378711     
   27.530864197515609        8.5020196842324349        1.7105373898626728       -10.212557074094795     
   27.654320987638997        8.5332827457285774        1.7177021403150030       -10.250984886043934     
   27.777777777762385        8.5645619917063112        1.7248717179944841       -10.289433709700555     
   27.901234567885773        8.5958568145859413        1.7320513915095828       -10.327908206094676     
   28.024691358009161        8.6271683808687989        1.7392442987291636       -10.366412679597836     
   28.148148148132549        8.6584989281249953        1.7464489735497160       -10.404947901674692     
   28.271604938255940        8.6898481973320756        1.7536564314355707       -10.443504628767803     
   28.395061728379329        8.7212161155321333        1.7608572933353706       -10.482073408867842     
   28.518518518502717        8.7526018876938689        1.7680480533267433       -10.520649941020524     
   28.641975308626105        8.7840021343956565        1.7752249343328472       -10.559227068728180     
   28.765432098749493        8.8154128495670037        1.7823855550350531       -10.597798404602033     
   28.888888888872881        8.8468291450936576        1.7895315456492165       -10.636360690742659     
   29.012345678996269        8.8782467678113726        1.7966611829666606       -10.674907950778300     
   29.135802469119657        8.9096630897018212        1.8037755784273275       -10.713438668128591     
   29.259259259243045        8.9410766259842269        1.8108792681057122       -10.751955894089804     
   29.382716049366433        8.9724888502206230        1.8179721448161532       -10.790460995036790     
   29.506172839489821        9.0039014676685394        1.8250523794552655       -10.828953847123616     
   29.629629629613213        9.0353155192660406        1.8321192993037467       -10.867434818569418     
   29.753086419736601        9.0667305218091059        1.8391791676846976       -10.905909689493784     
   29.876543209859989        9.0981450994276312        1.8462323360813753       -10.944377435508370     
   29.999999999983377        9.1295611540534480        1.8532782782099979       -10.982839432263916     
   30.123456790106765        9.1609818907887099        1.8603253453822932       -11.021307236171053     
   30.246913580230153        9.1924081618430868        1.8673783147247656       -11.059786476568318     
   30.370370370353541        9.2238405631782072        1.8744373135463261       -11.098277876724806     
   30.493827160476929        9.2552779247801027        1.8815025967471941       -11.136780521527379     
   30.617283950600317        9.2867159897296823        1.8885772051763239       -11.175293194905175     
   30.740740740723705        9.3181536883888398        1.8956531569312995       -11.213806845319812     
   30.864197530847093        9.3495885188983543        1.9027320507286563       -11.252320569627665     
   30.987654320970485        9.3810214842286310        1.9098103043591013       -11.290831788588063     
   31.111111111093873        9.4124555838310080        1.9168867944838381       -11.329342378314971     
   31.234567901217261        9.4438933646891972        1.9239605045143719       -11.367853869203584     
   31.358024691340649        9.4753371243369919        1.9310317497299210       -11.406368874066981     
   31.481481481464037        9.5067917560419772        1.9381005612225635       -11.444892317264413     
   31.604938271587425        9.5382627452549418        1.9451694621525533       -11.483432207407555     
   31.728395061710813        9.5697523982561901        1.9522384482829032       -11.521990846539031     
   31.851851851834201        9.6012606626649273        1.9593053029441934       -11.560565965609344     
   31.975308641957589        9.6327845252235704        1.9663710176062335       -11.599155542829926     
   32.098765432080981        9.6643212313014626        1.9734363910354564       -11.637757622336661     
   32.222222222204365        9.6958695120406855        1.9805072590387141       -11.676376771078859     
   32.345679012327757        9.7274268391361733        1.9875867454159104       -11.715013584552869     
   32.469135802451142        9.7589931758683655        1.9946811864468723       -11.753674362315222     
   32.592592592574533        9.7905688863733289        2.0017956475331951       -11.792364533907058     
   32.716049382697918        9.8221516655783425        2.0089397983533459       -11.831091463931307     
   32.839506172821309        9.8537412637729904        2.0161185477647283       -11.869859811537747     
   32.962962962944694        9.8853376301032103        2.0233341630410595       -11.908671793144357     
   33.086419753068085        9.9169419536816168        2.0305813312679999       -11.947523284950075     
   33.209876543191477        9.9485565498608981        2.0378508050489943       -11.986407354910046     
   33.333333333314862        9.9801845463402454        2.0451384150218597       -12.025322961362079     
   33.456790123438253        10.011828579990031        2.0524385171251698       -12.064267097116391     
   33.580246913561638        10.043489435680398        2.0597452180156877       -12.103234653695818     
   33.703703703685029        10.075169473436267        2.0670598244546228       -12.142229297890642     
   33.827160493808414        10.106874054049031        2.0743853586651677       -12.181259412713933     
   33.950617283931805        10.138605570776699        2.0817204308803188       -12.220326001657362     
   34.074074074055190        10.170367421736078        2.0890739049233784       -12.259441326659156     
   34.197530864178582        10.202163522587163        2.0964368474075461       -12.298600369994848     
   34.320987654301966        10.233997283889492        2.1038140409813018       -12.337811324870469     
   34.444444444425358        10.265871692927968        2.1112070608288018       -12.377078753757051     
   34.567901234548749        10.297787293008046        2.1186175161691985       -12.416404809177475     
   34.691358024672134        10.329741718833201        2.1260465660306096       -12.455788284864093     
   34.814814814795525        10.361732167792519        2.1334932364004442       -12.495225404192293     
   34.938271604918910        10.393757008032384                      -Infinity                  Infinity
   35.061728395042302        10.425816279582484        2.1484046574039950       -12.574220936986244     
   35.185185185165686        10.457906073637439        2.1558639595797819       -12.613770033217383     
   35.308641975289078        10.490022569593497                            NaN                       NaN
   35.432098765412462        10.522163811726347                      -Infinity                  Infinity
   35.555555555535854        10.554328903003784                      -Infinity                  Infinity
   35.679012345659238        10.586519014897009                            NaN                       NaN
   35.802469135782630        10.618732364757314        2.1930999155426560       -12.811832280299452     
   35.925925925906022        10.650968176142303        2.2005387711528210       -12.851506947295057     
   36.049382716029406        10.683222883187209                      -Infinity                  Infinity
   36.172839506152798        10.715493346452091                            NaN                       NaN
   36.296296296276182        10.747778000976936                      -Infinity                  Infinity
   36.419753086399574        10.780072763761819        2.2302933110828760       -13.010366074844374     
   36.543209876522958        10.812373655679430                      -Infinity                  Infinity
   36.666666666646350        10.844678093857350                            NaN                       NaN
   36.790123456769734        10.876982598306164                      -Infinity                  Infinity
   36.913580246893126        10.909284227956725                      -Infinity                  Infinity
   37.037037037016511        10.941582970932645        2.2673146974730729       -13.208897668406308     
   37.160493827139902        10.973878386547227        2.2746555052782385       -13.248533891825687     
   37.283950617263294        11.006170635595920                      -Infinity                  Infinity
   37.407407407386678        11.038454356417752                      -Infinity                  Infinity
   37.530864197510070        11.070728920812110                      -Infinity                  Infinity
   37.654320987633454        11.102997761042374        2.3039433111420546       -13.406941072184742     
   37.777777777756846        11.135265189055572        2.3112722534361287       -13.446537442492144     
   37.901234567880230        11.167531833450179        2.3186103355592929       -13.486142169009620     
   38.024691358003622        11.199797797925406                      -Infinity                  Infinity
   38.148148148127007        11.232063777508007        2.3333070455306655       -13.565370823038201     
   38.271604938250398        11.264329482669529        2.3406816219123958       -13.605011104582278     
   38.395061728373783        11.296592635852425                      -Infinity                  Infinity
   38.518518518497174        11.328852220569850                      -Infinity                  Infinity
   38.641975308620566        11.361110506713747        2.3628903253149853       -13.724000832029203     
   38.765432098743950        11.393371539990328        2.3703377236182179       -13.763709263608103     
   38.888888888867342        11.425638052093898        2.3777960959323212       -13.803434148026678     
   39.012345678990727        11.457915419274297        2.3852727241660161       -13.843188143439356     
   39.135802469114118        11.490207047108314                      -Infinity                  Infinity
   39.259259259237503        11.522514494792366        2.4002874964832808       -13.922801991275426     
   39.382716049360894        11.554837574773854                      -Infinity                  Infinity
   39.506172839484279        11.587180373133426        2.4153958914471683       -14.002576264580336     
   39.629629629607670        11.619547940408417        2.4229816416063881       -14.042529582014991     
   39.753086419731055        11.651944213561803                      -Infinity                  Infinity
   39.876543209854447        11.684372730456763                            NaN                       NaN
   39.999999999977838        11.716833529779690                      -Infinity                  Infinity
   40.123456790101223        11.749325651120845        2.4532539061379190       -14.202579557259378     
   40.246913580224614        11.781845518242324        2.4608069220161504       -14.242652440259020     
   40.370370370347999        11.814386784703075        2.4683742997114697       -14.282761084413639     
   40.493827160471390        11.846946500174374        2.4759605831539409       -14.322907083328021     
   40.617283950594775        11.879524433286997        2.4835657637832784       -14.363090197069926     
   40.740740740718167        11.912118118660016        2.4911890116846651       -14.403307130343645     
   40.864197530841551        11.944728008647663        2.4988292331815543       -14.443557241828625     
   40.987654320964943        11.977354728693001        2.5064748526654643       -14.483829581359146     
   41.111111111088327        12.009999849581474        2.5141215091741920       -14.524121358754734     
   41.234567901211719        12.042664004972291                      -Infinity                  Infinity
   41.358024691335110        12.075349259894269        2.5293880907070494       -14.604737350601402     
   41.481481481458495        12.108058451127398        2.5370174238185084       -14.645075874945496     
   41.604938271581887        12.140791192430461        2.5446408598409249       -14.685432052271821     
   41.728395061705271        12.173544274771373        2.5522661427926416       -14.725810417564873     
   41.851851851828663        12.206316663085893        2.5598793091929508       -14.766195972278489     
   41.975308641952047        12.239107246501872        2.5674938393072568       -14.806601085809147     
   42.098765432075439        12.271913594278058                      -Infinity                  Infinity
   42.222222222198823        12.304733728736350        2.5827555375840872       -14.887489266320930     
   42.345679012322215        12.337567037578923                      -Infinity                  Infinity
   42.469135802445599        12.370411796505204        2.5980860574164617       -14.968497853921370     
   42.592592592568991        12.403269341245544        2.6057963329159133       -15.009065674160261     
   42.716049382692383        12.436139498015484        2.6135401919589625       -15.049679689975134     
   42.839506172815767        12.469021015166129        2.6212959410537953       -15.090316956220061     
   42.962962962939159        12.501914918954654                            NaN                       NaN
   43.086419753062543        12.534824048077940                            NaN                       NaN
   43.209876543185935        12.567750996714349                      -Infinity                  Infinity
   43.333333333309319        12.600694617547189                            NaN                       NaN
   43.456790123432711        12.633655218563092                            NaN                       NaN
   43.580246913556095        12.666632982550087                            NaN                       NaN
   43.703703703679487        12.699623857476238                      -Infinity                  Infinity
   43.827160493802872        12.732624677577443                      -Infinity                  Infinity
   43.950617283926263        12.765635210946932        2.6906267492589877       -15.456261960206479     
   44.074074074049655        12.798657781755001                      -Infinity                  Infinity
   44.197530864173039        12.831692521943966                      -Infinity                  Infinity
   44.320987654296431        12.864738201234054                      -Infinity                  Infinity
   44.444444444419815        12.897791282987422                      -Infinity                  Infinity
   44.567901234543207        12.930852075670213                      -Infinity                  Infinity
   44.691358024666592        12.963921253199540                      -Infinity                  Infinity
   44.814814814789983        12.997000392288994                      -Infinity                  Infinity
   44.938271604913368        13.030088631451305                      -Infinity                  Infinity
   45.061728395036759        13.063187384133935        2.7606292815032338       -15.823816665636645     
   45.185185185160144        13.096299568035557                      -Infinity                  Infinity
   45.308641975283535        13.129425522445414                      -Infinity                  Infinity
   45.432098765406927        13.162566829882840        2.7839922583457422       -15.946559088228685     
   45.555555555530312        13.195728113559049                      -Infinity                  Infinity
   45.679012345653703        13.228911375701880        2.7994737750594263       -16.028385150760862     
   45.802469135777088        13.262111732712450                      -Infinity                  Infinity
   45.925925925900479        13.295320656046574                            NaN                       NaN
   46.049382716023864        13.328535822278463                            NaN                       NaN
   46.172839506147255        13.361758270974805                      -Infinity                  Infinity
   46.296296296270640        13.394986852256581                            NaN                       NaN
   46.419753086394032        13.428219091086376                            NaN                       NaN
   46.543209876517416        13.461455430794286                      -Infinity                  Infinity
   46.666666666640808        13.494696562613022                      -Infinity                  Infinity
   46.790123456764199        13.527940388285655                            NaN                       NaN
   46.913580246887584        13.561186843275991                            NaN                       NaN
   47.037037037010975        13.594437059189078                      -Infinity                  Infinity
   47.160493827134360        13.627692620007055                      -Infinity                  Infinity
   47.283950617257752        13.660952578743846                      -Infinity                  Infinity
   47.407407407381136        13.694216099259380                            NaN                       NaN
   47.530864197504528        13.727482241891467                      -Infinity                  Infinity
   47.654320987627912        13.760750006380922                      -Infinity                  Infinity
   47.777777777751304        13.794018701043120                      -Infinity                  Infinity
   47.901234567874688        13.827287845864010                            NaN                       NaN
   48.024691357998080        13.860559097839786                            NaN                       NaN
   48.148148148121471        13.893833243878907                            NaN                       NaN
   48.271604938244856        13.927113059984420                      -Infinity                  Infinity
   48.395061728368248        13.960399704447376                            NaN                       NaN
   48.518518518491632        13.993693239356976                      -Infinity                  Infinity
   48.641975308615024        14.026994057909421                            NaN                       NaN
   48.765432098738408        14.060306321770661                      -Infinity                  Infinity
   48.888888888861800        14.093627755142981                      -Infinity                  Infinity
   49.012345678985184        14.126956769841334                      -Infinity                  Infinity
   49.135802469108576        14.160293452913219                      -Infinity                  Infinity
   49.259259259231960        14.193639272154856                      -Infinity                  Infinity
   49.382716049355352        14.226995563823937                            NaN                       NaN
   49.506172839478744        14.260361392661091                      -Infinity                  Infinity
   49.629629629602128        14.293738775353745                      -Infinity                  Infinity
   49.753086419725520        14.327127096332603                      -Infinity                  Infinity
   49.876543209848904        14.360526019159323                      -Infinity                  Infinity
   49.999999999972296        14.393937068578213                            NaN                       NaN
   50.123456790095680        14.427360133147255                      -Infinity                  Infinity
   50.246913580219072        14.460793295097600                            NaN                       NaN
   50.370370370342457        14.494235898694729                            NaN                       NaN
   50.493827160465848        14.527687135796167                            NaN                       NaN
   50.617283950589233        14.561146870739057                            NaN                       NaN
   50.740740740712624        14.594611036175628                            NaN                       NaN
   50.864197530836016        14.628075887852910                            NaN                       NaN
   50.987654320959400        14.661537230608298                            NaN                       NaN
   51.111111111082792        14.694990318474213                            NaN                       NaN
   51.234567901206177        14.728431822692590                            NaN                       NaN
   51.358024691329568        14.761862507853195                            NaN                       NaN
   51.481481481452953        14.795282236584159                      -Infinity                  Infinity
   51.604938271576344        14.828690230820250                            NaN                       NaN
   51.728395061699729        14.862084585924421                            NaN                       NaN
   51.851851851823120        14.895462796010698                            NaN                       NaN
   51.975308641946505        14.928824009633500                            NaN                       NaN
   52.098765432069897        14.962166790305679                            NaN                       NaN
   52.222222222193288        14.995490209887162                            NaN                       NaN
   52.345679012316673        15.028793709163713                            NaN                       NaN
   52.469135802440064        15.062076119185523                            NaN                       NaN
   52.592592592563449        15.095337067956910                      -Infinity                  Infinity
   52.716049382686840        15.128579873747119                            NaN                       NaN
   52.839506172810225        15.161808950339356                            NaN                       NaN
   52.962962962933616        15.195027458093799                            NaN                       NaN
   53.086419753057001        15.228234966557784                            NaN                       NaN
   53.209876543180393        15.261429343190645                            NaN                       NaN
   53.333333333303777        15.294608801760683                      -Infinity                  Infinity
   53.456790123427169        15.327775135890422                            NaN                       NaN
   53.580246913550553        15.360931061159997                            NaN                       NaN
   53.703703703673945        15.394077775203906                            NaN                       NaN
   53.827160493797336        15.427214627450383                            NaN                       NaN
   53.950617283920721        15.460339285352715                            NaN                       NaN
   54.074074074044113        15.493449791444542                            NaN                       NaN
   54.197530864167497        15.526544975309029                            NaN                       NaN
   54.320987654290889        15.559625926987513                            NaN                       NaN
   54.444444444414273        15.592696167632882                            NaN                       NaN
   54.567901234537665        15.625753757593104                            NaN                       NaN
   54.691358024661049        15.658795814819573                            NaN                       NaN
   54.814814814784441        15.691821903793393                            NaN                       NaN
   54.938271604907825        15.724833140967998                            NaN                       NaN
   55.061728395031217        15.757828133476121                            NaN                       NaN
   55.185185185154609        15.790805154285566                            NaN                       NaN
   55.308641975277993        15.823763397220031                            NaN                       NaN
   55.432098765401385        15.856699431803097                            NaN                       NaN
   55.555555555524769        15.889611486114909                            NaN                       NaN
   55.679012345648161        15.922498475668981                            NaN                       NaN
   55.802469135771545        15.955359997839528                            NaN                       NaN
   55.925925925894937        15.988195805104105                            NaN                       NaN
   56.049382716018322        16.021006286588445                            NaN                       NaN
   56.172839506141713        16.053793115412496                            NaN                       NaN
   56.296296296265098        16.086554400200754                            NaN                       NaN
   56.419753086388489        16.119289716491007                            NaN                       NaN
   56.543209876511881        16.152001694059006                            NaN                       NaN
   56.666666666635265        16.184689361166594                            NaN                       NaN
   56.790123456758657        16.217353731742872                            NaN                       NaN
   56.913580246882042        16.249991979183999                            NaN                       NaN
   57.037037037005433        16.282603216079607                            NaN                       NaN
   57.160493827128818        16.315188365511787                            NaN                       NaN
   57.283950617252209        16.347749381368626                            NaN                       NaN
   57.407407407375594        16.380291760298128                            NaN                       NaN
   57.530864197498985        16.412819372249146                            NaN                       NaN
   57.654320987622370        16.445337614155118                            NaN                       NaN
   57.777777777745762        16.477848623115687                            NaN                       NaN
   57.901234567869153        16.510352554068064                            NaN                       NaN
   58.024691357992538        16.542848447598026                            NaN                       NaN
   58.148148148115929        16.575334584749420                            NaN                       NaN
   58.271604938239314        16.607810764547473                            NaN                       NaN
   58.395061728362705        16.640277046429013                            NaN                       NaN
   58.518518518486090        16.672733364773549                            NaN                       NaN
   58.641975308609481        16.705180791665480                            NaN                       NaN
   58.765432098732866        16.737618814684005                            NaN                       NaN
   58.888888888856258        16.770045380171737                            NaN                       NaN
   59.012345678979642        16.802462936187041                            NaN                       NaN
   59.135802469103034        16.834869929979313                            NaN                       NaN
   59.259259259226425        16.867261922406662                            NaN                       NaN
   59.382716049349810        16.899640378406886                            NaN                       NaN
   59.506172839473201        16.932005589728949                            NaN                       NaN
   59.629629629596586        16.964355287987107                            NaN                       NaN
   59.753086419719978        16.996687427896564                            NaN                       NaN
   59.876543209843362        17.028998146898033                            NaN                       NaN
   59.999999999966754        17.061284861500461                            NaN                       NaN
   60.123456790090138        17.093544378726779                            NaN                       NaN
   60.246913580213530        17.125776100596006                            NaN                       NaN
   60.370370370336914        17.157979926418555                            NaN                       NaN
   60.493827160460306        17.190158343373337                            NaN                       NaN
   60.617283950583698        17.222313897890395                            NaN                       NaN
   60.740740740707082        17.254447185984038                            NaN                       NaN
   60.864197530830474        17.286558341308677                            NaN                       NaN
   60.987654320953858        17.318648633287545                            NaN                       NaN
   61.111111111077250        17.350718453666609                            NaN                       NaN
   61.234567901200634        17.382769581278200                            NaN                       NaN
   61.358024691324026        17.414805601358502                            NaN                       NaN
   61.481481481447410        17.446825248801662                            NaN                       NaN
   61.604938271570802        17.478827683331840                            NaN                       NaN
   61.728395061694187        17.510812790336917                            NaN                       NaN
