           0           0           0           0
  0.12345679012338838        1.0487419846099173E-002   5.6611053731655266E-002  -9.9467697919132514E-003  -1.7142620041449350E-008   4.8448890738654642     
  0.24691358024677676        3.0600550084809872E-002   5.4407755987978368E-002  -2.8787290302004949E-002  -1.3382658661689312E-008   4.7454077787615239     
  0.37037037037016513        4.9290049541981469E-002   5.2699090026163860E-002  -4.5444987650151973E-002  -9.5247627612715689E-009   4.7077310097937817     
  0.49382716049355352        6.6158220199873524E-002   5.1241476031709199E-002  -5.9691554863427421E-002  -6.1441608001247532E-009   4.6727759128980919     
  0.61728395061694186        8.1017705536054890E-002   4.9813266553943782E-002  -7.1540322035648030E-002  -3.7026112821586331E-009   4.6134597230936309     
  0.74074074074033025        9.3858402456764967E-002   4.8341289813928150E-002  -8.1156660029228417E-002  -2.1757365597158326E-009   4.5361185311763998     
  0.86419753086371864       0.10478517739699096        4.6837268694590567E-002  -8.8808364850015489E-002  -1.3462001093325590E-009   4.4423754532137707     
  0.98765432098710704       0.11395708725020845        4.5355454148057556E-002  -9.4788913224407079E-002  -1.1361267357472889E-009   4.3774993242393005     
   1.1111111111104954       0.12156317604812276        4.3941349212974171E-002  -9.9387320440368576E-002  -1.2580996437746506E-009   4.3285948479529184     
   1.2345679012338837       0.12778531235706053        4.2613877426982374E-002 -0.10286120723669956       -1.8110066740186440E-009   4.3402584159709985     
   1.3580246913572722       0.13280957500646454        4.1382165088301226E-002 -0.10542194698226601       -2.7289337544951248E-009   4.3732093480918310     
   1.4814814814806605       0.13681980686562759        4.0235242973711886E-002 -0.10725383216873163       -3.7402136350840196E-009   4.3978098899584710     
   1.6049382716040490       0.13997609318669652        3.9172809502919369E-002 -0.10852900836620483       -4.6898145144646242E-009   4.4113818260862034     
   1.7283950617274373       0.14240935738049645        3.8206936061715983E-002 -0.10936629865272887       -5.6226712434137212E-009   4.4203862586431981     
   1.8518518518508258       0.14423230822956520        3.7357514943967211E-002 -0.10985764056794795       -6.6319807369553170E-009   4.4549849140210265     
   1.9753086419742141       0.14553800249080134        3.6630710690167378E-002 -0.11007787839012925       -7.8108282360092064E-009   4.5313257973316432     
   2.0987654320976024       0.14640923824629976        3.6001251492004289E-002 -0.11009030301660941       -9.2642527678741287E-009   4.6283377058556798     
   2.2222222222209909       0.14692608324313375        3.5433432802245299E-002 -0.10995954784225884       -1.0494008533838080E-008   4.6733035640993439     
   2.3456790123443794       0.14715206511111251        3.4919521498067436E-002 -0.10971732039443274       -1.1782214252762830E-008   4.7400204708974902     
   2.4691358024677674       0.14713626966395216        3.4457000373148708E-002 -0.10938514504380731       -1.2790244846473119E-008   4.7492720479864650     
   2.5925925925911559       0.14692257933880329        3.4036532349532016E-002 -0.10898228753129868       -1.3777414125767313E-008   4.7513303862181173     
   2.7160493827145444       0.14653588887775137        3.3669067079702179E-002 -0.10850998770887477       -1.4935000279252040E-008   4.7993660050830655     
   2.8395061728379329       0.14601534289556503        3.3332221356737364E-002 -0.10799506389489114       -1.6048292462375652E-008   4.8131657910791326     
   2.9629629629613210       0.14539668386448845        3.3026259687746091E-002 -0.10745619489552596       -1.7085556726390272E-008   4.8278608836024963     
   3.0864197530847095       0.14469754556345948        3.2758363089075988E-002 -0.10689353501037391       -1.8082210180354017E-008   4.8465236856482550     
   3.2098765432080980       0.14394201625752595        3.2526925141697867E-002 -0.10632275719090964       -1.9005748896556430E-008   4.8548987873658138     
   3.3333333333314861       0.14314683301641842        3.2330662765992162E-002 -0.10575149000073733       -2.0054692439028414E-008   4.8820743649038620     
   3.4567901234548746       0.14231416519529802        3.2165773555011427E-002 -0.10517583740171352       -2.0987663152388947E-008   4.9002845012581169     
   3.5802469135782631       0.14145053756170939        3.2018462845337520E-002 -0.10459609343856793       -2.1709136631295869E-008   4.9007209246826777     
   3.7037037037016516       0.14057030631263531        3.1883731525672108E-002 -0.10402623732444807       -2.2426897283660812E-008   4.9060389504075026     
   3.8271604938250396       0.13969054453003080        3.1754254859166192E-002 -0.10347844166519946       -2.3019716369207122E-008   4.9116080879055977     
   3.9506172839484281       0.13882086866011570        3.1635195367735451E-002 -0.10295926907587205       -2.3712799237270086E-008   4.9365318107514993     
   4.0740740740718167       0.13796171342111113        3.1533450913371196E-002 -0.10247043237111719       -2.4399036581621685E-008   4.9531650819082715     
   4.1975308641952047       0.13711517476722007        3.1439417467591720E-002 -0.10200407599701380       -2.4815936974391360E-008   4.9542671991993545     
   4.3209876543185937       0.13628367524464066        3.1348706682059461E-002 -0.10155080665215818       -2.5118555999687073E-008   4.9515000525928761     
   4.4444444444419817       0.13547647794469281        3.1262272736106184E-002 -0.10111687803679026       -2.5406538084946581E-008   4.9545414117095765     
   4.5679012345653698       0.13470066733339120        3.1189448333093828E-002 -0.10071502878313190       -2.5748367943977090E-008   4.9741165823971558     
   4.6913580246887587       0.13395684697347773        3.1128775697727051E-002 -0.10034385351287264       -2.6074578651451489E-008   5.0105010362728031     
   4.8148148148121468       0.13324096460855356        3.1062820320234580E-002  -9.9976135817641115E-002  -2.6291682999983545E-008   5.0381905667635563     
   4.9382716049355349       0.13255718368688607        3.0987997987150566E-002  -9.9604919265086245E-002  -2.6217194181433076E-008   5.0164203973405677     
   5.0617283950589238       0.13190694970795513        3.0906920498877069E-002  -9.9234675271030193E-002  -2.5839794651473172E-008   4.9712937418784877     
   5.1851851851823119       0.13128398340012198        3.0827391906917676E-002  -9.8853461608265608E-002  -2.5669651608066565E-008   4.9498262224692748     
   5.3086419753056999       0.13068273857899138        3.0761595311299034E-002  -9.8469753965692658E-002  -2.5573693708857484E-008   4.9526123394611794     
   5.4320987654290889       0.13010472829192718        3.0701607088084445E-002  -9.8098785583571518E-002  -2.5466928503642203E-008   4.9594259801465022     
   5.5555555555524769       0.12955576502124147        3.0645150226408600E-002  -9.7745977358845937E-002  -2.5316786569415261E-008   4.9455522064525148     
   5.6790123456758659       0.12902276660182602        3.0592217885812335E-002  -9.7401945987649480E-002  -2.5219503778184905E-008   4.9334017588994996     
   5.8024691357992539       0.12850912294845393        3.0542243964848212E-002  -9.7079284182921416E-002  -2.5343624494235067E-008   4.9297618396101166     
   5.9259259259226420       0.12801968403017003        3.0503721023691015E-002  -9.6779304066815952E-002  -2.5615134178203895E-008   4.9431374293573178     
   6.0493827160460309       0.12754615817803855        3.0473076174030170E-002  -9.6482173902215307E-002  -2.5997022638050350E-008   4.9737179169021664     
   6.1728395061694190       0.12708860093658855        3.0436172296675650E-002  -9.6172513183367975E-002  -2.6253349652134037E-008   4.9945148342956767     
   6.2962962962928071       0.12665417657999450        3.0388988790867887E-002  -9.5878695539008324E-002  -2.6265844222976859E-008   4.9970808244915146     
   6.4197530864161960       0.12623860009149165        3.0334459675152615E-002  -9.5613192795296870E-002  -2.6244950456429065E-008   5.0032922378913618     
   6.5432098765395841       0.12583773200878071        3.0270305619123014E-002  -9.5366023568634828E-002  -2.6146466417063536E-008   4.9932571164084676     
   6.6666666666629721       0.12545451180133160        3.0203164534507880E-002  -9.5129704165953372E-002  -2.5942641624777793E-008   4.9674910241994503     
   6.7901234567863611       0.12508635639673443        3.0148699073146750E-002  -9.4897740368475592E-002  -2.5934679797589666E-008   4.9596513734323588     
   6.9135802469097491       0.12472764754178439        3.0109928212352997E-002  -9.4666324946914765E-002  -2.5953006340341987E-008   4.9655033312015808     
   7.0370370370331372       0.12437136097104536        3.0069021324813410E-002  -9.4429074669132501E-002  -2.5646479237492323E-008   4.9486308645770327     
   7.1604938271565262       0.12401981121226202        3.0025473041990353E-002  -9.4186292324438287E-002  -2.5428750659526470E-008   4.9240960376688045     
   7.2839506172799142       0.12366900976851322        2.9997342429581211E-002  -9.3930824275240826E-002  -2.5586669106071798E-008   4.9207008734860107     
   7.4074074074033032       0.12331740087777830        2.9980770108525696E-002  -9.3666633458419912E-002  -2.5726785961778347E-008   4.9192335242417773     
   7.5308641975266912       0.12296879333232751        2.9960372960717584E-002  -9.3401765940326648E-002  -2.5885722142417200E-008   4.9200738750469322     
   7.6543209876500793       0.12262917073228138        2.9937297077509882E-002  -9.3144242531580934E-002  -2.6226719495707901E-008   4.9153357386769887     
   7.7777777777734682       0.12230179351355565        2.9918148543390741E-002  -9.2900829823969799E-002  -2.6517286764412540E-008   4.9098974258506445     
   7.9012345678968563       0.12198465641386137        2.9901750835122878E-002  -9.2661574378129136E-002  -2.6588185455859774E-008   4.8986687138817864     
   8.0246913580202452       0.12168391747634158        2.9883023184563397E-002  -9.2428849637289062E-002  -2.6552878469738880E-008   4.8865119072331487     
   8.1481481481436333       0.12140099995830000        2.9868969661667986E-002  -9.2204907571190237E-002  -2.6583956152389434E-008   4.8762412417393586     
   8.2716049382670214       0.12113616032996168        2.9858990266498939E-002  -9.1992630065892561E-002  -2.6581768062721058E-008   4.8773910902318933     
   8.3950617283904094       0.12089293334839998        2.9848451899502696E-002  -9.1811005019734160E-002  -2.6503490710967626E-008   4.8685163953841899     
   8.5185185185137975       0.12067174676299057        2.9832884979924403E-002  -9.1665770189410634E-002  -2.6331905555626538E-008   4.8533327552845575     
   8.6419753086371873       0.12047408724286611        2.9810557658603892E-002  -9.1556657511818157E-002  -2.6179455711972335E-008   4.8436345518368542     
   8.7654320987605754       0.12029813169954383        2.9789344747306136E-002  -9.1474668226809802E-002  -2.6236361086284629E-008   4.8500802133592638     
   8.8888888888839634       0.12013820690867026        2.9777635878607916E-002  -9.1403715058383461E-002  -2.6449536229090258E-008   4.8691705256554121     
   9.0123456790073515       0.11999099006622851        2.9766820165570057E-002  -9.1337848331973115E-002  -2.6556964340347244E-008   4.8844117157363760     
   9.1358024691307396       0.11986083311515150        2.9745756083784363E-002  -9.1281251288885812E-002  -2.6337462967931202E-008   4.8627546828496415     
   9.2592592592541276       0.11975014584086170        2.9719305673039872E-002  -9.1228221279235716E-002  -2.5988441379460013E-008   4.8346508348637149     
   9.3827160493775175       0.11965478205337765        2.9691019925988698E-002  -9.1176572354669916E-002  -2.5324484987329669E-008   4.8060761552084132     
   9.5061728395009055       0.11957315525680054        2.9660541240149219E-002  -9.1130638004284115E-002  -2.4880836460400103E-008   4.7923279648609398     
   9.6296296296242936       0.11950337426062317        2.9637288071647654E-002  -9.1086341088394918E-002  -2.4751471721015153E-008   4.7965329765521121     
   9.7530864197476816       0.11943109195366410        2.9623366961091163E-002  -9.1039403894391274E-002  -2.4710935326397805E-008   4.8076044120620480     
   9.8765432098710697       0.11935202054130879        2.9609610797003964E-002  -9.0989239939545996E-002  -2.4589309493402467E-008   4.8062309316209255     
   9.9999999999944595       0.11927005740039456        2.9591464923139663E-002  -9.0938032541253183E-002  -2.4402334294717269E-008   4.8045368134347894     
   10.123456790117848       0.11918855451723770        2.9575232040512826E-002  -9.0883696749074566E-002  -2.4268010282654632E-008   4.8069001706034875     
   10.246913580241236       0.11910608882740517        2.9563058564198101E-002  -9.0812493178071857E-002  -2.4188079915794374E-008   4.8166786046113108     
   10.370370370364624       0.11902343613861532        2.9551241150106645E-002  -9.0723939995280667E-002  -2.4221116252212937E-008   4.8405207301147390     
   10.493827160488012       0.11894588723303276        2.9538788830288296E-002  -9.0631289740593785E-002  -2.4283810806066877E-008   4.8702257654595948     
   10.617283950611400       0.11886818990719986        2.9527849725881797E-002  -9.0543411371050014E-002  -2.4230126418447438E-008   4.8808282119909467     
   10.740740740734790       0.11878997721461354        2.9521477813158458E-002  -9.0465864183269712E-002  -2.4156727449291711E-008   4.8793491624964362     
   10.864197530858178       0.11870447884710568        2.9522050374003919E-002  -9.0361714405881449E-002  -2.4228806331638726E-008   4.8825792564285617     
   10.987654320981566       0.11860823128460177        2.9534274997545972E-002  -9.0215561297482427E-002  -2.4368117412485912E-008   4.8924385111411803     
   11.111111111104954       0.11850248861629255        2.9548247802708361E-002  -9.0050460922383557E-002  -2.4383932484174786E-008   4.8956205078027812     
   11.234567901228342       0.11839705309203430        2.9554735960751585E-002  -8.9901389048079400E-002  -2.4394549633345377E-008   4.8936402607871132     
   11.358024691351732       0.11829495508754473        2.9560080058834041E-002  -8.9772100009527539E-002  -2.4483392231089842E-008   4.8948591589501262     
   11.481481481475120       0.11818746397683376        2.9567621319926400E-002  -8.9626211250221605E-002  -2.4510645916054078E-008   4.8943616772743646     
   11.604938271598508       0.11807929612280094        2.9573193843205878E-002  -8.9460653901582116E-002  -2.4399769539740147E-008   4.9005576057173466     
   11.728395061721896       0.11797526880490471        2.9577929337248322E-002  -8.9295591107553557E-002  -2.4349725274240467E-008   4.9296495365589283     
   11.851851851845284       0.11787822557284428        2.9588537110587357E-002  -8.9153410334301075E-002  -2.4454178140986790E-008   4.9635124314204582     
   11.975308641968672       0.11779201665296367        2.9602839377439516E-002  -8.9044998952875182E-002  -2.4293446125981991E-008   4.9549091339339553     
   12.098765432092062       0.11771130804158991        2.9615841779153877E-002  -8.8962720970715475E-002  -2.4196586084530671E-008   4.9570222451384458     
   12.222222222215450       0.11762945777160694        2.9621480044971376E-002  -8.8898482825387565E-002  -2.4068246595906015E-008   4.9600193325355537     
   12.345679012338838       0.11755357459636871        2.9625793923983748E-002  -8.8862817539220457E-002  -2.4229027710334522E-008   4.9525037978298228     
   12.469135802462226       0.11748563915584259        2.9624829351431913E-002  -8.8848329644728469E-002  -2.4199523976704068E-008   4.9407816733409033     
   12.592592592585614       0.11743028274830668        2.9609540481582323E-002  -8.8859433122788378E-002  -2.4071171045001738E-008   4.9386231532848051     
   12.716049382709004       0.11739131911960565        2.9588612224638121E-002  -8.8906570705956978E-002  -2.3842760198514854E-008   4.9221337586043186     
   12.839506172832392       0.11735615617474493        2.9568220795789628E-002  -8.8962369103545713E-002  -2.3549083790310014E-008   4.9174487891461895     
   12.962962962955780       0.11732891357633897        2.9547434852192200E-002  -8.9020191259339049E-002  -2.3323259419462987E-008   4.9287894290541994     
   13.086419753079168       0.11731398742634459        2.9526590108004316E-002  -8.9083115391499629E-002  -2.3082267509802807E-008   4.9296200998459714     
   13.209876543202556       0.11730642853342432        2.9508672840647201E-002  -8.9125747021085333E-002  -2.2896479300911369E-008   4.9319172426885300     
   13.333333333325944       0.11730744261465637        2.9501552728810689E-002  -8.9137243996036092E-002  -2.2897198376085931E-008   4.9443962289817511     
   13.456790123449334       0.11731207736765407        2.9504660882209585E-002  -8.9116142968682976E-002  -2.2964160034505936E-008   4.9670006094004986     
   13.580246913572722       0.11731681342441706        2.9509944324130791E-002  -8.9072184291992540E-002  -2.2904655908117908E-008   4.9721951298185649     
   13.703703703696110       0.11731832458703727        2.9513300041740749E-002  -8.9016317890011076E-002  -2.2709105717950459E-008   4.9482865112718377     
   13.827160493819498       0.11731479834542635        2.9524171105338542E-002  -8.8949127785051846E-002  -2.2677873032780449E-008   4.9389696492941608     
   13.950617283942886       0.11730173425978220        2.9542333974335745E-002  -8.8865532506798101E-002  -2.2784237162246518E-008   4.9492178579321404     
   14.074074074066274       0.11728505463567694        2.9552374300890458E-002  -8.8791746124740945E-002  -2.2759720552809158E-008   4.9523983063201360     
   14.197530864189664       0.11726729876789704        2.9556644571498446E-002  -8.8739973699877933E-002  -2.2870997355455165E-008   4.9482946288774654     
   14.320987654313052       0.11724434487672364        2.9568345877027474E-002  -8.8703294842197328E-002  -2.3141176903522102E-008   4.9586293019530228     
   14.444444444436440       0.11721940269430825        2.9590883137311036E-002  -8.8688242267012024E-002  -2.3395599677698244E-008   4.9931535239639571     
   14.567901234559828       0.11719526774118601        2.9609267988149651E-002  -8.8688469721339924E-002  -2.3453495756617246E-008   5.0117470723709632     
   14.691358024683216       0.11717552987039784        2.9608638501277214E-002  -8.8695785754152379E-002  -2.3283928704411262E-008   4.9933110769114286     
   14.814814814806606       0.11716009103077434        2.9601303887461378E-002  -8.8706264815413993E-002  -2.2889901161446584E-008   4.9572121106907678     
   14.938271604929994       0.11714743777895713        2.9601248284793963E-002  -8.8710495786698901E-002  -2.2490034180665714E-008   4.9414355879893499     
   15.061728395053382       0.11713609095809151        2.9613117467345587E-002  -8.8697644662929093E-002  -2.2253294065199969E-008   4.9420283199125965     
   15.185185185176771       0.11711812252539183        2.9630359382021253E-002  -8.8657763641258436E-002  -2.2187641918077212E-008   4.9421060304353022     
   15.308641975300159       0.11710033310093029        2.9652890920196111E-002  -8.8612746251313712E-002  -2.2220773968574196E-008   4.9360559452513479     
   15.432098765423547       0.11708861543998486        2.9677008237098301E-002  -8.8576670134982965E-002  -2.2192685228896021E-008   4.9382677086803035     
   15.555555555546936       0.11708317766324269        2.9706396713700789E-002  -8.8541914975982627E-002  -2.2214508169368764E-008   4.9576824780924911     
   15.679012345670325       0.11708509738539410        2.9744369804525893E-002  -8.8512489222361795E-002  -2.2275677100119748E-008   4.9736859343205246     
   15.802469135793713       0.11709605079442327        2.9787747320005775E-002  -8.8488961860879872E-002  -2.2272482975575402E-008   4.9903422514041456     
   15.925925925917101       0.11711225588892851        2.9829083618490924E-002  -8.8466211671338335E-002  -2.1913710137592198E-008   4.9773007621229182     
   16.049382716040490       0.11713014447384851        2.9859494088038285E-002  -8.8446358901787453E-002  -2.1648852254591505E-008   4.9711143764277486     
   16.172839506163879       0.11714760886963799        2.9892782536704816E-002  -8.8429681550763056E-002  -2.1545736748587230E-008   4.9663638401199535     
   16.296296296287267       0.11716079900341118        2.9929506697779582E-002  -8.8405960188896265E-002  -2.1319284270495282E-008   4.9605648461048766     
   16.419753086410655       0.11716418144525630        2.9968747549223993E-002  -8.8372902487681371E-002  -2.1255153651864142E-008   4.9725285857085542     
   16.543209876534043       0.11715307902142569        3.0010969841804173E-002  -8.8335492989867398E-002  -2.1492645632225248E-008   5.0230132950225519     
   16.666666666657431       0.11713577418725629        3.0038165198755740E-002  -8.8301300217781709E-002  -2.1583102972512251E-008   5.0468127971558454     
   16.790123456780819       0.11712309464786427        3.0038636607840234E-002  -8.8271657458966646E-002  -2.1390048044499760E-008   5.0314599372545450     
   16.913580246904207       0.11711959975624300        3.0037475809562189E-002  -8.8255684676863955E-002  -2.1174366627276548E-008   5.0422137996611456     
   17.037037037027595       0.11712574015736214        3.0034412818321015E-002  -8.8263875045944351E-002  -2.0885622731001826E-008   5.0436807422917056     
   17.160493827150983       0.11714426670524254        3.0024785339755927E-002  -8.8285840152881767E-002  -2.0434404007516325E-008   5.0198953887349855     
   17.283950617274375       0.11717555921264013        3.0022967429436564E-002  -8.8307168626745841E-002  -2.0019638949449902E-008   5.0231753088192219     
   17.407407407397763       0.11720807048347763        3.0032717078755034E-002  -8.8313618217898904E-002  -1.9713686475850804E-008   5.0535748593168082     
   17.530864197521151       0.11723808255753945        3.0043430109542989E-002  -8.8311391989313398E-002  -1.9673060454130328E-008   5.0735525444623502     
   17.654320987644539       0.11726599286337382        3.0055288397232677E-002  -8.8297796364954967E-002  -1.9939153510940594E-008   5.0935211450674727     
   17.777777777767927       0.11729435569130095        3.0069468897965197E-002  -8.8268565678385008E-002  -2.0121098042394522E-008   5.0960868166399722     
   17.901234567891315       0.11732487585809061        3.0084171569386670E-002  -8.8256863991324125E-002  -2.0252374667311867E-008   5.1233598043053652     
   18.024691358014703       0.11735519217898689        3.0095073195647054E-002  -8.8265825151372157E-002  -2.0221206165488522E-008   5.1270430683875974     
   18.148148148138091       0.11738721598744621        3.0091159076269944E-002  -8.8280622149296717E-002  -2.0119824975398108E-008   5.1312133915019320     
   18.271604938261479       0.11741778973957155        3.0085903884500907E-002  -8.8300257775522389E-002  -2.0205981755476623E-008   5.1239327747098411     
   18.395061728384867       0.11745023637767915        3.0102596112459051E-002  -8.8331831724360071E-002  -2.0576068287262192E-008   5.1461410623253334     
   18.518518518508255       0.11748260077314089        3.0129036624576458E-002  -8.8376142616558184E-002  -2.0897951959150960E-008   5.1852745037969656     
   18.641975308631647       0.11750485163768917        3.0142221814201547E-002  -8.8419219433675589E-002  -2.1375465335894430E-008   5.2167427727620748     
   18.765432098755035       0.11752364605379384        3.0145193229456177E-002  -8.8466480313335316E-002  -2.1720796046893988E-008   5.1991452921209378     
   18.888888888878423       0.11755258523425968        3.0136666129855428E-002  -8.8531008816243539E-002  -2.1465073405052215E-008   5.1282975856498787     
   19.012345679001811       0.11758897167094372        3.0126225508917043E-002  -8.8614117316141883E-002  -2.1277787854243132E-008   5.0890299965553023     
   19.135802469125199       0.11762293959878527        3.0124934629221434E-002  -8.8687868333709258E-002  -2.1485248687931489E-008   5.0986381479370673     
   19.259259259248587       0.11765053733946286        3.0135466073379632E-002  -8.8744603122619253E-002  -2.1764940608874004E-008   5.1169415283421618     
   19.382716049371975       0.11767563221276342        3.0146016195281448E-002  -8.8804342848031681E-002  -2.1726342795112665E-008   5.1114982826735833     
   19.506172839495363       0.11770377840758599        3.0158308071483036E-002  -8.8877689574274971E-002  -2.1657430921928624E-008   5.1106486090967236     
   19.629629629618751       0.11773653305751114        3.0181076021897953E-002  -8.8962562419441837E-002  -2.1600061978861338E-008   5.0992533644751985     
   19.753086419742139       0.11776390035440176        3.0212463141674244E-002  -8.9027028950655202E-002  -2.1565567489269848E-008   5.1098639597420208     
   19.876543209865527       0.11778865051078227        3.0239842124914471E-002  -8.9068861787732184E-002  -2.1678435030736338E-008   5.1292020560111027     
   19.999999999988919       0.11782256015661577        3.0258690146219756E-002  -8.9093040126177220E-002  -2.1759080660198091E-008   5.1124310282060517     
   20.123456790112307       0.11786118642311599        3.0278105275298131E-002  -8.9104058741485637E-002  -2.1836196509935011E-008   5.1066500380958768     
   20.246913580235695       0.11790231268351345        3.0294141623857275E-002  -8.9102923412282986E-002  -2.2086717717434799E-008   5.1266873727243700     
   20.370370370359083       0.11794976229201595        3.0305156715000513E-002  -8.9092389756722401E-002  -2.2162480385423305E-008   5.1302476796024727     
   20.493827160482471       0.11800334173037386        3.0327408123132053E-002  -8.9081321270853137E-002  -2.2094213234239677E-008   5.1330561165931874     
   20.617283950605859       0.11805838889424948        3.0357065723667434E-002  -8.9082021245624393E-002  -2.1812204435603752E-008   5.1167890577090569     
   20.740740740729247       0.11811710592469118        3.0388632613889494E-002  -8.9099901761871325E-002  -2.1731171551647177E-008   5.1172759762364226     
   20.864197530852636       0.11818003090966293        3.0423901987966323E-002  -8.9127362773967295E-002  -2.1669671688235640E-008   5.1095519108754583     
   20.987654320976024       0.11824447081455572        3.0449123253339108E-002  -8.9166455619990398E-002  -2.1481661118613883E-008   5.1108386408601989     
   21.111111111099412       0.11830671660085917        3.0470518203304622E-002  -8.9198617226434129E-002  -2.1283325029615975E-008   5.0887233323235614     
   21.234567901222800       0.11836972773846352        3.0491738356080687E-002  -8.9215686606742839E-002  -2.1087440314734054E-008   5.0770426022536066     
   21.358024691346191       0.11843837796596225        3.0514103151347938E-002  -8.9210262479957725E-002  -2.1204339016229536E-008   5.1234575658483150     
   21.481481481469579       0.11851016720834741        3.0534648055511315E-002  -8.9193713468954300E-002  -2.1551755209727119E-008   5.1840222924805595     
   21.604938271592967       0.11858564620618713        3.0540334934592996E-002  -8.9181339899170792E-002  -2.1377256758575648E-008   5.1498691527762803     
   21.728395061716355       0.11866755484962281        3.0524288234014419E-002  -8.9182265751039463E-002  -2.0537944810509820E-008   5.0294095692360781     
   21.851851851839744       0.11875351113065970        3.0519672541632042E-002  -8.9190142838310199E-002  -2.0143526827306264E-008   4.9929520926071103     
   21.975308641963132       0.11883537966106908        3.0538479792359911E-002  -8.9188510127719223E-002  -1.9985108457766884E-008   5.0146021403501981     
   22.098765432086520       0.11890368106063288        3.0571368612550998E-002  -8.9173904876761106E-002  -2.0342878874118698E-008   5.0867093059830237     
   22.222222222209908       0.11895862069019465        3.0609677412010993E-002  -8.9151835171706301E-002  -2.0511000289816175E-008   5.0868539189675177     
   22.345679012333296       0.11900485963207127        3.0654565304622645E-002  -8.9148413955483868E-002  -2.0169283592393692E-008   5.0152273530415785     
   22.469135802456684       0.11903581252554891        3.0702708518402247E-002  -8.9173020602814929E-002  -1.9937759006055844E-008   5.0090268943153902     
   22.592592592580072       0.11905557504092859        3.0748512279941444E-002  -8.9226944789375873E-002  -1.9812829167811870E-008   5.0158465390004014     
   22.716049382703464       0.11907350187748195        3.0790359227571444E-002  -8.9293322067703323E-002  -1.9936500899117775E-008   5.0296082644234588     
   22.839506172826852       0.11908968873203431        3.0823711847088483E-002  -8.9356966790463621E-002  -2.0116523614915963E-008   5.0283970563194895     
   22.962962962950240       0.11911017056718300        3.0839122663884309E-002  -8.9419400457030895E-002  -2.0399480087542205E-008   5.0337880753162381     
   23.086419753073628       0.11913490270320808        3.0848838419587389E-002  -8.9475262498760672E-002  -2.0919969825895490E-008   5.0446328850951518     
   23.209876543197016       0.11916482174991816        3.0860326918730269E-002  -8.9532380042063653E-002  -2.1216263144780487E-008   5.0364842349362693     
   23.333333333320404       0.11920361247705349        3.0874211857289748E-002  -8.9585480782860688E-002  -2.1372687040599360E-008   5.0318731818593960     
   23.456790123443792       0.11924946347878114        3.0900048036995840E-002  -8.9617282213384969E-002  -2.1620177297670209E-008   5.0398784165444974     
   23.580246913567180       0.11930778161687744        3.0926294159650550E-002  -8.9635068451143329E-002  -2.1904212017301671E-008   5.0717005762189613     
   23.703703703690568       0.11937985609201063        3.0942490319157009E-002  -8.9653405854612844E-002  -2.1979937647367673E-008   5.0938138072031549     
   23.827160493813956       0.11946210162694597        3.0946534420744017E-002  -8.9684544994949933E-002  -2.1350830282117110E-008   5.0295689071774712     
   23.950617283937344       0.11955321107775048        3.0953235888979715E-002  -8.9746243826496069E-002  -2.1329521258201006E-008   5.0312488740939969     
   24.074074074060736       0.11964538006505546        3.0963463313141718E-002  -8.9828940888214109E-002  -2.1291004873925538E-008   5.0195434102092866     
   24.197530864184124       0.11973600274499996        3.0976498231782293E-002  -8.9910242517069194E-002  -2.1219618769381627E-008   4.9816962630411981     
   24.320987654307512       0.11982530716440158        3.1005797083996815E-002  -8.9982086251054777E-002  -2.1478202070138276E-008   4.9950431446245034     
   24.444444444430900       0.11991459927824290        3.1035512340097455E-002  -9.0048127242775056E-002  -2.1453828692006426E-008   4.9911510111204347     
   24.567901234554288       0.12000142884454100        3.1062495858783588E-002  -9.0113806876187669E-002  -2.1378107842522764E-008   4.9877396684953421     
   24.691358024677676       0.12008710300458911        3.1086711320879402E-002  -9.0172662298427575E-002  -2.1311129539187140E-008   5.0014061860448082     
   24.814814814801064       0.12018536961743151        3.1109654598458061E-002  -9.0235784212484960E-002  -2.1344151684472397E-008   5.0257890430320149     
   24.938271604924452       0.12029425179771373        3.1142910360887604E-002  -9.0305835569967241E-002  -2.1429933459041352E-008   5.0415588699464591     
   25.061728395047840       0.12040367771162647        3.1180834211197828E-002  -9.0381289491407807E-002  -2.1495844165327758E-008   5.0489743464741030     
   25.185185185171228       0.12051441349306868        3.1215617401320856E-002  -9.0455855471772317E-002  -2.1699313923222262E-008   5.0647857423514662     
   25.308641975294616       0.12062312736737832        3.1246521932657451E-002  -9.0522390735359670E-002  -2.1929388697596627E-008   5.0858752065320534     
   25.432098765418008       0.12072317153190970        3.1275473098966791E-002  -9.0576241267776164E-002  -2.1976293229576295E-008   5.0788807486388521     
   25.555555555541396       0.12082152868058307        3.1307680006095011E-002  -9.0630171168074425E-002  -2.1718768889615709E-008   5.0347747956660909     
   25.679012345664784       0.12092614803485005        3.1343313142942641E-002  -9.0711870909575193E-002  -2.1525286981261929E-008   5.0191484703682114     
   25.802469135788172       0.12102950940371511        3.1376215883520533E-002  -9.0813885414513351E-002  -2.1452873207704125E-008   5.0116528608614379     
   25.925925925911560       0.12113402337947939        3.1406239745972536E-002  -9.0930303663991074E-002  -2.1356124236258826E-008   4.9961436533787467     
   26.049382716034948       0.12124100895203171        3.1435741024543350E-002  -9.1053736835797400E-002  -2.1044163295561928E-008   4.9757299401451656     
   26.172839506158336       0.12135097785730126        3.1464457004343520E-002  -9.1180539404910999E-002  -2.0642564561191096E-008   4.9502543148938090     
   26.296296296281724       0.12146306351651999        3.1498157455999480E-002  -9.1308160206652222E-002  -2.0320281664652106E-008   4.9314518137425747     
   26.419753086405112       0.12157481068156606        3.1531323668829041E-002  -9.1428007187278143E-002  -2.0194777982608113E-008   4.9309503810913764     
   26.543209876528501       0.12168011784975781        3.1566366907464019E-002  -9.1527720430961412E-002  -2.0314466121143637E-008   4.9352230383803031     
   26.666666666651889       0.12178112265080976        3.1610894510647018E-002  -9.1583549434444467E-002  -2.0626404111362451E-008   4.9640021245746206     
   26.790123456775277       0.12188287919579797        3.1663972466708011E-002  -9.1593407217843176E-002  -2.0816465219701413E-008   4.9753190445100302     
   26.913580246898668       0.12197913365896756        3.1720705199722837E-002  -9.1567724689905566E-002  -2.0770898012986089E-008   4.9557595016339402     
   27.037037037022056       0.12206848897652800        3.1776599869776705E-002  -9.1515550567012410E-002  -2.0697238321252786E-008   4.9410988761231751     
   27.160493827145444       0.12215272354156063        3.1831418009519823E-002  -9.1468986944985842E-002  -2.0711945809647245E-008   4.9407151108148213     
   27.283950617268832       0.12223440731078748        3.1888744434411836E-002  -9.1458798155607673E-002  -2.0830312401027602E-008   4.9446136126632068     
   27.407407407392220       0.12231709028720809        3.1952611950044632E-002  -9.1486135416596420E-002  -2.0932196798995305E-008   4.9525248236573240     
   27.530864197515609       0.12240252417903394        3.2018846833802003E-002  -9.1548858486154711E-002  -2.0924796192829798E-008   4.9496791357087142     
   27.654320987638997       0.12249016487739499        3.2081745221172707E-002  -9.1648367237835177E-002  -2.1011196387493120E-008   4.9509628843523661     
   27.777777777762385       0.12257529707328546        3.2141253013379341E-002  -9.1743853813615606E-002  -2.1258363723361724E-008   4.9515950946683960     
   27.901234567885773       0.12265960658616225        3.2193592014910448E-002  -9.1821014190386546E-002  -2.1160166953953518E-008   4.9341233297411202     
   28.024691358009161       0.12274718304366176        3.2234700513868522E-002  -9.1881804987463678E-002  -2.0731373288144166E-008   4.9369074088551077     
   28.148148148132549       0.12284181361915000        3.2274164774596360E-002  -9.1945168192488103E-002  -2.0527116524253665E-008   4.9635191620333687     
   28.271604938255940       0.12294029265650466        3.2318463483436539E-002  -9.2040523219485082E-002  -2.0271101800061975E-008   4.9801248736888288     
   28.395061728379329       0.12304339311295408        3.2355009825768395E-002  -9.2179226445367496E-002  -1.9783989954903387E-008   4.9758463398897126     
   28.518518518502717       0.12314398054458288        3.2399112015265116E-002  -9.2324393239490599E-002  -1.9338309195257929E-008   4.9604130620261113     
   28.641975308626105       0.12322853906956785        3.2472563052150995E-002  -9.2446089430157641E-002  -1.9182581313193657E-008   4.9765582781142532     
   28.765432098749493       0.12329385003806298        3.2558543368274184E-002  -9.2556827069888548E-002  -1.9152442751838022E-008   5.0095834742423015     
   28.888888888872881       0.12334008993053032        3.2642895105880670E-002  -9.2648110495565927E-002  -1.9062045741383458E-008   5.0102386326785524     
   29.012345678996269       0.12336878145178078        3.2726695374593662E-002  -9.2723054481253425E-002  -1.9153911494424039E-008   5.0354737322867180     
   29.135802469119657       0.12338298039470318        3.2801847090107798E-002  -9.2789107854974878E-002  -1.9239240806738367E-008   5.0530374280067010     
   29.259259259243045       0.12339613634465903        3.2861665373770464E-002  -9.2862197836932392E-002  -1.9045610663117231E-008   5.0437576703496232     
   29.382716049366433       0.12341718298742566        3.2909224932429149E-002  -9.2948874456796782E-002  -1.8732510045639454E-008   5.0170622281080757     
   29.506172839489821       0.12344325695249142        3.2958176671374663E-002  -9.3049194009185127E-002  -1.8324640038488834E-008   4.9794699237367306     
   29.629629629613213       0.12347722667689179        3.3015831118209091E-002  -9.3151215886006888E-002  -1.7794687810799919E-008   4.9568170494606489     
   29.753086419736601       0.12350769598150145        3.3085638965878551E-002  -9.3230269661936899E-002  -1.7716287218155725E-008   4.9971533334369846     
   29.876543209859989       0.12352927237414134        3.3154377917925908E-002  -9.3286369193240404E-002  -1.7740421169228984E-008   5.0536581023000791     
   29.999999999983377       0.12355469146754032        3.3221751044259076E-002  -9.3332797626724140E-002  -1.7628979562173195E-008   5.0716433247760788     
   30.123456790106765       0.12358607800222673        3.3293986765045518E-002  -9.3350882363398252E-002  -1.7480058939300756E-008   5.0481721556839325     
   30.246913580230153       0.12361922888509766        3.3378814853111054E-002  -9.3336746238753543E-002  -1.7436819673992488E-008   5.0225698875166636     
   30.370370370353541       0.12365008637791552        3.3472149943349475E-002  -9.3312040550452169E-002  -1.7381572365338627E-008   5.0125744233710181     
   30.493827160476929       0.12367595016415990        3.3570596131982454E-002  -9.3288323922291971E-002  -1.7418508489960276E-008   5.0284040919771265     
   30.617283950600317       0.12369360354302129        3.3683667360254792E-002  -9.3270187172868418E-002  -1.7749779544908421E-008   5.0683237464859889     
   30.740740740723705       0.12370020952000915        3.3802025856688685E-002  -9.3262427180150487E-002  -1.7893057105080461E-008   5.0787588086849897     
   30.864197530847093       0.12370291259127512        3.3906200572270680E-002  -9.3267748094318648E-002  -1.7980247748595952E-008   5.0986088253393005     
   30.987654320970485       0.12370420587356752        3.3992597267503477E-002  -9.3271267770831862E-002  -1.7987832406233661E-008   5.0990764875584338     
   31.111111111093873       0.12371371659630502        3.4062269422504121E-002  -9.3280250813242815E-002  -1.7851204599824914E-008   5.0853121951032394     
   31.234567901217261       0.12373763997833757        3.4128219503203480E-002  -9.3318771000304029E-002  -1.7640236385032316E-008   5.0826322861393995     
   31.358024691340649       0.12378066198270161        3.4193734883798454E-002  -9.3385793406985357E-002  -1.7311933725505238E-008   5.0782065866764254     
   31.481481481464037       0.12384160627992108        3.4257341438167950E-002  -9.3461715875458873E-002  -1.7075660651202213E-008   5.0759192321088635     
   31.604938271587425       0.12391407274214820        3.4319699511181342E-002  -9.3534988248806655E-002  -1.6905489871774245E-008   5.0756781866928762     
   31.728395061710813       0.12399775021440333        3.4380349974070523E-002  -9.3614302972150537E-002  -1.6637110260616167E-008   5.0686795111327640     
   31.851851851834201       0.12408838716197659        3.4441063556527797E-002  -9.3712280142573962E-002  -1.6383183427038014E-008   5.0624362667414777     
   31.975308641957589       0.12417490494984147        3.4505803828162346E-002  -9.3806027685980231E-002  -1.6211189142567275E-008   5.0550499582773316     
   32.098765432080981       0.12425158207101321        3.4570887747943140E-002  -9.3879339126595601E-002  -1.5943712913391783E-008   5.0306159505463439     
   32.222222222204365       0.12432071026492357        3.4629887181395216E-002  -9.3929777955371774E-002  -1.5831206845035075E-008   5.0111383680637340     
   32.345679012327757       0.12438708714603977        3.4686009744708778E-002  -9.3962083098335314E-002  -1.5962279591267587E-008   5.0005212245221173     
   32.469135802451142       0.12445090729118023        3.4741811384051753E-002  -9.3963900346411000E-002  -1.6168283418213555E-008   4.9991327493924693     
   32.592592592574533       0.12451042854926671        3.4796431155203443E-002  -9.3939690375276275E-002  -1.6284585999828311E-008   4.9971454575624614     
   32.716049382697918       0.12456856903834929        3.4849140764844390E-002  -9.3892151443263600E-002  -1.6405328330439983E-008   5.0047259337108718     
   32.839506172821309       0.12462622251435711        3.4897994652196070E-002  -9.3836957371302460E-002  -1.6365901698357824E-008   5.0061118188877121     
   32.962962962944694       0.12468342209627750        3.4936335020250293E-002  -9.3780283248421109E-002  -1.6114204289775586E-008   4.9882047806261429     
   33.086419753068085       0.12474314130795026        3.4970814679228655E-002  -9.3730343094982294E-002  -1.5889716793524315E-008   4.9596993737654493     
   33.209876543191477       0.12481022593620369        3.5022640084151548E-002  -9.3716812254698384E-002  -1.5868373599916385E-008   4.9555567432973655     
   33.333333333314862       0.12488766360428785        3.5099233973540978E-002  -9.3740124907717798E-002  -1.6098944429285648E-008   4.9903306151078883     
   33.456790123438253       0.12496997441500848        3.5181082440231985E-002  -9.3776531179355416E-002  -1.6105891414968237E-008   4.9798041216116875     
   33.580246913561638       0.12505227466890070        3.5251896868316195E-002  -9.3819771630737209E-002  -1.6254536292756500E-008   4.9841401760020601     
   33.703703703685029       0.12514920334336810        3.5312272731795366E-002  -9.3882462841272579E-002  -1.6560905027600567E-008   5.0008169100703634     
   33.827160493808414       0.12526711701144286        3.5366247154644856E-002  -9.3955812972484676E-002  -1.6748870429780393E-008   5.0068113623866051     
   33.950617283931805       0.12539781326020397        3.5412619743029165E-002  -9.4044729320428205E-002  -1.6850900431762731E-008   5.0195888692143873     
   34.074074074055190       0.12554403908384190        3.5444907380878896E-002  -9.4155022633335000E-002  -1.6971834813574965E-008   5.0292217839363049     
   34.197530864178582       0.12570570703959066        3.5462630876998608E-002  -9.4274856132862517E-002  -1.7009541762899826E-008   5.0274789836354481     
   34.320987654301966       0.12588264992364528        3.5459211102730571E-002  -9.4412898484282443E-002  -1.6827904693296831E-008   4.9907953082781074     
   34.444444444425358       0.12607131675114228        3.5448689898556464E-002  -9.4549712898292393E-002  -1.6611279303200415E-008   4.9569462191896871     
   34.567901234548749       0.12625379803953210        3.5449390761356385E-002  -9.4659157589753434E-002  -1.6341757418141805E-008   4.9304239899114055     
   34.691358024672134       0.12642402377464329        3.5455464111696706E-002  -9.4756400268507623E-002  -1.6115602956323192E-008   4.9073336677387687     
   34.814814814795525       0.12659100866959197        3.5470412059383866E-002  -9.4872090276407639E-002  -1.6120487253437622E-008   4.8995332460169152     
   34.938271604918910       0.12675182687084863        3.5498752928729900E-002  -9.5010848625708189E-002  -1.6380210664485045E-008   4.9212140865486038     
   35.061728395042302       0.12690234820938220        3.5537283699636706E-002  -9.5164845144451338E-002  -1.6690473390180421E-008   4.9388988841229233     
   35.185185185165686       0.12704292023616529        3.5579611634199114E-002  -9.5342359200815352E-002  -1.6902029766263926E-008   4.9467509960409171     
   35.308641975289078       0.12718335759904112        3.5618909837582299E-002  -9.5542376037644594E-002  -1.6975901107033413E-008   4.9474020406738752     
   35.432098765412462       0.12732691481341427        3.5650039019683222E-002  -9.5752886661099018E-002  -1.6997694892125259E-008   4.9527397066731416     
   35.555555555535854       0.12746984217308896        3.5680056659784971E-002  -9.5959067161414419E-002  -1.7008404310932489E-008   4.9577977161250963     
   35.679012345659238       0.12761123219530326        3.5705118359368473E-002  -9.6146404862515605E-002  -1.6748567270567788E-008   4.9458048827927756     
   35.802469135782630       0.12774797949480318        3.5725152723524140E-002  -9.6311526243762463E-002  -1.6523138704424700E-008   4.9481815830399833     
   35.925925925906022       0.12787436069320862        3.5747181975529445E-002  -9.6452512583223765E-002  -1.6322827124723710E-008   4.9436837535790081     
   36.049382716029406       0.12798163279698976        3.5778113633880441E-002  -9.6562303293465018E-002  -1.6144191512504895E-008   4.9255335020887436     
   36.172839506152798       0.12807385081033709        3.5820363289783712E-002  -9.6649274018290682E-002  -1.5898982504918848E-008   4.9028990167395561     
   36.296296296276182       0.12815106294546613        3.5868423016972704E-002  -9.6721963942617534E-002  -1.5702120051177310E-008   4.8926983046936590     
   36.419753086399574       0.12820703491683988        3.5927634352929567E-002  -9.6769495276420148E-002  -1.5624820231509207E-008   4.8902761412653044     
   36.543209876522958       0.12823894280540840        3.5993903293804377E-002  -9.6798643653763755E-002  -1.5609757561071382E-008   4.8935371595077584     
   36.666666666646350       0.12825457848445454        3.6049953518505172E-002  -9.6838761269238488E-002  -1.5588854445082913E-008   4.8978773078555031     
   36.790123456769734       0.12826197655938604        3.6089500785176171E-002  -9.6893922949577105E-002  -1.5637474401127707E-008   4.9085646190740260     
   36.913580246893126       0.12826054755566388        3.6124136662017858E-002  -9.6960643302601235E-002  -1.5845473632877232E-008   4.9222183014116903     
   37.037037037016511       0.12825257568040049        3.6155011888466836E-002  -9.7035953302527095E-002  -1.5967931872085329E-008   4.9144249124732351     
   37.160493827139902       0.12824994125879530        3.6180389594727407E-002  -9.7112060462921534E-002  -1.6021290278734116E-008   4.9026411732803066     
   37.283950617263294       0.12824695986733944        3.6208290384120399E-002  -9.7161898652115691E-002  -1.6195571901362465E-008   4.8979433093748801     
   37.407407407386678       0.12823566558362609        3.6240817971080912E-002  -9.7172056573801763E-002  -1.6268510507027024E-008   4.8811533550224597     
   37.530864197510070       0.12822592397481317        3.6276966976839069E-002  -9.7160178009433662E-002  -1.6311483716334858E-008   4.8787388046393350     
   37.654320987633454       0.12822625878705224        3.6315342269991203E-002  -9.7148254298621756E-002  -1.6386304231863420E-008   4.8879422382768780     
   37.777777777756846       0.12824280452939174        3.6351468716787759E-002  -9.7148606688174599E-002  -1.6382823729206107E-008   4.8956698436102659     
   37.901234567880230       0.12826819758117372        3.6379814170867254E-002  -9.7179371061836189E-002  -1.6219043345166778E-008   4.8927970499414943     
   38.024691358003622       0.12829556260965422        3.6408393439230385E-002  -9.7219895810473966E-002  -1.6083735875058612E-008   4.8937161897182646     
   38.148148148127007       0.12832546949124168        3.6454039543565929E-002  -9.7233131362053221E-002  -1.6186109359282443E-008   4.9198786641032255     
   38.271604938250398       0.12834482714638823        3.6510412537248411E-002  -9.7210147830609883E-002  -1.6260326275852892E-008   4.9247784440529117     
   38.395061728373783       0.12835643512845554        3.6557357315435558E-002  -9.7174659020581922E-002  -1.6227823487372482E-008   4.9149514529188689     
   38.518518518497174       0.12836570540926842        3.6612758926553385E-002  -9.7129492991405914E-002  -1.6298223087015188E-008   4.9132740996360820     
   38.641975308620566       0.12837915381250997        3.6687833092365722E-002  -9.7070601522880773E-002  -1.6488095367689785E-008   4.9324028649199096     
   38.765432098743950       0.12840053971666301        3.6771461051447268E-002  -9.7015035914663594E-002  -1.6870781759867012E-008   4.9783974702297735     
   38.888888888867342       0.12842862099134222        3.6854963718745845E-002  -9.6970698766177421E-002  -1.7405813535773158E-008   5.0377921036405464     
   39.012345678990727       0.12847671029177607        3.6920157558562622E-002  -9.6969842968189446E-002  -1.7531643455721460E-008   5.0234047658482517     
   39.135802469114118       0.12854278974751024        3.6973900363752386E-002  -9.6993831858385282E-002  -1.7410095394609237E-008   4.9894569106114197     
   39.259259259237503       0.12861668696672046        3.7038657486776726E-002  -9.7008369930704164E-002  -1.7321747308695847E-008   4.9863462417347453     
   39.382716049360894       0.12870067639393035        3.7106109525581410E-002  -9.7022109892656444E-002  -1.7200227743360027E-008   4.9727490464068653     
   39.506172839484279       0.12879566195262385        3.7176787565897956E-002  -9.7047916922090388E-002  -1.7021529043998247E-008   4.9548293366988343     
   39.629629629607670       0.12889997762080724        3.7244755141267676E-002  -9.7114259398933533E-002  -1.6765114486175807E-008   4.9424849263131154     
   39.753086419731055       0.12901804689186308        3.7307578742662981E-002  -9.7231306059706785E-002  -1.6433889311421160E-008   4.9305851286960589     
   39.876543209854447       0.12915355520810762        3.7366204399055462E-002  -9.7392880065034659E-002  -1.6141268308017544E-008   4.9161864605533463     
   39.999999999977838       0.12929510439496336        3.7423629343129601E-002  -9.7571354884894268E-002  -1.5936225851126380E-008   4.8988865811978251     
   40.123456790101223       0.12943404378884560        3.7490289119971994E-002  -9.7731463262147933E-002  -1.5962348174311727E-008   4.8998153076866799     
   40.246913580224614       0.12956356680489581        3.7575406906217121E-002  -9.7861574144215840E-002  -1.5974105495167740E-008   4.9005044643645608     
   40.370370370347999       0.12967554583438168        3.7660986464829120E-002  -9.7935747979330023E-002  -1.5946328649714797E-008   4.9133307039259924     
   40.493827160471390       0.12977087467232007        3.7730868506103139E-002  -9.7973234991881042E-002  -1.6023185722055678E-008   4.9323707293014714     
   40.617283950594775       0.12985920476417270        3.7793367865106849E-002  -9.8016557132630244E-002  -1.6113645053499432E-008   4.9329965091878432     
   40.740740740718167       0.12994246720579700        3.7858475920371490E-002  -9.8051227993838863E-002  -1.6176602463652179E-008   4.9278414942528022     
   40.864197530841551       0.13002193520539934        3.7935541766323064E-002  -9.8080508172037117E-002  -1.6206394080020423E-008   4.9418106432984681     
   40.987654320964943       0.13009477784058143        3.8017374578037944E-002  -9.8111200661989056E-002  -1.6169923692526244E-008   4.9514114859525984     
   41.111111111088327       0.13016158728079769        3.8082860737940295E-002  -9.8139611545122130E-002  -1.5999244541842375E-008   4.9372541661195823     
   41.234567901211719       0.13022724162402527        3.8127077568352673E-002  -9.8177492873906397E-002  -1.5779328496694149E-008   4.9124778964691078     
   41.358024691335110       0.13030032924291285        3.8166546126414465E-002  -9.8232137170188777E-002  -1.5527164911316051E-008   4.8983718933930946     
   41.481481481458495       0.13038401552259693        3.8213830516695822E-002  -9.8283255817395415E-002  -1.5391890210594180E-008   4.8995509947515892     
   41.604938271581887       0.13047126054450589        3.8264144214556491E-002  -9.8339918016228656E-002  -1.5244048285382089E-008   4.9108240881011422     
   41.728395061705271       0.13055246864158276        3.8313755320548697E-002  -9.8405688218811432E-002  -1.4967439167950423E-008   4.9095807335250043     
   41.851851851828663       0.13063243457112891        3.8347178231426506E-002  -9.8487947386544344E-002  -1.4681444933122704E-008   4.8983728455342535     
   41.975308641952047       0.13071390425420806        3.8375155568952365E-002  -9.8565912364499991E-002  -1.4540807798990634E-008   4.9001785852749098     
   42.098765432075439       0.13079382102657844        3.8405471612467344E-002  -9.8628072433972841E-002  -1.4408620507539424E-008   4.9149351638681171     
   42.222222222198823       0.13087861224897013        3.8439144462583529E-002  -9.8689910076328130E-002  -1.4256371862468800E-008   4.9119579004048557     
   42.345679012322215       0.13096098357736027        3.8490184223298467E-002  -9.8727075571155759E-002  -1.4228640032932814E-008   4.9179044904907672     
   42.469135802445599       0.13104012544811530        3.8564742551868182E-002  -9.8724494551662517E-002  -1.4288285585432021E-008   4.9556771433799920     
   42.592592592568991       0.13111806634926798        3.8639447660798416E-002  -9.8711900264109309E-002  -1.4316723637970040E-008   4.9769484581617389     
   42.716049382692383       0.13119263724092586        3.8708257329934825E-002  -9.8702980926782119E-002  -1.4303697227162642E-008   4.9758755738761336     
   42.839506172815767       0.13126083257154095        3.8791674940803059E-002  -9.8703873415932813E-002  -1.4471161544511854E-008   5.0171555015420939     
   42.962962962939159       0.13132633032081265        3.8873419763183203E-002  -9.8762995745725002E-002  -1.4419227245183864E-008   5.0509013484032552     
   43.086419753062543       0.13140069003289961        3.8926790478264015E-002  -9.8906315095204089E-002  -1.4202056065879596E-008   5.0408188645902987     
   43.209876543185935       0.13148720324277713        3.8971482734033919E-002  -9.9100075904258206E-002  -1.4011331838405339E-008   5.0051284797054434     
   43.333333333309319       0.13157671630426127        3.9014099923776357E-002  -9.9302693642929762E-002  -1.3723480995991942E-008   4.9815107232301488     
   43.456790123432711       0.13166631692754563        3.9057288127238292E-002  -9.9479504680937858E-002  -1.3578051189811557E-008   4.9789033035275665     
   43.580246913556095       0.13174773787812930        3.9100681661403090E-002  -9.9591019404645043E-002  -1.3481772849468301E-008   4.9700467728468016     
   43.703703703679487       0.13181208023309007        3.9137806491160998E-002  -9.9632767483485790E-002  -1.3410162792332611E-008   4.9737377327223751     
   43.827160493802872       0.13186083254475781        3.9163959455011700E-002  -9.9634578655700773E-002  -1.3573183226757485E-008   4.9914459956148587     
   43.950617283926263       0.13190414362933403        3.9183323144183907E-002  -9.9619402919332412E-002  -1.3616042342785186E-008   4.9903123369627060     
   44.074074074049655       0.13195408057531544        3.9196092579018814E-002  -9.9614359750729770E-002  -1.3673948570645123E-008   4.9741461622274272     
   44.197530864173039       0.13200235813799607        3.9222735955729927E-002  -9.9617315554223373E-002  -1.3642342848059092E-008   4.9555341856592534     
   44.320987654296431       0.13203702354722036        3.9267031927958579E-002  -9.9569297901332066E-002  -1.3474677240929748E-008   4.9318758290354996     
   44.444444444419815       0.13206486824004679        3.9317928176224634E-002  -9.9481948756881433E-002  -1.3417614347975231E-008   4.9067188509961177     
   44.567901234543207       0.13209812776687038        3.9365890896365642E-002  -9.9415404746898778E-002  -1.3530324706247279E-008   4.9019612478700525     
   44.691358024666592       0.13212937876307204        3.9402403742935126E-002  -9.9394717700556745E-002  -1.3639648207571059E-008   4.9136610154876257     
   44.814814814789983       0.13216152466412531        3.9420429051362255E-002  -9.9398136305024920E-002  -1.3518466779652360E-008   4.8934923567624962     
   44.938271604913368       0.13220148396722650        3.9437594626173730E-002  -9.9397400560638866E-002  -1.3479767779404468E-008   4.8825394808630191     
   45.061728395036759       0.13224677941375662        3.9467406131195266E-002  -9.9425374587872623E-002  -1.3622884698662714E-008   4.8880990940115963     
   45.185185185160144       0.13230229921188230        3.9497188636166899E-002  -9.9511996085791227E-002  -1.3772932698824251E-008   4.9024588113227390     
   45.308641975283535       0.13236937578278121        3.9520523480151962E-002  -9.9642786802318195E-002  -1.3904209052695755E-008   4.9048521113364272     
   45.432098765406927       0.13244755425668958        3.9537228267150185E-002  -9.9796491013566802E-002  -1.3854270380249564E-008   4.8579924043459348     
   45.555555555530312       0.13254419562836600        3.9551712749219432E-002  -9.9984152610060745E-002  -1.3648191224060651E-008   4.8009654999347111     
   45.679012345653703       0.13265045986920743        3.9587271775542013E-002 -0.10019047158948585       -1.3670283960748075E-008   4.7942804669185772     
   45.802469135777088       0.13273564903912152        3.9648579329788908E-002 -0.10034693095763225       -1.3922724057644183E-008   4.8233749716153405     
   45.925925925900479       0.13279289164224811        3.9711100643525218E-002 -0.10044876872028846       -1.4109107305640485E-008   4.8393612472207428     
   46.049382716023864       0.13283708217919124        3.9752758453435323E-002 -0.10052096491514942       -1.4069680912946740E-008   4.8225515708148770     
   46.172839506147255       0.13287129472204628        3.9778392327685062E-002 -0.10056971988870339       -1.4040972291805108E-008   4.8107176281490736     
   46.296296296270640       0.13289808721600080        3.9801444348449684E-002 -0.10059263852443612       -1.4071647807458294E-008   4.8038266679853088     
   46.419753086394032       0.13292349594494574        3.9816764320851947E-002 -0.10059622778139737       -1.4028802734648408E-008   4.8067658543371188     
   46.543209876517416       0.13295575730736411        3.9819803618951592E-002 -0.10062254038262933       -1.3998778697863476E-008   4.8160778578746672     
   46.666666666640808       0.13298620402522815        3.9819781667060114E-002 -0.10066752641591889       -1.3979354511316920E-008   4.8244813234855952     
   46.790123456764199       0.13301168584077303        3.9828722547913108E-002 -0.10070572831541022       -1.3978911006469635E-008   4.8273880716176212     
   46.913580246887584       0.13304025207378464        3.9839427352812741E-002 -0.10074731080958033       -1.3973881997905571E-008   4.8312351912934641     
   47.037037037010975       0.13306901480796821        3.9855809121402117E-002 -0.10076758469865565       -1.3975289223162302E-008   4.8538735892813749     
   47.160493827134360       0.13309267807856259        3.9871228188612148E-002 -0.10074932843820394       -1.3863450458778438E-008   4.8592243391100753     
   47.283950617257752       0.13311315210528105        3.9876846783600282E-002 -0.10073765984731378       -1.3555393210790721E-008   4.8267081583654132     
   47.407407407381136       0.13313431125083308        3.9886747947740185E-002 -0.10075709599692345       -1.3428582359384270E-008   4.8219336594863567     
   47.530864197504528       0.13314670962919134        3.9921472829329348E-002 -0.10078487173866213       -1.3413897416987595E-008   4.8302403776796003     
   47.654320987627912       0.13314790881500632        3.9964916041813625E-002 -0.10080868745657126       -1.3410717585641070E-008   4.8406926860402839     
   47.777777777751304       0.13315059183780403        4.0002365848157799E-002 -0.10082487005208082       -1.3455801732349443E-008   4.8537138397428681     
   47.901234567874688       0.13315912274055997        4.0038452217070870E-002 -0.10084014791054013       -1.3502987718649308E-008   4.8689810019658308     
   48.024691357998080       0.13316783683107850        4.0075343950592875E-002 -0.10083947748399230       -1.3440258779943542E-008   4.8813736610546847     
   48.148148148121471       0.13318178189967092        4.0109056067506817E-002 -0.10080925535028318       -1.3328851601949437E-008   4.8794960586376455     
   48.271604938244856       0.13320847478110914        4.0133772742110593E-002 -0.10075366421231860       -1.3194543694506125E-008   4.8720538438734566     
   48.395061728368248       0.13324063879150513        4.0148588699135422E-002 -0.10068857850603899       -1.3130468375261616E-008   4.8808592318102937     
   48.518518518491632       0.13327518783555997        4.0148975340680675E-002 -0.10061295712687771       -1.3170422382769312E-008   4.8923468691801375     
   48.641975308615024       0.13331759275702038        4.0136031050318405E-002 -0.10053726335218366       -1.3169553118938493E-008   4.8888695073655022     
   48.765432098738408       0.13337306148988856        4.0129004801054698E-002 -0.10049711638805678       -1.3257526287993262E-008   4.9170008348139378     
   48.888888888861800       0.13343178031785280        4.0146495344381007E-002 -0.10048027832163234       -1.3248848815941463E-008   4.9373628258270958     
   49.012345678985184       0.13348669336378105        4.0168125931432548E-002 -0.10046801948665290       -1.2849909493941293E-008   4.8827232790276147     
   49.135802469108576       0.13354146619424365        4.0195994215400870E-002 -0.10046712038043706       -1.2655075999996343E-008   4.8715086454418772     
   49.259259259231960       0.13359637326297930        4.0247961440144787E-002 -0.10046948103416567       -1.2651855229802336E-008   4.9126973808991297     
   49.382716049355352       0.13365114465429248        4.0306157509927790E-002 -0.10048903235178563       -1.2858810010849223E-008   4.9398584824983116     
   49.506172839478744       0.13369987715100837        4.0353870911277026E-002 -0.10052814889150746       -1.3013484958842546E-008   4.9557597506390358     
   49.629629629602128       0.13375234858710452        4.0387869444272542E-002 -0.10058623405190370       -1.3123321182983349E-008   4.9688137820972571     
   49.753086419725520       0.13380866903977834        4.0417442049653522E-002 -0.10064317661173047       -1.3221922189662488E-008   4.9828210042350580     
   49.876543209848904       0.13386614538381095        4.0440859641438336E-002 -0.10067438552235353       -1.3175290277474665E-008   4.9829599762303909     
   49.999999999972296       0.13392725850804024        4.0461314298565684E-002 -0.10066141849601534       -1.3101697379986583E-008   5.0005035589885836     
   50.123456790095680       0.13398447999087867        4.0492569013712690E-002 -0.10060775662332661       -1.2971934213276382E-008   5.0127984376589172     
   50.246913580219072       0.13403822787227809        4.0524006569437658E-002 -0.10056227908957266       -1.2732640184728180E-008   4.9955404861464450     
   50.370370370342457       0.13408935177426140        4.0554107574007993E-002 -0.10054981889097114       -1.2718650389630058E-008   4.9874312734835451     
   50.493827160465848       0.13413459701156014        4.0589960380011017E-002 -0.10058310123709349       -1.2900677476324919E-008   4.9892380925437116     
   50.617283950589233       0.13417247009041022        4.0602393584912445E-002 -0.10066033305223140       -1.2999720235595864E-008   4.9944319651055178     
   50.740740740712624       0.13419464679270898        4.0590954334627637E-002 -0.10073902222295225       -1.3047344558535467E-008   5.0075962786464050     
   50.864197530836016       0.13420584690173176        4.0574298534509445E-002 -0.10078296955250021       -1.3139395004984512E-008   5.0107902412590981     
   50.987654320959400       0.13420663967588015        4.0557238988503455E-002 -0.10079022676763144       -1.3199033489214778E-008   5.0255188147592458     
   51.111111111082792       0.13418755669818277        4.0544708898136952E-002 -0.10075410266311377       -1.3301767077787602E-008   5.0765758632995253     
   51.234567901206177       0.13415009796814023        4.0528401723131435E-002 -0.10067596101094134       -1.3349319039281006E-008   5.0736753853731287     
   51.358024691329568       0.13410301316622106        4.0517468706369693E-002 -0.10060255076496818       -1.3193809491103308E-008   5.0139645463490119     
   51.481481481452953       0.13405440997055842        4.0513076366796047E-002 -0.10057104870662811       -1.3095157476374939E-008   4.9994594493876665     
   51.604938271576344       0.13400481542680809        4.0502029203238865E-002 -0.10055760833452335       -1.3068292973911399E-008   4.9896322586495536     
   51.728395061699729       0.13395234010444437        4.0484360256464631E-002 -0.10054153190448026       -1.3110883095097777E-008   5.0044682543420915     
   51.851851851823120       0.13389459281292801        4.0449748391409135E-002 -0.10050111220730007       -1.3035025265552370E-008   5.0018499511771859     
   51.975308641946505       0.13383589831955164        4.0402804147265638E-002 -0.10044161673317839       -1.2932236154934638E-008   4.9957735621651400     
   52.098765432069897       0.13377736750448202        4.0351348816926404E-002 -0.10038713660893911       -1.2772344326173044E-008   4.9811650457229266     
   52.222222222193288       0.13371134128520987        4.0309196919445130E-002 -0.10032833762251719       -1.2710831867445761E-008   4.9544700458289963     
   52.345679012316673       0.13364006426082070        4.0271486792591238E-002 -0.10026790328219948       -1.2555030831768186E-008   4.9272408834359389     
   52.469135802440064       0.13356530746197628        4.0235746011422102E-002 -0.10020947265515215       -1.2478991641099271E-008   4.9173641602470894     
   52.592592592563449       0.13349451732001283        4.0191614214757518E-002 -0.10017014169101926       -1.2372723248768042E-008   4.9003675295864415     
   52.716049382686840       0.13343244665819834        4.0139755085264045E-002 -0.10016515250887612       -1.2261361566228638E-008   4.8732576961500467     
   52.839506172810225       0.13337885561782642        4.0095251228697421E-002 -0.10018028883574390       -1.2315796372960245E-008   4.8733702972991653     
   52.962962962933616       0.13333492776823777        4.0060434235052997E-002 -0.10018982003477483       -1.2428726851426461E-008   4.8887495123822742     
   53.086419753057001       0.13329162204895093        4.0032976566332222E-002 -0.10018757245757662       -1.2574061781598352E-008   4.9024544774105969     
   53.209876543180393       0.13323715529895017        4.0011025190942323E-002 -0.10017359186026323       -1.2687089437147783E-008   4.9073406850007162     
   53.333333333303777       0.13317863137946850        3.9986858617567400E-002 -0.10015428801211088       -1.2744988414703917E-008   4.9034090511232371     
   53.456790123427169       0.13312318216547447        3.9946573530590959E-002 -0.10014085464892383       -1.2747883543343048E-008   4.9041874675469863     
   53.580246913550553       0.13307554273934297        3.9901343604932034E-002 -0.10012627800988749       -1.2938176726130217E-008   4.9008730960334139     
   53.703703703673945       0.13303864213934008        3.9867058430766086E-002 -0.10010510978547554       -1.3218221233287625E-008   4.9024077834790720     
   53.827160493797336       0.13300443357199043        3.9847023182521847E-002 -0.10006809649401699       -1.3583635728527359E-008   4.9253604042342261     
   53.950617283920721       0.13296173655620913        3.9838752393545292E-002 -0.10000456288825346       -1.3912489388203587E-008   4.9484647118187262     
   54.074074074044113       0.13291052969464787        3.9823865655887858E-002  -9.9930745998167869E-002  -1.3991600740741230E-008   4.9476410050300483     
   54.197530864167497       0.13285071270984236        3.9786729326626552E-002  -9.9866027905205990E-002  -1.3773931459940575E-008   4.9280439038298240     
   54.320987654290889       0.13279195848716860        3.9746140074533122E-002  -9.9829928717312166E-002  -1.3616360574613271E-008   4.9259480806191389     
   54.444444444414273       0.13274581034500266        3.9704637618702902E-002  -9.9825401106046013E-002  -1.3547882658415980E-008   4.9403717625122550     
   54.567901234537665       0.13269799431328852        3.9667587836568589E-002  -9.9820837552591746E-002  -1.3498085284688621E-008   4.9420875655937584     
   54.691358024661049       0.13264189214032598        3.9636167527874210E-002  -9.9808639407660826E-002  -1.3425165183471518E-008   4.9232448861765556     
   54.814814814784441       0.13258797828007268        3.9617094288699868E-002  -9.9794286537873783E-002  -1.3559317821978142E-008   4.9398554496634457     
   54.938271604907825       0.13253667567868208        3.9610332942246335E-002  -9.9774956503208917E-002  -1.3723678086012817E-008   4.9606525228531027     
   55.061728395031217       0.13247991935988068        3.9593382020051651E-002  -9.9742270594975285E-002  -1.3805264788947602E-008   4.9703137807999198     
   55.185185185154609       0.13241986385330642        3.9556541650233056E-002  -9.9696152415380129E-002  -1.3757681298468085E-008   4.9623390732268495     
   55.308641975277993       0.13235044569608137        3.9510674163133509E-002  -9.9651408181841733E-002  -1.3744183229714395E-008   4.9612926962106032     
   55.432098765401385       0.13226708342653268        3.9468015676739562E-002  -9.9618891713001229E-002  -1.3852386002685160E-008   4.9831355732306255     
   55.555555555524769       0.13217705471375310        3.9415617448131726E-002  -9.9629791787321703E-002  -1.3923730454146060E-008   5.0014244068782476     
   55.679012345648161       0.13208131438953538        3.9355785242280096E-002  -9.9677567972423969E-002  -1.4034924397938397E-008   4.9996614079314430     
   55.802469135771545       0.13198600122066717        3.9286775929735375E-002  -9.9728752487756978E-002  -1.4083306109963549E-008   5.0053426597283499     
   55.925925925894937       0.13189446454965070        3.9210044761948844E-002  -9.9771619359399738E-002  -1.3984921132608729E-008   5.0072952390275036     
   56.049382716018322       0.13180860456645643        3.9129601243917900E-002  -9.9809003149833153E-002  -1.3649833970056980E-008   4.9746589070967007     
   56.172839506141713       0.13173154707720422        3.9064571049710561E-002  -9.9852638629555762E-002  -1.3544501939551391E-008   4.9688219011145733     
   56.296296296265098       0.13164777621722393        3.9034445290374239E-002  -9.9902537236182282E-002  -1.3571714120155661E-008   4.9598735285206468     
   56.419753086388489       0.13156274397490136        3.9009076447899360E-002  -9.9974692714605268E-002  -1.3550589035396957E-008   4.9443632873726839     
   56.543209876511881       0.13148122104101553        3.8991625609770764E-002 -0.10004598056808398       -1.3840567958784225E-008   4.9581992621684199     
   56.666666666635265       0.13139474492794975        3.8987379007962959E-002 -0.10007780052384740       -1.4079330418642688E-008   4.9713974084628054     
   56.790123456758657       0.13130790584138627        3.8966087987264406E-002 -0.10007068332580352       -1.4144675674658198E-008   4.9587557859451206     
   56.913580246882042       0.13121598416995650        3.8928944729394482E-002 -0.10001068103699159       -1.4253137570858388E-008   4.9437312276139611     
   57.037037037005433       0.13112192287210139        3.8884384981538588E-002  -9.9914238524273780E-002  -1.4313438171212677E-008   4.9235152298105405     
   57.160493827128818       0.13103197684432530        3.8847727567889324E-002  -9.9808401273532799E-002  -1.4499304175284944E-008   4.9481882551335303     
   57.283950617252209       0.13094884691372477        3.8821875785390828E-002  -9.9702187815861404E-002  -1.4837212229973752E-008   5.0177852907208216     
   57.407407407375594       0.13088190257759350        3.8788279953844207E-002  -9.9624382584595050E-002  -1.5102981375097162E-008   5.0467349314469194     
   57.530864197498985       0.13083053018912130        3.8733206022685394E-002  -9.9594315041493187E-002  -1.5019416292726206E-008   5.0031716478709178     
   57.654320987622370       0.13079250265969353        3.8660705494895774E-002  -9.9608682147362987E-002  -1.4808300659393605E-008   4.9806512918715473     
   57.777777777745762       0.13076014865974811        3.8574244316623880E-002  -9.9642528600387192E-002  -1.4548188746664130E-008   4.9285423018294079     
   57.901234567869153       0.13072877759244686        3.8502044710908692E-002  -9.9671583743409536E-002  -1.4505703467064640E-008   4.9347966932136522     
   58.024691357992538       0.13069439480414605        3.8443612065714242E-002  -9.9695351275643468E-002  -1.4613321371643537E-008   4.9601287913811092     
   58.148148148115929       0.13065381655619679        3.8369751702452548E-002  -9.9713133618000799E-002  -1.4621539676878888E-008   4.9220394962898020     
   58.271604938239314       0.13061555361664529        3.8295918796624362E-002  -9.9725683653954955E-002  -1.4626398215490667E-008   4.9129542759630338     
   58.395061728362705       0.13057485625182949        3.8226363886433232E-002  -9.9755756887277947E-002  -1.4551512671098533E-008   4.9180151129151115     
   58.518518518486090       0.13053702805824530        3.8165531813387624E-002  -9.9820169652640622E-002  -1.4695632989179277E-008   4.9354235089476379     
   58.641975308609481       0.13050877063604774        3.8125052214036732E-002  -9.9911803824837497E-002  -1.5017419961724533E-008   4.9709171010594924     
   58.765432098732866       0.13048415070305264        3.8084129005317172E-002  -9.9997559679671721E-002  -1.5150257563990581E-008   4.9793792113143800     
   58.888888888856258       0.13045597354625360        3.8013035669976401E-002 -0.10003485447719301       -1.4942803828561674E-008   4.9378400149416688     
   59.012345678979642       0.13043304838533598        3.7928448688764986E-002 -0.10001735532825529       -1.4734986159376344E-008   4.9060534469673369     
   59.135802469103034       0.13040265079252214        3.7862205704920236E-002  -9.9943317023592493E-002  -1.4490243216155354E-008   4.8903476371446590     
   59.259259259226425       0.13035480762546506        3.7812648795338931E-002  -9.9856139712747261E-002  -1.4387853364115359E-008   4.8901845790087535     
   59.382716049349810       0.13030573348048730        3.7763030265892568E-002  -9.9803468550475810E-002  -1.4376444961331879E-008   4.9002475360566358     
   59.506172839473201       0.13024866165516052        3.7710428859486188E-002  -9.9748671699617680E-002  -1.4419327711462689E-008   4.9059876584822728     
   59.629629629596586       0.13017997964704905        3.7657930222419693E-002  -9.9661426711160517E-002  -1.4404785455824912E-008   4.9026953608711130     
   59.753086419719978       0.13010421680001921        3.7604649537085651E-002  -9.9544736480359580E-002  -1.4392259568572595E-008   4.9046876784222135     
   59.876543209843362       0.13001782092399083        3.7547283127720488E-002  -9.9411473180445215E-002  -1.4461510290473111E-008   4.8966987948387155     
   59.999999999966754       0.12992292344353470        3.7490467620123202E-002  -9.9277673943718087E-002  -1.4527476450896082E-008   4.8875185150234985     
   60.123456790090138       0.12982319039671586        3.7437839745931380E-002  -9.9149726811853633E-002  -1.4465807348036481E-008   4.8734624992362239     
   60.246913580213530       0.12971891470815122        3.7381899927925490E-002  -9.9008708995192318E-002  -1.4410134617539981E-008   4.8605596320128219     
   60.370370370336914       0.12961198685147710        3.7325462152555382E-002  -9.8851987781483269E-002  -1.4423161164022121E-008   4.8317468119918718     
   60.493827160460306       0.12951364199620574        3.7266158887085406E-002  -9.8720707635352345E-002  -1.4510896473121188E-008   4.8238005298411455     
   60.617283950583698       0.12942989052604637        3.7216843654950101E-002  -9.8624344163162014E-002  -1.4721066330389217E-008   4.8396449356747198     
   60.740740740707082       0.12934865153335456        3.7176571175222349E-002  -9.8533962404457359E-002  -1.4835875511102944E-008   4.8591499865412207     
   60.864197530830474       0.12926676474412388        3.7134615395464719E-002  -9.8456111023782739E-002  -1.4953392115912608E-008   4.8768194162626077     
   60.987654320953858       0.12918720138510814        3.7087473216134099E-002  -9.8403911715170239E-002  -1.5064906358633438E-008   4.8839239675290882     
   61.111111111077250       0.12910964349223991        3.7033652057617265E-002  -9.8372291657861877E-002  -1.5214603717288365E-008   4.8881889096255851     
   61.234567901200634       0.12903593066831051        3.6970527808397213E-002  -9.8352275680419654E-002  -1.5249360492892547E-008   4.8898020737357673     
   61.358024691324026       0.12897057093900899        3.6885908655704923E-002  -9.8339224336038950E-002  -1.5195641350472879E-008   4.8715028271456626     
   61.481481481447410       0.12890420420409024        3.6794378128888083E-002  -9.8309395310033493E-002  -1.5349095649704944E-008   4.8427622912142176     
   61.604938271570802       0.12883680962744590        3.6718278431878672E-002  -9.8262339885632821E-002  -1.5448743207998898E-008   4.8280707733960311     
   61.728395061694187       0.12877294480162882        3.6655614647544764E-002  -9.8206826355449889E-002  -1.5446299971196136E-008   4.8452777921656329     
