           0           0           0           0
  0.11494252873556848        7.4947963922983784E-003   4.1909075001305737E-002  -7.3204148094517547E-003  -2.5317937403298769E-008   4.9660275614239984     
  0.22988505747113697        2.2002585924680001E-002   4.0606537616712089E-002  -2.0869639124747884E-002  -1.9279348410490978E-008   4.8787451750062720     
  0.34482758620670545        3.5718520976644394E-002   3.9500230891556021E-002  -3.3180408824078675E-002  -1.3774680094471881E-008   4.8085359335533511     
  0.45977011494227393        4.8425210331199002E-002   3.8529169427981673E-002  -4.4128804104126680E-002  -9.0860783707958504E-009   4.7279392212652978     
  0.57471264367784247        6.0004252105910295E-002   3.7615150276350678E-002  -5.3702161259508469E-002  -5.3147348191372699E-009   4.6434037656832556     
  0.68965517241341090        7.0416689993509612E-002   3.6713420816326878E-002  -6.1965771518761883E-002  -2.5710058987533839E-009   4.5713219588685288     
  0.80459770114897933        7.9664537895062337E-002   3.5808810692086815E-002  -6.9000375529433444E-002  -7.6578053656486030E-010   4.5138986339612819     
  0.91954022988454787        8.7790339815163335E-002   3.4883933014537814E-002  -7.4923742065204135E-002   2.5968811230167407E-010   4.4743296336991811     
   1.0344827586201164        9.4871182203260893E-002   3.3945261695517544E-002  -7.9870883277120622E-002   6.1845381049035462E-010   4.4458722479946067     
   1.1494252873556849       0.10099274385102411        3.3009338283032534E-002  -8.3963423482879482E-002   5.8450047306971515E-010   4.4212589971530525     
   1.2643678160912533       0.10623905300701807        3.2093238159538844E-002  -8.7306268483923116E-002   3.3049647056604087E-010   4.3973748890174624     
   1.3793103448268218       0.11070174482949634        3.1216820232200938E-002  -9.0013596036905646E-002  -1.4063776152705877E-010   4.3842088079116222     
   1.4942528735623903       0.11446490198524235        3.0386888992264115E-002  -9.2174156054124684E-002  -7.5762785277202930E-010   4.3825621813719824     
   1.6091954022979587       0.11760819752601109        2.9607289974707681E-002  -9.3859111118838018E-002  -1.4991570419138175E-009   4.3991693703407382     
   1.7241379310335272       0.12020806629383099        2.8884959948960041E-002  -9.5150369039475213E-002  -2.3042185399687680E-009   4.4251842495171863     
   1.8390804597690957       0.12232723471843862        2.8216060657513552E-002  -9.6117071710848351E-002  -3.0785410912444590E-009   4.4574662539994945     
   1.9540229885046643       0.12403145955343362        2.7601714947392216E-002  -9.6824204517724999E-002  -4.1071727120199853E-009   4.4889853542802500     
   2.0689655172402328       0.12537344771695633        2.7045358977015120E-002  -9.7309100583024916E-002  -5.3563635037931246E-009   4.5235702871167849     
   2.1839080459758011       0.12639649672437206        2.6542067812470052E-002  -9.7594637876419921E-002  -6.8334533676209418E-009   4.5605462418045741     
   2.2988505747113699       0.12714510310745841        2.6093682470404559E-002  -9.7710917394657537E-002  -8.5026334407811646E-009   4.6011159455653852     
   2.4137931034469382       0.12765848502817820        2.5696544003844992E-002  -9.7694561349388448E-002  -1.0288239845584140E-008   4.6590565014671199     
   2.5287356321825065       0.12796956847412780        2.5343872320506215E-002  -9.7563776773661876E-002  -1.2318730927506652E-008   4.7293471809573253     
   2.6436781609180753       0.12811125988221794        2.5028640194413206E-002  -9.7342024023278018E-002  -1.4356303182232551E-008   4.7838428354151361     
   2.7586206896536436       0.12810783308414045        2.4740136028908687E-002  -9.7052827701680222E-002  -1.6031597930709563E-008   4.8088208098800331     
   2.8735632183892119       0.12797530680248229        2.4477725342996054E-002  -9.6700856972321475E-002  -1.7557570089110109E-008   4.8255552386621368     
   2.9885057471247807       0.12773432241181196        2.4241159207726317E-002  -9.6302645123088393E-002  -1.8987659333630712E-008   4.8432753076986357     
   3.1034482758603490       0.12740439064226597        2.4028921975375251E-002  -9.5863669593028500E-002  -2.0142515223041958E-008   4.8534434926613708     
   3.2183908045959173       0.12700934921475837        2.3842164076876466E-002  -9.5406036965989455E-002  -2.1425051508663052E-008   4.8944877963702957     
   3.3333333333314861       0.12656067314597283        2.3684048207038053E-002  -9.4951669818800738E-002  -2.2921380987062941E-008   4.9555991756212538     
   3.4482758620670544       0.12605740074270194        2.3547203965730554E-002  -9.4475693392267857E-002  -2.4380495200174392E-008   5.0214900978402000     
   3.5632183908026231       0.12550613208896810        2.3421624956756908E-002  -9.3979088961879814E-002  -2.5905530860845463E-008   5.0826124855300874     
   3.6781609195381915       0.12492970651642886        2.3305379433974087E-002  -9.3504337391045383E-002  -2.7399304022125646E-008   5.1229859353817320     
   3.7931034482737598       0.12434017384082942        2.3199540524248524E-002  -9.3068666208287076E-002  -2.8665321601653159E-008   5.1389817785030454     
   3.9080459770093285       0.12373332230665457        2.3103100903537746E-002  -9.2655735868246297E-002  -3.0050962089162245E-008   5.1681758142707670     
   4.0229885057448973       0.12311474513782385        2.3017056145769640E-002  -9.2262557081914082E-002  -3.1746015098084099E-008   5.2242019529086638     
   4.1379310344804656       0.12248473549771112        2.2937904778353346E-002  -9.1888485957344640E-002  -3.3127048258987793E-008   5.2546594831261118     
   4.2528735632160339       0.12184728457360051        2.2859442555543740E-002  -9.1523658684348863E-002  -3.4077089334423120E-008   5.2677491356207522     
   4.3678160919516023       0.12121937115831014        2.2783902787736069E-002  -9.1173656049643642E-002  -3.4990174470675768E-008   5.3116666072545975     
   4.4827586206871706       0.12059786781724224        2.2710631250661296E-002  -9.0826850019550931E-002  -3.5420244566320101E-008   5.3323788936634831     
   4.5977011494227398       0.11997362257278589        2.2637058381200899E-002  -9.0465221981415295E-002  -3.5263283469401284E-008   5.3038398735401060     
   4.7126436781583081       0.11935935441968548        2.2570084985607679E-002  -9.0115561160476532E-002  -3.4903479981500806E-008   5.2637030171409229     
   4.8275862068938764       0.11875840640509633        2.2513059099987597E-002  -8.9779379318711938E-002  -3.4623853859300084E-008   5.2448716889620552     
   4.9425287356294447       0.11816198477318872        2.2465532100923290E-002  -8.9429214840622856E-002  -3.4740696528677324E-008   5.2683516414925871     
   5.0574712643650130       0.11756780132325255        2.2425896528195093E-002  -8.9053594818600978E-002  -3.5122403788068550E-008   5.2954463441310367     
   5.1724137931005814       0.11697813037955433        2.2393790021418131E-002  -8.8659630599325745E-002  -3.5665941121265671E-008   5.3095589094466753     
   5.2873563218361506       0.11639131340095317        2.2365210985876856E-002  -8.8255627781141321E-002  -3.6193729345193027E-008   5.3057929197687743     
   5.4022988505717189       0.11580798148208429        2.2335071401900226E-002  -8.7840619024785960E-002  -3.6696756005785549E-008   5.3013076795733944     
   5.5172413793072872       0.11523717483318166        2.2305749527525474E-002  -8.7427689543750242E-002  -3.7288039816986894E-008   5.3222896316508326     
   5.6321839080428555       0.11468009640959126        2.2274635452655064E-002  -8.7026987540822137E-002  -3.7506015401896494E-008   5.3226886354800138     
   5.7471264367784238       0.11412656195781404        2.2238584299908035E-002  -8.6624451525133206E-002  -3.7549798637538092E-008   5.3147363771036833     
   5.8620689655139930       0.11357829689805110        2.2199845314311056E-002  -8.6219821380587980E-002  -3.7842904033689967E-008   5.3133681766838050     
   5.9770114942495614       0.11304468825567883        2.2158090016199488E-002  -8.5823529695001288E-002  -3.8113644075129763E-008   5.3067903266535090     
   6.0919540229851297       0.11252489434795698        2.2114981817945439E-002  -8.5427874285850053E-002  -3.8453182623730663E-008   5.3187859082206437     
   6.2068965517206980       0.11202234175406528        2.2073684702260253E-002  -8.5039378247559388E-002  -3.8485200579847668E-008   5.3168749917079943     
   6.3218390804562663       0.11154192219633895        2.2035505100265012E-002  -8.4670267426857487E-002  -3.7961562694187968E-008   5.2814015934795666     
   6.4367816091918346       0.11107609656576449        2.2000971604650487E-002  -8.4311119070995311E-002  -3.7398526930668442E-008   5.2332651555013880     
   6.5517241379274038       0.11061851993453933        2.1978154685312237E-002  -8.3964236400548037E-002  -3.7271366635237680E-008   5.2194220472835946     
   6.6666666666629721       0.11016939914733294        2.1966249833183189E-002  -8.3640172462045415E-002  -3.7187196489673463E-008   5.2319078656082390     
   6.7816091953985405       0.10973667121186811        2.1954758925338311E-002  -8.3347248288404341E-002  -3.7162183581259513E-008   5.2502102086157265     
   6.8965517241341088       0.10932073166396297        2.1937847111571537E-002  -8.3077998474794662E-002  -3.7071203365315281E-008   5.2636555539797794     
   7.0114942528696771       0.10891658211498599        2.1912392624577684E-002  -8.2812762107331350E-002  -3.6702475399838226E-008   5.2483220029390933     
   7.1264367816052463       0.10852464153222037        2.1881540864802450E-002  -8.2542009563387503E-002  -3.6343182807915591E-008   5.2303403170033942     
   7.2413793103408146       0.10814613615412198        2.1854042685767596E-002  -8.2280324052436321E-002  -3.6402350611614377E-008   5.2302207812949382     
   7.3563218390763829       0.10778599534579303        2.1833102850733973E-002  -8.2045339862753724E-002  -3.6337594048603929E-008   5.2316880004606583     
   7.4712643678119512       0.10744195314741535        2.1814341153470425E-002  -8.1827269188328611E-002  -3.6048556194020922E-008   5.2323654612195343     
   7.5862068965475196       0.10710751415773165        2.1795457524352978E-002  -8.1615525306602127E-002  -3.5974483495784293E-008   5.2386177953006436     
   7.7011494252830888       0.10678016119753567        2.1778616796160839E-002  -8.1403370978133271E-002  -3.6154837230161787E-008   5.2487365859445125     
   7.8160919540186571       0.10646763325594989        2.1759821963688423E-002  -8.1191107524566292E-002  -3.6100294347270750E-008   5.2239948839699952     
   7.9310344827542254       0.10617119403349319        2.1738754512399774E-002  -8.0961499584303348E-002  -3.6152389943657595E-008   5.2052598533002143     
   8.0459770114897946       0.10588210383814137        2.1723051686858286E-002  -8.0707659034943507E-002  -3.6702396078488886E-008   5.2159818762966266     
   8.1609195402253629       0.10560677091679196        2.1708112451093817E-002  -8.0459776537892214E-002  -3.7121897191321817E-008   5.2270852925737339     
   8.2758620689609312       0.10534968134383117        2.1691175344476690E-002  -8.0225507634447607E-002  -3.7492424737265582E-008   5.2414283843019831     
   8.3908045976964996       0.10511128777572029        2.1672235756721062E-002  -8.0005846327354663E-002  -3.7825939444734941E-008   5.2481970996636509     
   8.5057471264320679       0.10488469279513706        2.1648492783622703E-002  -7.9796159135827188E-002  -3.7905868255840253E-008   5.2388225865661866     
   8.6206896551676362       0.10466730242353076        2.1622571740301039E-002  -7.9585896268056150E-002  -3.7974607185681889E-008   5.2421379406516202     
   8.7356321839032045       0.10446115000613146        2.1598166573976254E-002  -7.9377553480126622E-002  -3.8289904043516579E-008   5.2596336878697745     
   8.8505747126387728       0.10426404295160240        2.1574614722156254E-002  -7.9174780322256888E-002  -3.8170165120725978E-008   5.2291534547746288     
   8.9655172413743411       0.10407338364915188        2.1553605189499635E-002  -7.8979090085587539E-002  -3.8121847717084755E-008   5.2196264711109386     
   9.0804597701099095       0.10388709261413362        2.1535219366385517E-002  -7.8797551791171233E-002  -3.8363428390275322E-008   5.2340198596557101     
   9.1954022988454795       0.10370313033635102        2.1518257960712189E-002  -7.8627001082186787E-002  -3.8530138820542157E-008   5.2366347061595446     
   9.3103448275810479       0.10352023898181109        2.1500168987076768E-002  -7.8465779543271469E-002  -3.8461966036753606E-008   5.2224148451349146     
   9.4252873563166162       0.10333664502344621        2.1480622859761572E-002  -7.8312874118263348E-002  -3.8493478051522678E-008   5.2208874163074004     
   9.5402298850521845       0.10315293144694600        2.1461513305834744E-002  -7.8169399426979369E-002  -3.8637031713511845E-008   5.2230435482508524     
   9.6551724137877528       0.10297604465332441        2.1442804459731669E-002  -7.8049672990267077E-002  -3.8565805394914173E-008   5.2120520818919269     
   9.7701149425233211       0.10280321919879339        2.1423812082819769E-002  -7.7939160001229274E-002  -3.8378675090431542E-008   5.1994093072700291     
   9.8850574712588894       0.10263094672094811        2.1404543346829539E-002  -7.7816145855530289E-002  -3.8249018273617291E-008   5.1862886274957631     
   9.9999999999944578       0.10246473682093950        2.1382513695035063E-002  -7.7680667220059091E-002  -3.8125567069656440E-008   5.1707579685434624     
   10.114942528730026       0.10230547793013339        2.1356027997028879E-002  -7.7532091709846457E-002  -3.8182820664944601E-008   5.1656991469938189     
   10.229885057465594       0.10215662679591751        2.1328209804622553E-002  -7.7380869638401295E-002  -3.8279459429439602E-008   5.1592842561522421     
   10.344827586201163       0.10201998832323231        2.1305099333916260E-002  -7.7237377188219880E-002  -3.8458287337883059E-008   5.1739909994064357     
   10.459770114936733       0.10189083582332475        2.1286540538980218E-002  -7.7098458538099990E-002  -3.8786486233392256E-008   5.2038050812946066     
   10.574712643672301       0.10176571835918881        2.1266454742094345E-002  -7.6975961312391317E-002  -3.8884142654294542E-008   5.2175726897914600     
   10.689655172407869       0.10164078024919833        2.1242411993517736E-002  -7.6866564363527401E-002  -3.9029706839240606E-008   5.2159099244387823     
   10.804597701143438       0.10151878868620957        2.1218121521170315E-002  -7.6764237255435491E-002  -3.9024260906771782E-008   5.2059174220313009     
   10.919540229879006       0.10140498403822848        2.1197284290821277E-002  -7.6675986136586965E-002  -3.8751467096616271E-008   5.2024475897954154     
   11.034482758614574       0.10129772717949850        2.1180273564333028E-002  -7.6594242143640107E-002  -3.8396115794161543E-008   5.1961330589499726     
   11.149425287350143       0.10119495978973148        2.1165756160264011E-002  -7.6510720763071388E-002  -3.7928500218660961E-008   5.1805476941127688     
   11.264367816085711       0.10109996202552099        2.1152099124373245E-002  -7.6424200606339032E-002  -3.7256736072485271E-008   5.1609299543505136     
   11.379310344821279       0.10101220046926142        2.1141730378533848E-002  -7.6334323060557902E-002  -3.6497853137921326E-008   5.1537284177716716     
   11.494252873556848       0.10092903221346923        2.1132054887283511E-002  -7.6243825551586430E-002  -3.5673037660209481E-008   5.1459302998055803     
   11.609195402292416       0.10085461049853936        2.1125105957336968E-002  -7.6164441831289814E-002  -3.4678518144208525E-008   5.1271181602908236     
   11.724137931027986       0.10078647171522888        2.1121839769844983E-002  -7.6101024534489664E-002  -3.3802900864240491E-008   5.1193451405521948     
   11.839080459763554       0.10072043599272276        2.1119549295757805E-002  -7.6045921733952138E-002  -3.3189229166988400E-008   5.1168923573636897     
   11.954022988499123       0.10066192960949137        2.1121642553660072E-002  -7.5992141519749534E-002  -3.2901046957383095E-008   5.1312249384135864     
   12.068965517234691       0.10060774524734811        2.1124117802871857E-002  -7.5947374277173380E-002  -3.2886404152861022E-008   5.1457570424367347     
   12.183908045970259       0.10054402563216999        2.1127701431959356E-002  -7.5904624352856248E-002  -3.2931802070886291E-008   5.1547948636128860     
   12.298850574705828       0.10047372271459822        2.1126939504638675E-002  -7.5861660673206183E-002  -3.2893774936547975E-008   5.1525871797090907     
   12.413793103441396       0.10040172596934303        2.1120997052427398E-002  -7.5823527861036605E-002  -3.3006720886520911E-008   5.1518663621884437     
   12.528735632176964       0.10032534465286939        2.1114130019192389E-002  -7.5778218165955591E-002  -3.3447832570151663E-008   5.1655293665741846     
   12.643678160912533       0.10024746412373282        2.1103940867864615E-002  -7.5726345785613006E-002  -3.3928513850006747E-008   5.1777988816941312     
   12.758620689648101       0.10017450728660381        2.1088069565084713E-002  -7.5683597141588579E-002  -3.3964304878879119E-008   5.1641165590623830     
   12.873563218383669       0.10010347529892769        2.1068331417974887E-002  -7.5645915582210788E-002  -3.3779698761037721E-008   5.1358008088541478     
   12.988505747119239       0.10003186145677885        2.1047509570803785E-002  -7.5606090921028241E-002  -3.3676722437833317E-008   5.1245815132642241     
   13.103448275854808        9.9965199123265347E-002   2.1026348311637622E-002  -7.5573559925288802E-002  -3.3573240671511769E-008   5.1191135866428539     
   13.218390804590376        9.9902263071852571E-002   2.1010737675258327E-002  -7.5541887016692760E-002  -3.3560681306841582E-008   5.1251783812358296     
   13.333333333325944        9.9847108500890569E-002   2.0999270649798590E-002  -7.5508264136132708E-002  -3.3745569201249901E-008   5.1454621748128577     
   13.448275862061513        9.9795369047274624E-002   2.0989760535736406E-002  -7.5472176942904548E-002  -3.4061599733380719E-008   5.1701937393066366     
   13.563218390797081        9.9740711967799531E-002   2.0983508678957472E-002  -7.5427618804112612E-002  -3.4372893116437234E-008   5.2026628832818025     
   13.678160919532649        9.9689051632802297E-002   2.0980094868186482E-002  -7.5380724147071740E-002  -3.4600729180320837E-008   5.2259965733054754     
   13.793103448268218        9.9639653891652552E-002   2.0973857754647083E-002  -7.5335076142320753E-002  -3.4738031067541305E-008   5.2289045686427684     
   13.908045977003786        9.9588134523601116E-002   2.0961703737580679E-002  -7.5287171359052427E-002  -3.4818109051855509E-008   5.2160692147536052     
   14.022988505739354        9.9541194376924547E-002   2.0949029708071953E-002  -7.5236558504717790E-002  -3.4780928965677027E-008   5.1962775940161139     
   14.137931034474924        9.9503344490198459E-002   2.0936232317970156E-002  -7.5181034711514258E-002  -3.4714318003572412E-008   5.1807038338356914     
   14.252873563210493        9.9463124188658769E-002   2.0922331914614130E-002  -7.5107339596390724E-002  -3.4699244871304170E-008   5.1779570388117238     
   14.367816091946061        9.9417455512026118E-002   2.0913123077899345E-002  -7.5015828350466079E-002  -3.4605165859649663E-008   5.1755189653500659     
   14.482758620681629        9.9370294307664406E-002   2.0907241421351704E-002  -7.4922908818828113E-002  -3.4210167609814009E-008   5.1609356088612843     
   14.597701149417198        9.9317501102731742E-002   2.0900920513986974E-002  -7.4831054247747025E-002  -3.3665075698110140E-008   5.1458989041538983     
   14.712643678152766        9.9256209218044025E-002   2.0893178957787719E-002  -7.4744933980967140E-002  -3.3260222903171187E-008   5.1381512748375231     
   14.827586206888334        9.9191977114922558E-002   2.0883189552631035E-002  -7.4670989483575326E-002  -3.3064757864617918E-008   5.1289613381470716     
   14.942528735623902        9.9131154923609299E-002   2.0870784157017229E-002  -7.4607106382463276E-002  -3.3091016133974308E-008   5.1197684955506864     
   15.057471264359471        9.9072760883165356E-002   2.0862234703602565E-002  -7.4556021330650910E-002  -3.3333120986009577E-008   5.1180473690052581     
   15.172413793095039        9.9014091096763707E-002   2.0856295316640482E-002  -7.4505802000924173E-002  -3.3573759824708758E-008   5.1282122831970423     
   15.287356321830607        9.8954052559808534E-002   2.0850241070629091E-002  -7.4447259706912322E-002  -3.3871873624765357E-008   5.1480214411093659     
   15.402298850566178        9.8899304448421613E-002   2.0843763614132246E-002  -7.4396709502832989E-002  -3.3997957645878042E-008   5.1671059030809001     
   15.517241379301746        9.8857788542905431E-002   2.0834747720039851E-002  -7.4368172585630138E-002  -3.4142038669225731E-008   5.1906313913961544     
   15.632183908037314        9.8821940494166080E-002   2.0824494912878133E-002  -7.4349723493123424E-002  -3.4233721138341551E-008   5.1909642707469015     
   15.747126436772882        9.8781604040996868E-002   2.0815452156311486E-002  -7.4332808206677439E-002  -3.3975828575579121E-008   5.1706065200439433     
   15.862068965508451        9.8734812608855207E-002   2.0810689626429672E-002  -7.4319775623907028E-002  -3.3266636283849945E-008   5.1330236840683030     
   15.977011494244019        9.8684729606565477E-002   2.0805058890915988E-002  -7.4311996593794311E-002  -3.2419766493063841E-008   5.1000964899678936     
   16.091954022979589        9.8628482766746350E-002   2.0797422006965858E-002  -7.4303937922536173E-002  -3.1834663056640433E-008   5.0827197950475416     
   16.206896551715158        9.8565053633934765E-002   2.0789859761228827E-002  -7.4290128095626878E-002  -3.1288451300619613E-008   5.0662549714667673     
   16.321839080450726        9.8502731183976178E-002   2.0786538814716891E-002  -7.4274555851795709E-002  -3.1008676639839860E-008   5.0726478146680787     
   16.436781609186294        9.8442026192842078E-002   2.0786127047514067E-002  -7.4243192158461077E-002  -3.1122980273993017E-008   5.0978520407228602     
   16.551724137921862        9.8381641263007066E-002   2.0786734505776536E-002  -7.4199434131374115E-002  -3.1414320964724544E-008   5.1185113003452143     
   16.666666666657431        9.8321625360745457E-002   2.0791519157683621E-002  -7.4155298660098998E-002  -3.1660728993917977E-008   5.1237045384408058     
   16.781609195392999        9.8262762886704241E-002   2.0794976437192209E-002  -7.4106362792630429E-002  -3.1690959908141794E-008   5.1180500650952698     
   16.896551724128567        9.8206078654611326E-002   2.0796744810020824E-002  -7.4053710844540196E-002  -3.1857656622468720E-008   5.1282678968997057     
   17.011494252864136        9.8160396560068378E-002   2.0802793987810240E-002  -7.4006117132370930E-002  -3.2317326071534151E-008   5.1653092984458597     
   17.126436781599704        9.8129686296763538E-002   2.0812243842110206E-002  -7.3971364415161944E-002  -3.2609778161437896E-008   5.2118581308409020     
   17.241379310335272        9.8099866283859638E-002   2.0821252963769236E-002  -7.3941679877762789E-002  -3.2732943126532307E-008   5.2605764170670248     
   17.356321839070841        9.8061620458630913E-002   2.0826007149677531E-002  -7.3905179570663546E-002  -3.2956747849777675E-008   5.2955318447880408     
   17.471264367806409        9.8025237789516398E-002   2.0823732644501464E-002  -7.3872072712126272E-002  -3.2864991654271983E-008   5.2759547061860523     
   17.586206896541977        9.7999542340811235E-002   2.0815527229400572E-002  -7.3859601794862242E-002  -3.2300581478303830E-008   5.2234962603336479     
   17.701149425277546        9.7980572315668368E-002   2.0808759084877802E-002  -7.3858988655485486E-002  -3.1876000086815769E-008   5.2044538040363184     
   17.816091954013114        9.7956616318544285E-002   2.0810169263368528E-002  -7.3841250396763397E-002  -3.1459532420162317E-008   5.1991008149559299     
   17.931034482748682        9.7927241571249685E-002   2.0815178317937201E-002  -7.3809768747399959E-002  -3.0919258114077302E-008   5.1900071126264944     
   18.045977011484251        9.7895714579395637E-002   2.0819749518507468E-002  -7.3779601520211888E-002  -3.0616619775525099E-008   5.1772579615142433     
   18.160919540219819        9.7857373034139342E-002   2.0822884373767350E-002  -7.3744298265600236E-002  -3.0616922053518980E-008   5.1737541886682097     
   18.275862068955387        9.7816586261201266E-002   2.0828533389195644E-002  -7.3712062649488999E-002  -3.0815130478862841E-008   5.1801226111085077     
   18.390804597690959        9.7777044600619076E-002   2.0837626431729185E-002  -7.3693006389274715E-002  -3.0876475117459343E-008   5.1897218820308000     
   18.505747126426527        9.7726005012056763E-002   2.0845491569153444E-002  -7.3662797314926101E-002  -3.0847066801668125E-008   5.1923301806269251     
   18.620689655162096        9.7671940458817746E-002   2.0852215525447231E-002  -7.3622972194215083E-002  -3.0607321160821259E-008   5.1709332287117844     
   18.735632183897664        9.7628635748049142E-002   2.0859858923485599E-002  -7.3594467773370295E-002  -3.0282639379004907E-008   5.1542602759475562     
   18.850574712633232        9.7588107200213228E-002   2.0869927543014508E-002  -7.3561720774823314E-002  -3.0305134446735608E-008   5.1637403953460144     
   18.965517241368801        9.7550378907260940E-002   2.0879721841024955E-002  -7.3528065892935965E-002  -3.0476173980451899E-008   5.1810044383277303     
   19.080459770104369        9.7517716536097768E-002   2.0886427004516862E-002  -7.3503884096340344E-002  -3.0533288223379130E-008   5.1933713484149120     
   19.195402298839937        9.7483118951888409E-002   2.0891155803196126E-002  -7.3470977785654326E-002  -3.0548525426887243E-008   5.2000734874664643     
   19.310344827575506        9.7445425307630326E-002   2.0897847726238268E-002  -7.3425650554033078E-002  -3.0726742538263119E-008   5.2162625723934193     
   19.425287356311074        9.7412702224271744E-002   2.0906691102385456E-002  -7.3383113431855856E-002  -3.0855956118417146E-008   5.2088834416225733     
   19.540229885046642        9.7388537873525860E-002   2.0915732804196945E-002  -7.3339561640781259E-002  -3.0945729630306307E-008   5.2051219119969581     
   19.655172413782211        9.7375629960206572E-002   2.0927653882611426E-002  -7.3301406596243512E-002  -3.1012392428289616E-008   5.2167828382426809     
   19.770114942517779        9.7366156350841948E-002   2.0938954730899930E-002  -7.3268523742790512E-002  -3.0721405467585025E-008   5.2293093713739047     
   19.885057471253347        9.7355788710346836E-002   2.0942080563574370E-002  -7.3236483043165101E-002  -3.0190660858084629E-008   5.2155678237536751     
   19.999999999988916        9.7346816601339453E-002   2.0939029789208329E-002  -7.3209733286844797E-002  -2.9631226385986010E-008   5.1935609393648683     
   20.114942528724484        9.7341838913607454E-002   2.0936651705531766E-002  -7.3194520760676701E-002  -2.9139997433729207E-008   5.1881884904908917     
   20.229885057460052        9.7335347053293969E-002   2.0937985268095916E-002  -7.3192959673739622E-002  -2.8753646315099923E-008   5.2039878890882472     
   20.344827586195620        9.7317730401365030E-002   2.0944407237068339E-002  -7.3190857533907527E-002  -2.8610453329071494E-008   5.2349814323775918     
   20.459770114931189        9.7291442702855405E-002   2.0950695643491533E-002  -7.3186963102623195E-002  -2.8606408945537571E-008   5.2487085981304968     
   20.574712643666757        9.7263010586030874E-002   2.0952626191879320E-002  -7.3186898559421232E-002  -2.8563066898294544E-008   5.2376709714400818     
   20.689655172402325        9.7241140180398658E-002   2.0954488989632526E-002  -7.3195763923460999E-002  -2.8726180561608917E-008   5.2466553459902574     
   20.804597701137894        9.7223157682188241E-002   2.0957514225036569E-002  -7.3207103070050503E-002  -2.9010574012522443E-008   5.2613414376549681     
   20.919540229873466        9.7200243014210305E-002   2.0959302279712235E-002  -7.3205898491917692E-002  -2.9355325878093571E-008   5.2637059470788756     
   21.034482758609034        9.7170436828791881E-002   2.0963600404239360E-002  -7.3185579413957980E-002  -2.9678661466499781E-008   5.2502078681930389     
   21.149425287344602        9.7138355334408372E-002   2.0973662431328241E-002  -7.3158420820000375E-002  -2.9839180021464137E-008   5.2503598618829770     
   21.264367816080171        9.7103178817701072E-002   2.0980839752958547E-002  -7.3124652372658347E-002  -2.9513942468929884E-008   5.2564480934911018     
   21.379310344815739        9.7069158811702749E-002   2.0978457094295029E-002  -7.3076059263727858E-002  -2.8765202228126065E-008   5.2255107841742579     
   21.494252873551307        9.7042997845316739E-002   2.0973078372085452E-002  -7.3026570724956538E-002  -2.8546108548863266E-008   5.2086492001164961     
   21.609195402286876        9.7016915513150045E-002   2.0974396725247327E-002  -7.2978167232310237E-002  -2.8919788264036507E-008   5.2226859995898582     
   21.724137931022444        9.6989033379632730E-002   2.0977983023618158E-002  -7.2929478171797221E-002  -2.9172002096446416E-008   5.2513130284397311     
   21.839080459758012        9.6961756233139282E-002   2.0976930794747915E-002  -7.2880011390848071E-002  -2.9366101220756025E-008   5.2663197505360682     
   21.954022988493580        9.6932389176072484E-002   2.0970280885328034E-002  -7.2826269628237350E-002  -2.9432471141224549E-008   5.2559705375270580     
   22.068965517229149        9.6906348966493902E-002   2.0958723761168169E-002  -7.2776979766145597E-002  -2.9277766952681974E-008   5.2447711396155050     
   22.183908045964717        9.6884455427749289E-002   2.0948911585329161E-002  -7.2744110524234823E-002  -2.9190165791445396E-008   5.2378901531472604     
   22.298850574700285        9.6872187574357324E-002   2.0946923765560430E-002  -7.2739220264819188E-002  -2.9454748506786490E-008   5.2463292898080063     
   22.413793103435854        9.6871010876285163E-002   2.0951201233500853E-002  -7.2754154967315798E-002  -2.9626351105677881E-008   5.2613320562943153     
   22.528735632171422        9.6872524792557022E-002   2.0954915069415141E-002  -7.2777289282068641E-002  -2.9624489256089369E-008   5.2729974863031357     
   22.643678160906990        9.6877355525721395E-002   2.0950900088337159E-002  -7.2803216141333241E-002  -2.9520819329812066E-008   5.2773709829565769     
   22.758620689642559        9.6883779008157922E-002   2.0939985781362434E-002  -7.2823181093499431E-002  -2.9254859317808096E-008   5.2695886975538171     
   22.873563218378127        9.6891151087157318E-002   2.0930361125268967E-002  -7.2841589284264055E-002  -2.9151925451241173E-008   5.2731277090031723     
   22.988505747113695        9.6900319393173048E-002   2.0922362027316094E-002  -7.2865271102319024E-002  -2.8788459958333067E-008   5.2744321502627081     
   23.103448275849264        9.6908737264716077E-002   2.0909014691528591E-002  -7.2895031135504093E-002  -2.8260881796495583E-008   5.2624894371674333     
   23.218390804584832        9.6916502794441486E-002   2.0891113990180805E-002  -7.2927362914050067E-002  -2.7490840325236819E-008   5.2302997362075905     
   23.333333333320404        9.6922888789948078E-002   2.0870271649675681E-002  -7.2953453023421197E-002  -2.6832294108368025E-008   5.2124155935965719     
   23.448275862055972        9.6919750761456494E-002   2.0856210979306448E-002  -7.2948855809285063E-002  -2.6694350459559694E-008   5.2173456657029265     
   23.563218390791540        9.6910830201040854E-002   2.0850217564985146E-002  -7.2924507957862081E-002  -2.6560494060322814E-008   5.2180550557872776     
   23.678160919527109        9.6908109073082421E-002   2.0845048791439204E-002  -7.2916260682595879E-002  -2.6278246589734620E-008   5.2175854587442734     
   23.793103448262677        9.6908908138912578E-002   2.0840490531708965E-002  -7.2925222486095051E-002  -2.6027156750634370E-008   5.2234842043645502     
   23.908045976998245        9.6904007542930493E-002   2.0833766563326524E-002  -7.2935309177222032E-002  -2.5712924608752417E-008   5.2208462610738859     
   24.022988505733814        9.6891859838349553E-002   2.0827356182544832E-002  -7.2936153077508795E-002  -2.5610388229421415E-008   5.2189714194800629     
   24.137931034469382        9.6880952753085628E-002   2.0823415812947478E-002  -7.2936332074721444E-002  -2.5698934275335818E-008   5.2195737120170547     
   24.252873563204950        9.6873924038037115E-002   2.0820606626133789E-002  -7.2935496546328735E-002  -2.5782589748582868E-008   5.2105886699058139     
   24.367816091940519        9.6863052010361730E-002   2.0818614258766851E-002  -7.2926857529395983E-002  -2.5925284031564352E-008   5.2026319885226995     
   24.482758620676087        9.6839380123068974E-002   2.0818326732394317E-002  -7.2908606217890762E-002  -2.6395322047018232E-008   5.2136064360235794     
   24.597701149411655        9.6808690140133574E-002   2.0819186556492470E-002  -7.2884724608969234E-002  -2.6873499820089245E-008   5.2291447992150175     
   24.712643678147224        9.6780021766666974E-002   2.0819335807410137E-002  -7.2847802666199432E-002  -2.7213841698283986E-008   5.2413837071174285     
   24.827586206882792        9.6748950858355942E-002   2.0817948613278854E-002  -7.2791523546951079E-002  -2.7687789077932777E-008   5.2507144359646443     
   24.942528735618360        9.6711978365196016E-002   2.0820194017589829E-002  -7.2720342412348149E-002  -2.8176850208765835E-008   5.2560978398134681     
   25.057471264353929        9.6674983673794776E-002   2.0827647097655468E-002  -7.2644841194591039E-002  -2.8592579280307665E-008   5.2600548821980722     
   25.172413793089497        9.6637687986334694E-002   2.0835600958634341E-002  -7.2567209096695520E-002  -2.8990703383262972E-008   5.2695594383123181     
   25.287356321825065        9.6597297878795410E-002   2.0841089800533102E-002  -7.2482809284935737E-002  -2.9165446552510449E-008   5.2849075108084422     
   25.402298850560634        9.6556852475083915E-002   2.0844194336343588E-002  -7.2402692153832798E-002  -2.9046062459854714E-008   5.2903584336922789     
   25.517241379296202        9.6527026280780484E-002   2.0840953272802713E-002  -7.2337741025927868E-002  -2.8683249087433410E-008   5.2849851547864111     
   25.632183908031770        9.6507735086017871E-002   2.0838600358939235E-002  -7.2287944266320625E-002  -2.8485815645657576E-008   5.2794622089947199     
   25.747126436767338        9.6490266228819357E-002   2.0844049796613914E-002  -7.2264602013675253E-002  -2.8289707618850255E-008   5.2789733386506184     
   25.862068965502910        9.6474432869662355E-002   2.0854726190361130E-002  -7.2259113876659925E-002  -2.8067988031849789E-008   5.2802511942330934     
   25.977011494238479        9.6462647839105811E-002   2.0865142219010271E-002  -7.2258877672489175E-002  -2.7821420047132159E-008   5.2746965155250516     
   26.091954022974047        9.6458067177342469E-002   2.0877348970279000E-002  -7.2269771839306191E-002  -2.7668278516548752E-008   5.2795568181238064     
   26.206896551709615        9.6459144323525897E-002   2.0893992594874147E-002  -7.2293885813726866E-002  -2.7722624325911119E-008   5.3003479545867203     
   26.321839080445184        9.6459242493311184E-002   2.0911456541065691E-002  -7.2323606728850492E-002  -2.7715901660655199E-008   5.3226416367857263     
   26.436781609180752        9.6460129125926039E-002   2.0925553080131817E-002  -7.2358743864217853E-002  -2.7507348743426740E-008   5.3379738725432055     
   26.551724137916320        9.6464566621754400E-002   2.0935197904595023E-002  -7.2392757508916911E-002  -2.7283188090256420E-008   5.3481610887882729     
   26.666666666651889        9.6469345435018242E-002   2.0940252795989739E-002  -7.2415714246530871E-002  -2.7096568697784894E-008   5.3495287356051913     
   26.781609195387457        9.6476679372137136E-002   2.0944444654590236E-002  -7.2435044305000446E-002  -2.6991938418278016E-008   5.3438019047296788     
   26.896551724123025        9.6486650221880382E-002   2.0947435794232413E-002  -7.2449748362080416E-002  -2.6826656924829690E-008   5.3413620904186390     
   27.011494252858594        9.6493352770608554E-002   2.0946841487559889E-002  -7.2456099276848776E-002  -2.6601807298743257E-008   5.3416272111979266     
   27.126436781594162        9.6496097174952403E-002   2.0941130903583842E-002  -7.2454279894248741E-002  -2.6486478694174602E-008   5.3298884219819751     
   27.241379310329730        9.6492690877985829E-002   2.0927627629758170E-002  -7.2439554687630775E-002  -2.6521390678337444E-008   5.3092421201461262     
   27.356321839065298        9.6483283957211688E-002   2.0915262438222157E-002  -7.2418015353843956E-002  -2.6899994833813513E-008   5.3025649189064152     
   27.471264367800867        9.6470619553620185E-002   2.0909850960739527E-002  -7.2391177168419779E-002  -2.7298397774482913E-008   5.3062628878917790     
   27.586206896536435        9.6450163264773431E-002   2.0910501922718948E-002  -7.2349009552068425E-002  -2.7590066466064033E-008   5.3074685895007665     
   27.701149425272003        9.6423146845931104E-002   2.0913051725196113E-002  -7.2299117598816992E-002  -2.8062798560872309E-008   5.3092980811141892     
   27.816091954007572        9.6395238349035170E-002   2.0917056830655350E-002  -7.2255368390214875E-002  -2.8970975119788703E-008   5.3067058934985649     
   27.931034482743140        9.6362554426043329E-002   2.0923775571934772E-002  -7.2211604608852453E-002  -2.9876957864222680E-008   5.2872776868145817     
   28.045977011478708        9.6322125177313159E-002   2.0928080126472071E-002  -7.2163542591599947E-002  -3.0289303556931629E-008   5.2564882561248378     
   28.160919540214277        9.6285351461988120E-002   2.0928492466177867E-002  -7.2128677372481062E-002  -3.0546680330560947E-008   5.2289097899932218     
   28.275862068949849        9.6262726980156060E-002   2.0926305128278800E-002  -7.2112510374342673E-002  -3.0801635687969298E-008   5.2125937995547194     
   28.390804597685417        9.6246784409690048E-002   2.0926749946505011E-002  -7.2103199826450748E-002  -3.1183970404500207E-008   5.2162879830170139     
   28.505747126420985        9.6232910040476349E-002   2.0936300263586574E-002  -7.2104807959494852E-002  -3.1622844647810872E-008   5.2482457604610424     
   28.620689655156553        9.6228037346810777E-002   2.0948955222883005E-002  -7.2122004689715122E-002  -3.1894262479020232E-008   5.2897289647971490     
   28.735632183892122        9.6227069330129075E-002   2.0958092458824063E-002  -7.2138838131479519E-002  -3.2018339651203755E-008   5.3126988019249719     
   28.850574712627690        9.6225719345961566E-002   2.0956394659619664E-002  -7.2153171210677769E-002  -3.1785540888324318E-008   5.3035106193666879     
   28.965517241363258        9.6226532928723893E-002   2.0943496477208418E-002  -7.2175630499524232E-002  -3.1247750410574243E-008   5.2827131402105625     
   29.080459770098827        9.6232023858955559E-002   2.0927215010447042E-002  -7.2207519550745794E-002  -3.0890388800645670E-008   5.2729401914837393     
   29.195402298834395        9.6239956135548504E-002   2.0914246475574817E-002  -7.2241189174200401E-002  -3.0740584275946351E-008   5.2678122204190965     
   29.310344827569963        9.6254784589941203E-002   2.0909441631937205E-002  -7.2283773025842726E-002  -3.0477321465695613E-008   5.2755127679657772     
   29.425287356305532        9.6273009195527656E-002   2.0910278059101981E-002  -7.2334206139826301E-002  -2.9912834194303797E-008   5.2724756452768951     
   29.540229885041100        9.6287656345182895E-002   2.0914811633132534E-002  -7.2374774481936868E-002  -2.9321925086894217E-008   5.2618337000158615     
   29.655172413776668        9.6298540781947578E-002   2.0924314465469815E-002  -7.2398810007038725E-002  -2.8737491648442872E-008   5.2536151935500319     
   29.770114942512237        9.6305214327826849E-002   2.0936018523325127E-002  -7.2401018099469000E-002  -2.8034319039734624E-008   5.2501436418002330     
   29.885057471247805        9.6312522759515337E-002   2.0945341754510315E-002  -7.2391541304471993E-002  -2.7401726297191017E-008   5.2560816936783077     
   29.999999999983373        9.6321187337244693E-002   2.0955762628478512E-002  -7.2375875996141106E-002  -2.7090120223604150E-008   5.2572779826803790     
   30.114942528718942        9.6327837190158472E-002   2.0967792000039655E-002  -7.2345687970714487E-002  -2.7033906508272452E-008   5.2540862415189356     
   30.229885057454510        9.6329946573176964E-002   2.0980683833463437E-002  -7.2305828977605624E-002  -2.7325634951607283E-008   5.2702206676152574     
   30.344827586190078        9.6327316420532036E-002   2.0995648969996502E-002  -7.2260927267447983E-002  -2.7947654629825802E-008   5.2963557441216160     
   30.459770114925647        9.6327848488486661E-002   2.1009277896170391E-002  -7.2222839382012030E-002  -2.8672045601148184E-008   5.3242898465162689     
   30.574712643661215        9.6332741763950971E-002   2.1016237138728071E-002  -7.2190784564527322E-002  -2.9170299440011804E-008   5.3270525816202552     
   30.689655172396787        9.6338160855991090E-002   2.1020688550673881E-002  -7.2166773888549418E-002  -2.9379547501596222E-008   5.3242590441188060     
   30.804597701132355        9.6345658424198399E-002   2.1022524354834218E-002  -7.2166816087168323E-002  -2.9317223633444423E-008   5.3153408351514164     
   30.919540229867923        9.6359377669773705E-002   2.1018564580597348E-002  -7.2194551424866540E-002  -2.9000759481395299E-008   5.2993067174819171     
   31.034482758603492        9.6375369610246134E-002   2.1013298684045754E-002  -7.2241593103399393E-002  -2.8785890698844512E-008   5.2836857110748934     
   31.149425287339060        9.6385651258076216E-002   2.1005868311972022E-002  -7.2291869724747826E-002  -2.8777636818203378E-008   5.2732592226427313     
   31.264367816074628        9.6397421918675730E-002   2.0998290161792270E-002  -7.2347271802912783E-002  -2.8723951623022929E-008   5.2674600888326415     
   31.379310344810197        9.6410328891113409E-002   2.0992306560539763E-002  -7.2410677516293112E-002  -2.8378895751663190E-008   5.2455068165680929     
   31.494252873545765        9.6418488873814448E-002   2.0986099739628273E-002  -7.2474548201722111E-002  -2.7909350509524002E-008   5.2237178032345017     
   31.609195402281333        9.6423776343996265E-002   2.0981612122246144E-002  -7.2527711450952659E-002  -2.7763104806381565E-008   5.2274619648173406     
   31.724137931016902        9.6424371937228512E-002   2.0982698846197603E-002  -7.2561285736169948E-002  -2.8020526776797496E-008   5.2470769942555622     
   31.839080459752470        9.6421067830449916E-002   2.0991224856620395E-002  -7.2585345223918990E-002  -2.8560948661830381E-008   5.2727652162739425     
   31.954022988488038        9.6417805271739765E-002   2.1003890608950665E-002  -7.2605518299904553E-002  -2.9106630295223423E-008   5.2863955040751200     
   32.068965517223610        9.6418611354900957E-002   2.1013238548941878E-002  -7.2615403167676978E-002  -2.9387382891623226E-008   5.2882160012906727     
   32.183908045959178        9.6423392500355462E-002   2.1018414425644470E-002  -7.2623016193966619E-002  -2.9734614978003991E-008   5.3111001537692220     
   32.298850574694747        9.6425321683148837E-002   2.1022497126953983E-002  -7.2624568303613690E-002  -3.0342620972103675E-008   5.3339418204492084     
   32.413793103430315        9.6428838449847259E-002   2.1023555527681866E-002  -7.2623227525329057E-002  -3.0782580641782058E-008   5.3494808087817400     
   32.528735632165883        9.6438231115991188E-002   2.1017904892095752E-002  -7.2626635502094333E-002  -3.1010394088948370E-008   5.3711355010879229     
   32.643678160901452        9.6452130130364772E-002   2.1003395669627882E-002  -7.2628419478961648E-002  -3.1045463619368030E-008   5.3900567100612138     
   32.758620689637020        9.6472013078454127E-002   2.0981004696104588E-002  -7.2626872569358555E-002  -3.0397045349779419E-008   5.3416856620676105     
   32.873563218372588        9.6497375428518176E-002   2.0961765321610065E-002  -7.2624558255300578E-002  -2.9851696329081734E-008   5.3133500797458311     
   32.988505747108157        9.6524182848450546E-002   2.0950384830792937E-002  -7.2612592721915420E-002  -2.9477956721091162E-008   5.3266711322912546     
   33.103448275843725        9.6547639163290094E-002   2.0943910667950358E-002  -7.2583958046478464E-002  -2.9891534293420992E-008   5.3918563145940910     
   33.218390804579293        9.6565936557191173E-002   2.0942524426859784E-002  -7.2542647998516868E-002  -3.0138188619150520E-008   5.3923235808940220     
   33.333333333314862        9.6583638182328735E-002   2.0940340953855836E-002  -7.2504569865024793E-002  -2.9708457795509568E-008   5.3280372465666348     
   33.448275862050430        9.6603268180268181E-002   2.0941237010456828E-002  -7.2473168555885883E-002  -2.9922103060812940E-008   5.3415823560478648     
   33.563218390785998        9.6620069230124464E-002   2.0936160870076794E-002  -7.2431990243769881E-002  -2.9809096340627560E-008   5.3463744872020191     
   33.678160919521567        9.6631008561707463E-002   2.0916572240329299E-002  -7.2379618712963473E-002  -2.9667217989614566E-008   5.3315645639966327     
   33.793103448257135        9.6639421887988047E-002   2.0893154873797455E-002  -7.2332478013817578E-002  -2.9606537001534529E-008   5.3193023926371588     
   33.908045976992703        9.6644450792812919E-002   2.0876485457968465E-002  -7.2289103240963964E-002  -2.9041483466848165E-008   5.2792412096730095     
   34.022988505728271        9.6647657163358630E-002   2.0867033369281956E-002  -7.2247120749435220E-002  -2.8385273948816691E-008   5.2663133396702566     
   34.137931034463840        9.6650415068228024E-002   2.0872220473061136E-002  -7.2208293195731327E-002  -2.7864038349101148E-008   5.2781087733632646     
   34.252873563199408        9.6649625165792993E-002   2.0882488993531265E-002  -7.2169793189760620E-002  -2.7233878771003057E-008   5.2870233280767334     
   34.367816091934976        9.6642681156394572E-002   2.0890930397878208E-002  -7.2139538798691047E-002  -2.7064859967120725E-008   5.2948488495597177     
   34.482758620670545        9.6629334776353021E-002   2.0899166156970864E-002  -7.2107670158759476E-002  -2.7170040011905217E-008   5.3143242400885171     
   34.597701149406113        9.6610796576175273E-002   2.0899798499304439E-002  -7.2064980365058109E-002  -2.7442896026907616E-008   5.3237040449015156     
   34.712643678141681        9.6593195282832570E-002   2.0894033134892402E-002  -7.2020982606998879E-002  -2.7414991357328222E-008   5.2949645617071104     
   34.827586206877250        9.6583415886223087E-002   2.0886698391534831E-002  -7.1982639876671389E-002  -2.7172667952879003E-008   5.2682258962590760     
   34.942528735612818        9.6579137874513818E-002   2.0888624543485661E-002  -7.1956989835096047E-002  -2.7220984767012174E-008   5.2477912663266792     
   35.057471264348386        9.6577195070712329E-002   2.0901164265938008E-002  -7.1948316183095509E-002  -2.7545592065217450E-008   5.2526101745572644     
   35.172413793083955        9.6573993954140236E-002   2.0916567655245296E-002  -7.1942959932925377E-002  -2.8026076067127010E-008   5.2500941281549203     
   35.287356321819523        9.6572763301487743E-002   2.0930548857358573E-002  -7.1940904121204532E-002  -2.8223098778866064E-008   5.2365951996620810     
   35.402298850555091        9.6571856112676616E-002   2.0942571459932644E-002  -7.1939268407533827E-002  -2.8771704793162081E-008   5.2457855313082984     
   35.517241379290660        9.6564439362450960E-002   2.0949063329841817E-002  -7.1927740882772970E-002  -2.9533342653180577E-008   5.2618377513631609     
   35.632183908026228        9.6553734515586145E-002   2.0944953967752700E-002  -7.1904896254753173E-002  -3.0198230834786145E-008   5.2581427523354396     
   35.747126436761796        9.6551091538643136E-002   2.0935497945111944E-002  -7.1888497868198245E-002  -3.0365537518776734E-008   5.2352597072943716     
   35.862068965497365        9.6555440174268661E-002   2.0926240756314371E-002  -7.1893795752264789E-002  -3.0425860197594687E-008   5.2401703393694898     
   35.977011494232933        9.6558343347857373E-002   2.0920135844756920E-002  -7.1909419415688042E-002  -3.0641445436625145E-008   5.2668413315133966     
   36.091954022968501        9.6566577524505384E-002   2.0917574902801928E-002  -7.1938822103427238E-002  -3.0570192641362452E-008   5.2597421194342191     
   36.206896551704070        9.6571322983647984E-002   2.0916057263842814E-002  -7.1979134073020812E-002  -3.0459855095380118E-008   5.2472584672890301     
   36.321839080439638        9.6571063082739148E-002   2.0917730134964122E-002  -7.2023462128178534E-002  -3.0542896558082994E-008   5.2474450026459296     
   36.436781609175206        9.6577631462423624E-002   2.0923682844248257E-002  -7.2076137749272004E-002  -3.0723387430204286E-008   5.2635844200658806     
   36.551724137910774        9.6579474942751417E-002   2.0933962819428227E-002  -7.2110839826888956E-002  -3.1102782174641783E-008   5.2868633494208641     
   36.666666666646343        9.6578481399188718E-002   2.0946305897582812E-002  -7.2130034956286865E-002  -3.1366926674690762E-008   5.2981185053316295     
   36.781609195381918        9.6579655729550587E-002   2.0958550647053251E-002  -7.2136989235074694E-002  -3.1662387253400881E-008   5.3141022275508041     
   36.896551724117487        9.6580874898103186E-002   2.0972002498051052E-002  -7.2120681597901651E-002  -3.1907481704831786E-008   5.3390622972323794     
   37.011494252853055        9.6585707409965235E-002   2.0982496710926210E-002  -7.2105127938286454E-002  -3.2135049520602121E-008   5.3827032012191545     
   37.126436781588623        9.6593078754409187E-002   2.0990469169480649E-002  -7.2094981828234692E-002  -3.2634019090049068E-008   5.4303244376549795     
   37.241379310324191        9.6604367880155320E-002   2.0997528786933922E-002  -7.2088353623826401E-002  -3.2816322655130325E-008   5.4311877331135223     
   37.356321839059760        9.6613429592742300E-002   2.1000565544670075E-002  -7.2076444075877863E-002  -3.2744985829853913E-008   5.3943701152103491     
   37.471264367795328        9.6619249429590381E-002   2.0996729597556284E-002  -7.2053258421666669E-002  -3.2462601802467645E-008   5.3310496790332866     
   37.586206896530896        9.6626840547869200E-002   2.0994190839727356E-002  -7.2028701252098704E-002  -3.2379125936130197E-008   5.2995349361794073     
   37.701149425266465        9.6638479588300130E-002   2.1002073016768326E-002  -7.2016078507627965E-002  -3.2626166122438914E-008   5.2934243678434285     
   37.816091954002033        9.6655493500592465E-002   2.1012182726220709E-002  -7.2015349648384241E-002  -3.2492991295435019E-008   5.2680499961579983     
   37.931034482737601        9.6669306821952031E-002   2.1018247742961352E-002  -7.2007749244913058E-002  -3.2120496632560034E-008   5.2593778620375735     
   38.045977011473170        9.6679867251307894E-002   2.1020177169607714E-002  -7.1994621691344532E-002  -3.1745251659755572E-008   5.2585187705306238     
   38.160919540208738        9.6693192263278771E-002   2.1016539579376162E-002  -7.1995424459161961E-002  -3.1340083857476822E-008   5.2490405115200751     
   38.275862068944306        9.6711582034799404E-002   2.1011635036322553E-002  -7.2017597608012435E-002  -3.1031830744589204E-008   5.2399453014804660     
   38.390804597679875        9.6728719975413505E-002   2.1008330071379665E-002  -7.2042060406879757E-002  -3.0785533864308140E-008   5.2261153533968381     
   38.505747126415443        9.6743215559763729E-002   2.1008674948587502E-002  -7.2067354966939098E-002  -3.0505482987011649E-008   5.2094467056710645     
   38.620689655151011        9.6759887080654500E-002   2.1010530828809292E-002  -7.2108901124262909E-002  -3.0347760005015161E-008   5.1978940020527444     
   38.735632183886580        9.6779989177917178E-002   2.1008092545094639E-002  -7.2160928985686768E-002  -3.0327392731826524E-008   5.1973660436837328     
   38.850574712622148        9.6793219485425311E-002   2.1005052427080909E-002  -7.2211651164875351E-002  -3.0398508482070745E-008   5.2015708546597610     
   38.965517241357716        9.6794919946853783E-002   2.1000866958745808E-002  -7.2256228547333504E-002  -3.0509536753793331E-008   5.2169194803278991     
   39.080459770093285        9.6794852894266911E-002   2.0995918164556451E-002  -7.2298536306383471E-002  -3.0494838319691996E-008   5.2271859368537150     
   39.195402298828853        9.6801937703593924E-002   2.0992127425580372E-002  -7.2352061503458756E-002  -3.0170050102451104E-008   5.2166525331908700     
   39.310344827564421        9.6812660376658061E-002   2.0989842374747554E-002  -7.2416665660792356E-002  -2.9835698255958077E-008   5.1987762760187533     
   39.425287356299989        9.6823264790083713E-002   2.0996582573833269E-002  -7.2471472979999257E-002  -2.9583983077176375E-008   5.1964771276853812     
   39.540229885035558        9.6827675888254389E-002   2.1010831494687729E-002  -7.2503649401203824E-002  -2.9390013890694651E-008   5.2036312872192356     
   39.655172413771126        9.6824596724787090E-002   2.1025889638453213E-002  -7.2529452821216756E-002  -2.9188663796240874E-008   5.2153993456710657     
   39.770114942506694        9.6818494317096812E-002   2.1035367897973396E-002  -7.2556458205941657E-002  -2.9061329034953070E-008   5.2339552505246214     
   39.885057471242263        9.6816796225629553E-002   2.1037733339578275E-002  -7.2589133509046583E-002  -2.9159612121409040E-008   5.2358455847672385     
   39.999999999977831        9.6825793499338939E-002   2.1037116380069221E-002  -7.2649450394462772E-002  -2.9190809910466009E-008   5.2329837989390500     
   40.114942528713399        9.6838838816539305E-002   2.1034123609340327E-002  -7.2724777671058977E-002  -2.8885357343397061E-008   5.2161847475634708     
   40.229885057448968        9.6849495038425742E-002   2.1031382156767173E-002  -7.2792894673098352E-002  -2.8547298825863562E-008   5.1965275549379966     
   40.344827586184536        9.6859016414519356E-002   2.1031017600444939E-002  -7.2860911023324135E-002  -2.8444473064256292E-008   5.1983968057257002     
   40.459770114920104        9.6870404473056365E-002   2.1030427257967728E-002  -7.2921509770464604E-002  -2.8575706041983022E-008   5.2119504727458139     
   40.574712643655673        9.6885634791256142E-002   2.1032366906308660E-002  -7.2968480956416809E-002  -2.8617344937501530E-008   5.2139774266019216     
   40.689655172391241        9.6908058153492321E-002   2.1036862989598153E-002  -7.3014381790278401E-002  -2.8645898005810359E-008   5.2186410434977875     
   40.804597701126809        9.6937688810060971E-002   2.1045160893822090E-002  -7.3066340002363159E-002  -2.9053076188127361E-008   5.2429495344771473     
   40.919540229862378        9.6968479653520331E-002   2.1060057037019450E-002  -7.3115760859061976E-002  -2.9381297168635279E-008   5.2746264480678882     
   41.034482758597946        9.6999601189057552E-002   2.1075041429674587E-002  -7.3156174291593573E-002  -2.9329439503122806E-008   5.2997826556891834     
   41.149425287333514        9.7033049719810777E-002   2.1087333324652721E-002  -7.3183833321306194E-002  -2.9158942043466152E-008   5.3286447180642176     
   41.264367816069083        9.7069904783164671E-002   2.1096670306382424E-002  -7.3206346278162249E-002  -2.8835692927640562E-008   5.3485853299981478     
   41.379310344804651        9.7104915321615151E-002   2.1102038547263308E-002  -7.3218652203590001E-002  -2.8182278793077273E-008   5.3331974378161995     
   41.494252873540219        9.7135760566619087E-002   2.1103172172674219E-002  -7.3222042965938650E-002  -2.7175154689694416E-008   5.3058523178170445     
   41.609195402275788        9.7172074123438881E-002   2.1102156177176885E-002  -7.3238616562731521E-002  -2.6139138589931969E-008   5.2851275874698409     
   41.724137931011363        9.7210160534709378E-002   2.1101411815842946E-002  -7.3268693190077533E-002  -2.5496343885104347E-008   5.2733448756167487     
   41.839080459746931        9.7242931582708136E-002   2.1105819539782907E-002  -7.3292374966411847E-002  -2.5160783162827456E-008   5.2585191202387751     
   41.954022988482500        9.7276367367949215E-002   2.1111476787269118E-002  -7.3312555098276180E-002  -2.4884005957715300E-008   5.2517606232310188     
   42.068965517218068        9.7307768554408230E-002   2.1115936005335637E-002  -7.3327198687472256E-002  -2.4777772057147882E-008   5.2506536277070675     
   42.183908045953636        9.7331430400691130E-002   2.1119805339819386E-002  -7.3330817738830115E-002  -2.4690491218549227E-008   5.2369439698180082     
   42.298850574689205        9.7351972415985200E-002   2.1120559040199206E-002  -7.3322335547585840E-002  -2.4559803023120584E-008   5.2173687257449028     
   42.413793103424773        9.7372476046265088E-002   2.1123331542577353E-002  -7.3320456510129681E-002  -2.4661865349658095E-008   5.2158204612768992     
   42.528735632160341        9.7391681566739205E-002   2.1131707522662212E-002  -7.3333405320225961E-002  -2.4989895213938255E-008   5.2305524322600201     
   42.643678160895909        9.7406640606325909E-002   2.1142906968702434E-002  -7.3337370505536348E-002  -2.5422406789112932E-008   5.2464650732587153     
   42.758620689631478        9.7423197752053853E-002   2.1152828362840007E-002  -7.3334084001975497E-002  -2.5841937918216042E-008   5.2561255684319290     
   42.873563218367046        9.7441237390486005E-002   2.1165259320035833E-002  -7.3330750278670948E-002  -2.6328235673984912E-008   5.2645027670846494     
   42.988505747102614        9.7454746974822079E-002   2.1182293212103388E-002  -7.3329068960871782E-002  -2.7005102025957304E-008   5.2802408651300610     
   43.103448275838183        9.7468718169959820E-002   2.1198978536228374E-002  -7.3336389579765626E-002  -2.7698294617069549E-008   5.3031420882525691     
   43.218390804573751        9.7479524539757834E-002   2.1213243993279066E-002  -7.3344102154324936E-002  -2.8388773885507411E-008   5.3278603155108764     
   43.333333333309319        9.7481845661466851E-002   2.1223755692154747E-002  -7.3343062145732704E-002  -2.9115103427084341E-008   5.3407489026869772     
   43.448275862044888        9.7481071383245105E-002   2.1232936450253766E-002  -7.3336557236259856E-002  -2.9776305592697603E-008   5.3492591683413524     
   43.563218390780456        9.7482123739390247E-002   2.1240121462246964E-002  -7.3329257171311765E-002  -3.0382017062274751E-008   5.3512591829503080     
   43.678160919516024        9.7486943850114832E-002   2.1242890655910181E-002  -7.3327040356928649E-002  -3.0725426248569603E-008   5.3305400992756482     
   43.793103448251593        9.7490650514804100E-002   2.1242154223255399E-002  -7.3331927658258453E-002  -3.0753705332222787E-008   5.2998212731842687     
   43.908045976987161        9.7497530783133751E-002   2.1245171643151227E-002  -7.3343710246720567E-002  -3.0500097885795765E-008   5.2714903931624937     
   44.022988505722729        9.7509371049721391E-002   2.1254405167568859E-002  -7.3352479081477046E-002  -3.0204892797170113E-008   5.2585008800308710     
   44.137931034458298        9.7511841368535954E-002   2.1269065389022158E-002  -7.3328189952943573E-002  -3.0276043502948957E-008   5.2701554532922632     
   44.252873563193866        9.7508933849426285E-002   2.1284773066514405E-002  -7.3278207123170166E-002  -3.0599163492312176E-008   5.2904707216722331     
   44.367816091929434        9.7514509214918096E-002   2.1296607110556243E-002  -7.3241035391020406E-002  -3.0819064874071933E-008   5.3041484015860743     
   44.482758620665003        9.7529946788043401E-002   2.1306243462984011E-002  -7.3227092488672374E-002  -3.0988986659600149E-008   5.3160628134830734     
   44.597701149400571        9.7546824259332629E-002   2.1315878326574909E-002  -7.3231180358862891E-002  -3.1186801330996758E-008   5.3320980847588988     
   44.712643678136139        9.7562740357211131E-002   2.1325342328833166E-002  -7.3241572834859298E-002  -3.1311381289529659E-008   5.3447909236865856     
   44.827586206871707        9.7581869433856355E-002   2.1330296229546453E-002  -7.3248508273347571E-002  -3.1126333816438938E-008   5.3343306285784520     
   44.942528735607276        9.7603029276944364E-002   2.1330381299561451E-002  -7.3251899452364017E-002  -3.0875775440818474E-008   5.3277971855263848     
   45.057471264342844        9.7629302624349323E-002   2.1329921139170028E-002  -7.3256152822909829E-002  -3.0682962747770836E-008   5.3307582906219446     
   45.172413793078412        9.7661309261700968E-002   2.1330120330071145E-002  -7.3272795204724156E-002  -3.0321260006042363E-008   5.3371965210929737     
   45.287356321813981        9.7695352899042867E-002   2.1323408111035749E-002  -7.3301798455863640E-002  -2.9669801826278261E-008   5.3202121560338256     
   45.402298850549549        9.7731500723870740E-002   2.1311950563452302E-002  -7.3339421994995019E-002  -2.8929515110381008E-008   5.2998595760434428     
   45.517241379285117        9.7770524306857148E-002   2.1304924621606523E-002  -7.3391063873305976E-002  -2.8339207719176702E-008   5.2963739386531019     
   45.632183908020686        9.7808074831803482E-002   2.1302949950911077E-002  -7.3449899652528794E-002  -2.8004032458247538E-008   5.3027207297501588     
   45.747126436756254        9.7841360253710777E-002   2.1306761989068911E-002  -7.3497456689539095E-002  -2.7816783117036293E-008   5.2923607832441730     
   45.862068965491822        9.7872163386134775E-002   2.1314004168951697E-002  -7.3531459826399664E-002  -2.7820704399162718E-008   5.2954761009467726     
   45.977011494227391        9.7897632049434885E-002   2.1324584752865423E-002  -7.3558392989549679E-002  -2.8341640582352348E-008   5.3098168362744236     
   46.091954022962959        9.7915351478874910E-002   2.1338249046606188E-002  -7.3572296724373210E-002  -2.9160674030913643E-008   5.3529346799462649     
   46.206896551698527        9.7929578060959407E-002   2.1352700559761739E-002  -7.3565226508029699E-002  -3.0129508704943211E-008   5.4012858994101167     
   46.321839080434096        9.7945204734119024E-002   2.1364604579276410E-002  -7.3543894009790375E-002  -3.0774624042542543E-008   5.4262926935436937     
   46.436781609169664        9.7963693999553125E-002   2.1368287141024581E-002  -7.3523237884519227E-002  -3.0901896999572835E-008   5.4250774116697658     
   46.551724137905232        9.7984180548843988E-002   2.1369209676455270E-002  -7.3499073245192059E-002  -3.0283941698091897E-008   5.3740804442999179     
   46.666666666640808        9.8003917610445121E-002   2.1369304944120281E-002  -7.3473270286387116E-002  -2.9023896696651872E-008   5.3043763535375046     
   46.781609195376376        9.8016829749517476E-002   2.1373341480826959E-002  -7.3453902457756876E-002  -2.7978797002185626E-008   5.2786052368776613     
   46.896551724111944        9.8028460694835576E-002   2.1384775552620718E-002  -7.3452807648154705E-002  -2.7562597881442927E-008   5.3181250575257861     
   47.011494252847513        9.8039673593413174E-002   2.1399196838470729E-002  -7.3469260448197252E-002  -2.7607402572717806E-008   5.3688853927650273     
   47.126436781583081        9.8042205722661452E-002   2.1409230778256034E-002  -7.3484449325815132E-002  -2.7578190271906220E-008   5.3959837643025308     
   47.241379310318649        9.8038536600303705E-002   2.1409527183817750E-002  -7.3500363205157723E-002  -2.7438552786009317E-008   5.4033982656562483     
   47.356321839054218        9.8032182104647411E-002   2.1404591136024782E-002  -7.3520813232113111E-002  -2.7408899112228992E-008   5.3989467734745702     
   47.471264367789786        9.8026692542868846E-002   2.1401430604780173E-002  -7.3556222821988301E-002  -2.7190367722242914E-008   5.3793313761384640     
   47.586206896525354        9.8025754287897143E-002   2.1401255952554193E-002  -7.3609240436965775E-002  -2.6945665189469125E-008   5.3838720510977307     
   47.701149425260922        9.8027858203920043E-002   2.1404899677267959E-002  -7.3670912396663318E-002  -2.7187864516312713E-008   5.4005418929542559     
   47.816091953996491        9.8026958513322354E-002   2.1411978363405585E-002  -7.3728400443008421E-002  -2.7597662284494655E-008   5.3968428815604028     
   47.931034482732059        9.8019305269622103E-002   2.1426068529766067E-002  -7.3766541339967281E-002  -2.7853841795467747E-008   5.3691309356528230     
   48.045977011467627        9.8009565694853987E-002   2.1449842590861863E-002  -7.3785291432733519E-002  -2.8036348765669866E-008   5.3804438800591647     
   48.160919540203196        9.7996533404961048E-002   2.1471427338048257E-002  -7.3790129513294708E-002  -2.8029547063295438E-008   5.3973150140955175     
   48.275862068938764        9.7980157163006509E-002   2.1486395816901923E-002  -7.3781991883617143E-002  -2.7767891914209072E-008   5.3803921413203675     
   48.390804597674332        9.7970266724699703E-002   2.1496599763418132E-002  -7.3774439193093969E-002  -2.7546669511613365E-008   5.3435393855703586     
   48.505747126409901        9.7960858965443195E-002   2.1507753599244138E-002  -7.3764033050570096E-002  -2.7766253949107081E-008   5.3295816184841049     
   48.620689655145469        9.7945097572391587E-002   2.1519267541048569E-002  -7.3742525376628287E-002  -2.8245464818133223E-008   5.3381422352271981     
   48.735632183881037        9.7925933699211126E-002   2.1526503168250499E-002  -7.3705797993010622E-002  -2.8982283412425906E-008   5.3539344069980084     
   48.850574712616606        9.7908606795384726E-002   2.1527484381034780E-002  -7.3652503241461165E-002  -2.9699658878135727E-008   5.3550103178299269     
   48.965517241352174        9.7901363844419081E-002   2.1522848562326603E-002  -7.3606845794538273E-002  -3.0247332155830292E-008   5.3487607740656484     
   49.080459770087742        9.7901435482053656E-002   2.1515342525901978E-002  -7.3590158769201608E-002  -3.0448338808563111E-008   5.3432966686575689     
   49.195402298823311        9.7910280847476841E-002   2.1506043813546372E-002  -7.3608725977972647E-002  -3.0306457194321002E-008   5.3317833280720643     
   49.310344827558879        9.7926016453270495E-002   2.1500581927621561E-002  -7.3640522434186922E-002  -3.0039931176193531E-008   5.3130350071270129     
   49.425287356294447        9.7941581245660728E-002   2.1496675797511678E-002  -7.3674637506217666E-002  -2.9553033472641070E-008   5.2874872197223279     
   49.540229885030016        9.7967935478190840E-002   2.1490980992706070E-002  -7.3732243758098948E-002  -2.8894884173990561E-008   5.2510773415202516     
   49.655172413765584        9.8002024137516644E-002   2.1489237698783723E-002  -7.3795390235932512E-002  -2.8375770184208909E-008   5.2169170970348269     
   49.770114942501152        9.8034614786766353E-002   2.1493582976554591E-002  -7.3841647973131933E-002  -2.8316170514833099E-008   5.2120106438147014     
   49.885057471236721        9.8067044249317045E-002   2.1505255466936390E-002  -7.3883190749974084E-002  -2.8694638238531284E-008   5.2375859618180076     
   49.999999999972289        9.8092632560931162E-002   2.1519866104974698E-002  -7.3915020562578732E-002  -2.8839971035589836E-008   5.2551099889919515     
   50.114942528707857        9.8112116850693917E-002   2.1526547315100130E-002  -7.3928733492366311E-002  -2.8232041953192911E-008   5.2471006517369707     
   50.229885057443425        9.8129024055994302E-002   2.1523512206557113E-002  -7.3932791629608974E-002  -2.7633883854133654E-008   5.2332675937155795     
   50.344827586178994        9.8139998778685372E-002   2.1516493167800570E-002  -7.3933888069463341E-002  -2.7425861842110785E-008   5.2061489610002711     
   50.459770114914562        9.8146368527576147E-002   2.1510932368597659E-002  -7.3924043142297960E-002  -2.7414696860416088E-008   5.1945370525387631     
   50.574712643650130        9.8145418094140915E-002   2.1508326882693156E-002  -7.3897928612470271E-002  -2.7727286128463425E-008   5.2103552583602539     
   50.689655172385699        9.8140948735532516E-002   2.1506841257587152E-002  -7.3870630748008412E-002  -2.7986533455708822E-008   5.2227691737371611     
   50.804597701121267        9.8135630020093428E-002   2.1507375700563127E-002  -7.3846949942026827E-002  -2.8015277814199229E-008   5.2234279590694781     
   50.919540229856835        9.8126315134241748E-002   2.1512376134655616E-002  -7.3816262056955587E-002  -2.7941900514239354E-008   5.2105236017807632     
   51.034482758592404        9.8115852239216636E-002   2.1521638578932564E-002  -7.3789192510852100E-002  -2.7767714674387187E-008   5.1953833205467150     
   51.149425287327972        9.8108808967318537E-002   2.1530691393764075E-002  -7.3779624558098264E-002  -2.7614037689144236E-008   5.1875008752649592     
   51.264367816063540        9.8098484441157000E-002   2.1537641810748642E-002  -7.3776378145073387E-002  -2.7919843482233678E-008   5.1893527011479907     
   51.379310344799109        9.8082977770551041E-002   2.1543337145071225E-002  -7.3773701213163678E-002  -2.8454667879703764E-008   5.1847974544402682     
   51.494252873534677        9.8067799557105428E-002   2.1549966643204799E-002  -7.3771447371950474E-002  -2.8782058697298438E-008   5.1707107379604871     
   51.609195402270252        9.8045821994746124E-002   2.1558001601252558E-002  -7.3747741292824728E-002  -2.8894810519941011E-008   5.1523592452903353     
   51.724137931005821        9.8017172411457548E-002   2.1565808222840682E-002  -7.3702015030182880E-002  -2.8821631210230894E-008   5.1282081137477489     
   51.839080459741389        9.7988995992312339E-002   2.1575354821951935E-002  -7.3646243371342457E-002  -2.8887471286915967E-008   5.1130469702153869     
   51.954022988476957        9.7964138464736672E-002   2.1590588977181979E-002  -7.3593078008557106E-002  -2.9308130381494698E-008   5.1137254296591328     
   52.068965517212526        9.7940154738001578E-002   2.1614634870706070E-002  -7.3552429395984525E-002  -3.0062605587428002E-008   5.1423696150439255     
   52.183908045948094        9.7913958706247778E-002   2.1645695169652240E-002  -7.3526049763237136E-002  -3.1078356712532754E-008   5.1869357381119983     
   52.298850574683662        9.7891729019468743E-002   2.1674921199869010E-002  -7.3518216899091340E-002  -3.1875036218162591E-008   5.2171610223909246     
   52.413793103419231        9.7879851804189247E-002   2.1693264494457489E-002  -7.3532910996808490E-002  -3.2104295744066496E-008   5.2191307356549848     
   52.528735632154799        9.7876913874739457E-002   2.1705252024112758E-002  -7.3556040331738834E-002  -3.2027580417511234E-008   5.2117963964527405     
   52.643678160890367        9.7876640112754418E-002   2.1714658616694627E-002  -7.3581046419821813E-002  -3.1937910830316847E-008   5.2084680659608384     
   52.758620689625936        9.7877425646041127E-002   2.1727434992625673E-002  -7.3616650364361019E-002  -3.2072420868951704E-008   5.2214504060802591     
   52.873563218361504        9.7885335938803955E-002   2.1743787159123697E-002  -7.3655269285066716E-002  -3.1954037392657784E-008   5.2283397324806069     
   52.988505747097072        9.7903773856765908E-002   2.1759146888670235E-002  -7.3700877858992764E-002  -3.1609876045115903E-008   5.2524108099723268     
   53.103448275832640        9.7933586243974538E-002   2.1769248176947642E-002  -7.3766959174378921E-002  -3.1065178119385626E-008   5.2724108899514084     
   53.218390804568209        9.7966242802460912E-002   2.1771238111541982E-002  -7.3842985177614451E-002  -3.0379100571125936E-008   5.2639320714780036     
   53.333333333303777        9.8003030598165494E-002   2.1769030831144270E-002  -7.3919785015749265E-002  -2.9436902354836573E-008   5.1829484115881543     
   53.448275862039345        9.8040317711552596E-002   2.1771427535385700E-002  -7.3972226677243902E-002  -2.9332880293449972E-008   5.1701420381214698     
   53.563218390774914        9.8068484745537435E-002   2.1787613299066085E-002  -7.3986449976840396E-002  -2.9676034799327795E-008   5.1953462201678233     
   53.678160919510482        9.8091824540779166E-002   2.1804492118817013E-002  -7.3978351340734591E-002  -2.9942034374004263E-008   5.2177007627568193     
   53.793103448246050        9.8116299378923869E-002   2.1816976673757739E-002  -7.3974232539540191E-002  -3.0314381641171372E-008   5.2381818093658605     
   53.908045976981619        9.8142352322017665E-002   2.1825866542846281E-002  -7.3980036567765792E-002  -3.0401893387185549E-008   5.2406607154136866     
   54.022988505717187        9.8167585914140751E-002   2.1832072243417981E-002  -7.3993548465091000E-002  -3.0175747883176902E-008   5.2290449986629799     
   54.137931034452755        9.8192557731803021E-002   2.1838840938203676E-002  -7.4015076115498984E-002  -3.0185153709010769E-008   5.2317484222595976     
   54.252873563188324        9.8215949710537251E-002   2.1848027552255775E-002  -7.4042842425117314E-002  -3.0215245294226812E-008   5.2309002639607627     
   54.367816091923892        9.8241174828906527E-002   2.1855538030508635E-002  -7.4080767044217372E-002  -3.0026085675857148E-008   5.2234386139744764     
   54.482758620659460        9.8266838462934838E-002   2.1859795233311299E-002  -7.4118694360107151E-002  -2.9903734069924405E-008   5.2190353359000516     
   54.597701149395029        9.8291174717714119E-002   2.1860793882778274E-002  -7.4152981033717161E-002  -3.0075299221309932E-008   5.2125506156943064     
   54.712643678130597        9.8323986315217382E-002   2.1858589136631232E-002  -7.4191990524845874E-002  -3.0273484162832308E-008   5.1968766599659135     
   54.827586206866165        9.8364025116283768E-002   2.1855004288725208E-002  -7.4238000596123857E-002  -3.0443667953777364E-008   5.1745006426705364     
   54.942528735601734        9.8409145985345059E-002   2.1852207610334105E-002  -7.4289970437912300E-002  -3.0450822326471759E-008   5.1616050129663869     
   55.057471264337302        9.8456767839390655E-002   2.1849048110434147E-002  -7.4341291019243583E-002  -3.0274568724210158E-008   5.1565605770344360     
   55.172413793072870        9.8502438615562432E-002   2.1847719042782109E-002  -7.4379407814961496E-002  -3.0199250578878256E-008   5.1531471516861558     
   55.287356321808439        9.8547835728510905E-002   2.1854071274885315E-002  -7.4399244113031351E-002  -3.0198722661543196E-008   5.1299014727001895     
   55.402298850544007        9.8587057313728924E-002   2.1869515608386594E-002  -7.4407077154137233E-002  -3.0118653687480400E-008   5.1358613308064296     
   55.517241379279575        9.8616874333362053E-002   2.1888434427207160E-002  -7.4399701245744909E-002  -3.0197379606468808E-008   5.1603096086060107     
   55.632183908015143        9.8642679983582324E-002   2.1898672526197479E-002  -7.4380374166858290E-002  -3.0135280800002827E-008   5.1569247786622503     
   55.747126436750712        9.8670709066557422E-002   2.1898747473957817E-002  -7.4358195544334468E-002  -3.0043376555914057E-008   5.1377659484917251     
   55.862068965486280        9.8697696322275388E-002   2.1897450623054694E-002  -7.4334337473323422E-002  -3.0092777724581763E-008   5.1146736934706656     
   55.977011494221848        9.8718539488417772E-002   2.1895454602815910E-002  -7.4307815933534596E-002  -3.0177705088268519E-008   5.0904569519059208     
   56.091954022957417        9.8731992745322628E-002   2.1896701083872247E-002  -7.4274344515669999E-002  -3.0410066089824205E-008   5.0810805540002439     
   56.206896551692985        9.8745888137764234E-002   2.1905464870523410E-002  -7.4254191825731938E-002  -3.0664468802931131E-008   5.0882772800217282     
   56.321839080428553        9.8761337937962559E-002   2.1917153842300117E-002  -7.4245260502888460E-002  -3.0718526347358616E-008   5.0991278128751398     
   56.436781609164129        9.8771851371453362E-002   2.1921702850128073E-002  -7.4225171355773653E-002  -3.0483921529840001E-008   5.0776868148196090     
   56.551724137899697        9.8783939863700251E-002   2.1926747420939134E-002  -7.4202970004538585E-002  -3.0474271968529615E-008   5.0757847957361442     
   56.666666666635265        9.8797224319908852E-002   2.1940366781076293E-002  -7.4192163514382958E-002  -3.0957580012108439E-008   5.1042911013700021     
   56.781609195370834        9.8802466552626894E-002   2.1960255375310201E-002  -7.4184612671696459E-002  -3.1638138165975722E-008   5.1350888652600934     
   56.896551724106402        9.8805418402747786E-002   2.1977784692104887E-002  -7.4188137587456307E-002  -3.2288414185575440E-008   5.1535416486813741     
   57.011494252841970        9.8809759337545516E-002   2.1988627845310752E-002  -7.4194908910974008E-002  -3.2768213508384732E-008   5.1618409916535244     
   57.126436781577539        9.8815258658195126E-002   2.1993674250994983E-002  -7.4195369308319797E-002  -3.3057436705823101E-008   5.1693224059301253     
   57.241379310313107        9.8825365715722396E-002   2.1994254277789196E-002  -7.4200256101761841E-002  -3.3089364200152499E-008   5.1694356964612034     
   57.356321839048675        9.8841246354436627E-002   2.1996536630534989E-002  -7.4206067142503496E-002  -3.3040360704923469E-008   5.1712355635554736     
   57.471264367784244        9.8862043360437926E-002   2.2005526234538230E-002  -7.4203823243272252E-002  -3.3328527547787872E-008   5.2012496987208490     
