           0           0           0           0
  0.11494252873556848        7.6691779751450022E-003   4.2693498913068409E-002  -1.5163974367443381E-002   3.2220903757984221E-008   5.1379528861509591     
  0.22988505747113697        2.3135532724612117E-002   4.4655275299595454E-002  -4.5138118649292118E-002   3.6625904649280105E-008   5.3269871435741818     
  0.34482758620670545        3.8256633129210113E-002   4.6713615260118725E-002  -7.3975154105854507E-002   3.8933168472371378E-008   5.4284317919071894     
  0.45977011494227393        5.2721616558271324E-002   4.8679959967753914E-002 -0.10114682688947033        3.9542739376508407E-008   5.4203517034594455     
  0.57471264367784247        6.6306342952312122E-002   5.0424113024922119E-002 -0.12631059505822242        3.9033493654082208E-008   5.3513922952419710     
  0.68965517241341090        7.8867608468257341E-002   5.1865654726625743E-002 -0.14928429846176694        3.7867524193307562E-008   5.2357508912776511     
  0.80459770114897933        9.0328700260691230E-002   5.2968377475282769E-002 -0.16999323815575357        3.6488265944489081E-008   5.0868616158505127     
  0.91954022988454787       0.10065693756512253        5.3736980244635468E-002 -0.18844727738028588        3.5115436133515217E-008   4.9330498096107602     
   1.0344827586201164       0.10987148112940116        5.4214307079833386E-002 -0.20474266333266206        3.3888672187491737E-008   4.8017865364696002     
   1.1494252873556849       0.11802206421916873        5.4425822188509269E-002 -0.21901480807019286        3.2840544379052600E-008   4.6892793928901551     
   1.2643678160912533       0.12517183753011302        5.4421951354627240E-002 -0.23141089053713110        3.1914167124217435E-008   4.5814113144212980     
   1.3793103448268218       0.13138989362208703        5.4279013279007533E-002 -0.24209163845158338        3.1061683215887005E-008   4.4918101846003005     
   1.4942528735623903       0.13675564791636002        5.4037567573905043E-002 -0.25122054990160236        3.0322318925201284E-008   4.4266680805465644     
   1.6091954022979587       0.14135728393318417        5.3723880071554035E-002 -0.25896548145919529        2.9627334648198761E-008   4.3836211219183117     
   1.7241379310335272       0.14526576354818677        5.3370387927721447E-002 -0.26547382984201773        2.8914365940928006E-008   4.3456952949496008     
   1.8390804597690957       0.14853739772602889        5.3008551437540366E-002 -0.27086463244446751        2.8224884113443926E-008   4.3160037060492646     
   1.9540229885046643       0.15123871458914223        5.2668480064444086E-002 -0.27527017414257582        2.7541878977263006E-008   4.2937011823678946     
   2.0689655172402328       0.15343779485088774        5.2344863704705681E-002 -0.27881124256784406        2.6846485077520770E-008   4.2800421431157716     
   2.1839080459758011       0.15519835557232420        5.2038868533628907E-002 -0.28159485229669623        2.6148941978641653E-008   4.2743631291072957     
   2.2988505747113699       0.15657928882025929        5.1771685630736093E-002 -0.28372439192771770        2.5497245026129916E-008   4.2827841044356134     
   2.4137931034469382       0.15762240870696795        5.1537943101670577E-002 -0.28528089373514615        2.4920005829182395E-008   4.3002536092285180     
   2.5287356321825065       0.15837536017459372        5.1324478584921875E-002 -0.28634492864872152        2.4377176305529427E-008   4.3162918461216302     
   2.6436781609180753       0.15888049574115787        5.1138194427972197E-002 -0.28699175562337581        2.3797048753569280E-008   4.3263657330142617     
   2.7586206896536436       0.15916283846660068        5.0986489253536889E-002 -0.28727067155074115        2.3242993286044531E-008   4.3309456498060062     
   2.8735632183892119       0.15924975663264310        5.0871720525017636E-002 -0.28722506343512538        2.2718804150546369E-008   4.3415220070566356     
   2.9885057471247807       0.15916599970053552        5.0783968799365288E-002 -0.28690032211234751        2.2243275814611915E-008   4.3621178013622197     
   3.1034482758603490       0.15894511169150344        5.0719907457672325E-002 -0.28634950233376943        2.1810885731850627E-008   4.3866627111670002     
   3.2183908045959173       0.15861266146352729        5.0674001131229884E-002 -0.28562201067828563        2.1419210761570247E-008   4.4045907984171624     
   3.3333333333314861       0.15816967647314492        5.0653667971091491E-002 -0.28473034961911775        2.1004039170778889E-008   4.4246390181806303     
   3.4482758620670544       0.15763910809313603        5.0678271215403393E-002 -0.28369650883583797        2.0541187627642770E-008   4.4431458700846154     
   3.5632183908026231       0.15703317521605639        5.0739009911494250E-002 -0.28253930730502452        2.0110376907052729E-008   4.4647079559970768     
   3.6781609195381915       0.15635507564181234        5.0820512446139061E-002 -0.28128478215824121        1.9703813847756067E-008   4.4852458131103763     
   3.7931034482737598       0.15561168147337176        5.0904913539381466E-002 -0.27995185531420119        1.9279490309234233E-008   4.4922937893540444     
   3.9080459770093285       0.15481090874506284        5.0987539194982390E-002 -0.27854423105171744        1.8830780440174191E-008   4.4906247431114092     
   4.0229885057448973       0.15396693319373361        5.1075261213938572E-002 -0.27708167833155745        1.8401960558055579E-008   4.4884409549335968     
   4.1379310344804656       0.15308098503807760        5.1157070534123467E-002 -0.27556572053578871        1.8003029327628091E-008   4.4995731842747420     
   4.2528735632160339       0.15217091046285217        5.1220406180185390E-002 -0.27401819503645269        1.7552861239601858E-008   4.5048801551863145     
   4.3678160919516023       0.15126508626697663        5.1297220016435198E-002 -0.27248445742528676        1.7125801768045431E-008   4.5003411446007560     
   4.4827586206871706       0.15036888561493356        5.1387749719175341E-002 -0.27096675343217580        1.6893907209820311E-008   4.5121554557573216     
   4.5977011494227398       0.14948202316415649        5.1490013402759952E-002 -0.26945564573694236        1.6757649986423655E-008   4.5244731087360117     
   4.7126436781583081       0.14860314767889443        5.1604258189103143E-002 -0.26796250209857991        1.6627964443871714E-008   4.5304657484482638     
   4.8275862068938764       0.14773743349148072        5.1718958759616247E-002 -0.26649583989657705        1.6456892451675146E-008   4.5310722133968682     
   4.9425287356294447       0.14689475470575458        5.1831137663701440E-002 -0.26505673947894332        1.6303691274630226E-008   4.5382735936462550     
   5.0574712643650130       0.14608200782790412        5.1945949447560973E-002 -0.26364980915115666        1.6211540222614614E-008   4.5467698626765660     
   5.1724137931005814       0.14529663015978292        5.2056959097693790E-002 -0.26227476053933724        1.6123669220153925E-008   4.5457194026212484     
   5.2873563218361506       0.14452699902076502        5.2155787271669557E-002 -0.26091831242171820        1.5988709491689816E-008   4.5448506404575619     
   5.4022988505717189       0.14377534393938263        5.2250485614588844E-002 -0.25958332542146689        1.5807024295735318E-008   4.5319716953180800     
   5.5172413793072872       0.14304666012261308        5.2336528363827989E-002 -0.25828383495579477        1.5637147840084941E-008   4.5171034561768408     
   5.6321839080428555       0.14233320527836038        5.2402957814377100E-002 -0.25701330168795167        1.5478325430672968E-008   4.4965153321326543     
   5.7471264367784238       0.14162867239049487        5.2466863126565434E-002 -0.25575523434830894        1.5371411968631109E-008   4.4806184339781163     
   5.8620689655139930       0.14093677241551422        5.2520931410527633E-002 -0.25451506931356532        1.5402731553165695E-008   4.4850266917024717     
   5.9770114942495614       0.14026584681635637        5.2561754306728790E-002 -0.25331053507203521        1.5400477884536402E-008   4.4919252634995841     
   6.0919540229851297       0.13962191441006391        5.2600015021292454E-002 -0.25214680875802087        1.5318077259024422E-008   4.4881285619242686     
   6.2068965517206980       0.13900530526057117        5.2647787360773586E-002 -0.25102764701463642        1.5265406027402441E-008   4.4618392690112421     
   6.3218390804562663       0.13841357696582041        5.2701973078299984E-002 -0.24995549916215937        1.5346800647954513E-008   4.4475921512955141     
   6.4367816091918346       0.13784107406053367        5.2767492923070564E-002 -0.24891717062629815        1.5349927077749163E-008   4.4397525614108577     
   6.5517241379274038       0.13727280346853063        5.2860629727620005E-002 -0.24789132340306996        1.5303941468705060E-008   4.4361020289864745     
   6.6666666666629721       0.13669862583262046        5.2974047052527007E-002 -0.24686802497995342        1.5319902187843720E-008   4.4560416285460862     
   6.7816091953985405       0.13612609413533189        5.3082786198083091E-002 -0.24586276534720000        1.5318058229630543E-008   4.4878384772553277     
   6.8965517241341088       0.13556346485313128        5.3165411257788696E-002 -0.24488419651709425        1.5254951336491995E-008   4.5029713808309628     
   7.0114942528696771       0.13502040212264063        5.3216841268186731E-002 -0.24393698423762661        1.5126595642797101E-008   4.4943306361642081     
   7.1264367816052463       0.13450727350105324        5.3246364983874070E-002 -0.24303191503327359        1.5034752466325419E-008   4.4717802578031103     
   7.2413793103408146       0.13401194825580764        5.3273519315129823E-002 -0.24215808440992964        1.4973594078793521E-008   4.4556375015265886     
   7.3563218390763829       0.13352665082883233        5.3317309740134031E-002 -0.24131264617462536        1.4935996352668667E-008   4.4566674532250889     
   7.4712643678119512       0.13305663710650209        5.3366756783813037E-002 -0.24049859025391745        1.4827786814113660E-008   4.4663873621164614     
   7.5862068965475196       0.13259950300886117        5.3409339532006425E-002 -0.23970701716659282        1.4774921212403662E-008   4.4654134623698525     
   7.7011494252830888       0.13215695141693806        5.3420355989525652E-002 -0.23893711261447373        1.4772893852510742E-008   4.4475740381782005     
   7.8160919540186571       0.13174415898733349        5.3412314192223739E-002 -0.23821179224328337        1.4736781951887911E-008   4.4192695616122535     
   7.9310344827542254       0.13138088848268303        5.3427442291375755E-002 -0.23755208251617621        1.4666230108496359E-008   4.4022611111081700     
   8.0459770114897946       0.13105654864133923        5.3478337025542499E-002 -0.23693865247948059        1.4632088565084774E-008   4.3841343711160707     
   8.1609195402253629       0.13075376529569172        5.3542203065450211E-002 -0.23636053621248368        1.4733197143785562E-008   4.3872199372934180     
   8.2758620689609312       0.13047385505321474        5.3600575233882730E-002 -0.23582353639704590        1.4774359219113131E-008   4.3932985102628868     
   8.3908045976964996       0.13021672922408592        5.3655850448571976E-002 -0.23532801699980621        1.4689393653444463E-008   4.3856457204637529     
   8.5057471264320679       0.12997322645444692        5.3702251542821780E-002 -0.23485791924958399        1.4648377069958662E-008   4.3749316170486905     
   8.6206896551676362       0.12974870857900536        5.3738563931188525E-002 -0.23441601100253612        1.4643332390899591E-008   4.3840356017493907     
   8.7356321839032045       0.12954474653213630        5.3775798069814404E-002 -0.23400589653826775        1.4620553517469029E-008   4.4014577607823995     
   8.8505747126387728       0.12935330558094790        5.3806248729175797E-002 -0.23361734853255028        1.4688412897120353E-008   4.3960902406925344     
   8.9655172413743411       0.12916767721271621        5.3814885868629043E-002 -0.23324106086186808        1.4803198148918416E-008   4.3828964312838457     
   9.0804597701099095       0.12897663343709601        5.3828026734598168E-002 -0.23286372605122962        1.4835937582001266E-008   4.3730803105276221     
   9.1954022988454795       0.12877925959051525        5.3850948278381071E-002 -0.23248238992686626        1.4894476540539097E-008   4.3650106703767699     
   9.3103448275810479       0.12857469842035071        5.3870146168157260E-002 -0.23209493740216181        1.4949967847637002E-008   4.3583684489417580     
   9.4252873563166162       0.12836041592862907        5.3891583383246580E-002 -0.23169706095207526        1.4908438314710030E-008   4.3585036422864061     
   9.5402298850521845       0.12813646346691263        5.3924039946565402E-002 -0.23128939491385864        1.4782039309546758E-008   4.3566517600200774     
   9.6551724137877528       0.12790241631638175        5.3959391025182706E-002 -0.23087846096970616        1.4658385813793273E-008   4.3479805217218592     
   9.7701149425233211       0.12766727839635750        5.3979057276126084E-002 -0.23047049759515087        1.4585379303907786E-008   4.3455904536017229     
   9.8850574712588894       0.12744574758636593        5.3980540985159427E-002 -0.23007669430731403        1.4538437475256731E-008   4.3439773348934088     
   9.9999999999944578       0.12724880642181990        5.3976264889398225E-002 -0.22971354324275939        1.4459905448881234E-008   4.3436604578247140     
   10.114942528730026       0.12707886415042033        5.3970922544034634E-002 -0.22938434208055372        1.4394663812326698E-008   4.3326527951185758     
   10.229885057465594       0.12693238395343373        5.3960857841083079E-002 -0.22908901074935123        1.4331075527021657E-008   4.3176637292157256     
   10.344827586201163       0.12680259945824474        5.3965607540689617E-002 -0.22882258778147704        1.4301213786307483E-008   4.3047108741354076     
   10.459770114936733       0.12668321310854952        5.3993353849213867E-002 -0.22857404893187427        1.4288440248641286E-008   4.3007433333658511     
   10.574712643672301       0.12655547540598630        5.4038738867462015E-002 -0.22832119376517512        1.4266369026967301E-008   4.3056434319251720     
   10.689655172407869       0.12641499613486926        5.4081853391730855E-002 -0.22805577638406760        1.4302804383786396E-008   4.3157044853204862     
   10.804597701143438       0.12627334011698366        5.4110570558879009E-002 -0.22779212880319322        1.4360317592761170E-008   4.3181569682562317     
   10.919540229879006       0.12613398193986999        5.4121537658494479E-002 -0.22753896597809847        1.4370883877679163E-008   4.3211050610652393     
   11.034482758614574       0.12600121221535690        5.4122299229341551E-002 -0.22729893939485540        1.4366404786279517E-008   4.3112277477771315     
   11.149425287350143       0.12587919881639156        5.4112294830088135E-002 -0.22707415860612304        1.4348226664911088E-008   4.3010691110311248     
   11.264367816085711       0.12577572344470295        5.4109173798318901E-002 -0.22687568547022394        1.4316775835222151E-008   4.2900774822241550     
   11.379310344821279       0.12569007787796493        5.4118131084112613E-002 -0.22670227834722634        1.4370666909200975E-008   4.2871105128523652     
   11.494252873556848       0.12561423887535203        5.4132000080529444E-002 -0.22654327108882127        1.4445647645479698E-008   4.3018423827460346     
   11.609195402292416       0.12554477916578891        5.4146681542680972E-002 -0.22639938966432827        1.4478414237823731E-008   4.3180803918204997     
   11.724137931027986       0.12547191889596809        5.4147636357232472E-002 -0.22625839061119696        1.4511228114835124E-008   4.3208282480352018     
   11.839080459763554       0.12539495025149339        5.4123055101657172E-002 -0.22611538624421615        1.4570773771258684E-008   4.3112178695392203     
   11.954022988499123       0.12533171769923321        5.4110582569817559E-002 -0.22599364730872457        1.4586465468673392E-008   4.3040329583280208     
   12.068965517234691       0.12526811621752285        5.4123895134248590E-002 -0.22587586146487096        1.4615184411110873E-008   4.3050008871756944     
   12.183908045970259       0.12518342691148374        5.4146024744939902E-002 -0.22572745254365373        1.4680457152165889E-008   4.3067980838146358     
   12.298850574705828       0.12508578475599025        5.4159763373903887E-002 -0.22555950747058845        1.4713193190598068E-008   4.3070271823042976     
   12.413793103441396       0.12497992407764946        5.4154998418548261E-002 -0.22538165004699251        1.4696370459695044E-008   4.3058140606521267     
   12.528735632176964       0.12487247113978320        5.4142341382113990E-002 -0.22519781579265258        1.4647043895741321E-008   4.3069934783621617     
   12.643678160912533       0.12476858246185264        5.4143291344679226E-002 -0.22501604658558547        1.4574920030887482E-008   4.3052795892492330     
   12.758620689648101       0.12466541743161903        5.4154996514757296E-002 -0.22483992471822284        1.4534675285220597E-008   4.3083886409690422     
   12.873563218383669       0.12456103501564458        5.4160626271255286E-002 -0.22466451031457227        1.4502357917930910E-008   4.3168093336879156     
   12.988505747119239       0.12445763199252946        5.4160517608304495E-002 -0.22448949344930830        1.4445820486453624E-008   4.3168536391024785     
   13.103448275854808       0.12435683832124189        5.4156317352725671E-002 -0.22432203744450724        1.4387225623651237E-008   4.3064953554318484     
   13.218390804590376       0.12426263912701238        5.4150237080282111E-002 -0.22416490219886495        1.4365007055049866E-008   4.2930055204300333     
   13.333333333325944       0.12418595286564843        5.4150042086541957E-002 -0.22403306136653900        1.4369826888646508E-008   4.2830711168449067     
   13.448275862061513       0.12411856115164470        5.4159668480952460E-002 -0.22391393019891931        1.4398623538932274E-008   4.2823021315972269     
   13.563218390797081       0.12405380513148645        5.4173149179225791E-002 -0.22379451709928599        1.4436765188756627E-008   4.2858311772366227     
   13.678160919532649       0.12399737911853285        5.4189185283513089E-002 -0.22368643075133515        1.4425174830782193E-008   4.2837728994560855     
   13.793103448268218       0.12394423164098435        5.4204684605901735E-002 -0.22358388553263692        1.4366400213185700E-008   4.2875796118942855     
   13.908045977003786       0.12388909768814980        5.4218918322691080E-002 -0.22347723221175092        1.4273787130335250E-008   4.2952950967061998     
   14.022988505739354       0.12384583024913130        5.4233228766862672E-002 -0.22338702462605586        1.4228857030651816E-008   4.3011792943251983     
   14.137931034474924       0.12382565426888266        5.4231316133274851E-002 -0.22332899875908113        1.4286247440770345E-008   4.3013218651940788     
   14.252873563210493       0.12381890878092681        5.4214488990614623E-002 -0.22328203296958560        1.4362830148981159E-008   4.3021043772084040     
   14.367816091946061       0.12381908267358616        5.4200635968792862E-002 -0.22323653818561229        1.4460911764345969E-008   4.3049677456383444     
   14.482758620681629       0.12381767979650070        5.4205390659108871E-002 -0.22318797410416510        1.4565959613652750E-008   4.3180107742408307     
   14.597701149417198       0.12380394795771646        5.4227404246393378E-002 -0.22312144906044820        1.4664069276436067E-008   4.3318885071332165     
   14.712643678152766       0.12376748445512091        5.4248638844604263E-002 -0.22302369367316494        1.4764733274497196E-008   4.3355003367497229     
   14.827586206888334       0.12371296474626979        5.4250890150558520E-002 -0.22290494186119236        1.4789003209224932E-008   4.3366302433323156     
   14.942528735623902       0.12365520346475532        5.4240582763153571E-002 -0.22278635838836464        1.4747240172839861E-008   4.3244895487054347     
   15.057471264359471       0.12358950043567980        5.4229748770430235E-002 -0.22266226131884514        1.4671686923536061E-008   4.3152840378843358     
   15.172413793095039       0.12352238019260324        5.4217279283384941E-002 -0.22253647128936693        1.4561646934794203E-008   4.3031696403597817     
   15.287356321830607       0.12346084541270474        5.4213556789402276E-002 -0.22241489797251329        1.4447203656899857E-008   4.2985596971126858     
   15.402298850566178       0.12340189939401024        5.4222200177678030E-002 -0.22230120384243185        1.4396320783898569E-008   4.2911794293310894     
   15.517241379301746       0.12334740450018072        5.4232493810594792E-002 -0.22220519304308617        1.4400055411531771E-008   4.2806218945908077     
   15.632183908037314       0.12329415749520874        5.4241525498171961E-002 -0.22211609798937482        1.4354387107297715E-008   4.2735968262048667     
   15.747126436772882       0.12323039987531630        5.4259834965644071E-002 -0.22201200391631315        1.4312434750311197E-008   4.2790656958998188     
   15.862068965508451       0.12314984959380339        5.4276214757855643E-002 -0.22188466220265859        1.4265198317624229E-008   4.2904028065824411     
   15.977011494244019       0.12305746261933664        5.4286335847882485E-002 -0.22174219222590213        1.4139244173751887E-008   4.2895246870982335     
   16.091954022979589       0.12295302761095653        5.4292822227336696E-002 -0.22158151037770288        1.4034588061944240E-008   4.2889057591803281     
   16.206896551715158       0.12283997917224265        5.4276150191648748E-002 -0.22140503280617740        1.4009325761454518E-008   4.2831397659893584     
   16.321839080450726       0.12273090651615665        5.4248056966650679E-002 -0.22123363770013282        1.4033906335826412E-008   4.2720843147736289     
   16.436781609186294       0.12264086022722308        5.4229946772589896E-002 -0.22108288642006516        1.4028181070767362E-008   4.2717260958756729     
   16.551724137921862       0.12256384839464002        5.4237804206244425E-002 -0.22094548965764710        1.3976210157871739E-008   4.2773897558485947     
   16.666666666657431       0.12248795206139192        5.4257571431348253E-002 -0.22080957742213736        1.3960429306426995E-008   4.2899511028638369     
   16.781609195392999       0.12241916298077805        5.4270446677566031E-002 -0.22068192586748231        1.4005422115679514E-008   4.2971733408802848     
   16.896551724128567       0.12235844646468245        5.4279968989792822E-002 -0.22056452511929378        1.4116087744774802E-008   4.3001448359888457     
   17.011494252864136       0.12231467598776583        5.4302453224423390E-002 -0.22047507254783422        1.4208796159960219E-008   4.3143562647680085     
   17.126436781599704       0.12228800817836513        5.4330576095034007E-002 -0.22041769447512866        1.4259001460216233E-008   4.3227760771118557     
   17.241379310335272       0.12225805268995649        5.4352313365189309E-002 -0.22035791897381612        1.4285840768625610E-008   4.3165862030275237     
   17.356321839070841       0.12221806134659828        5.4363820721631068E-002 -0.22027968180522919        1.4309374234819954E-008   4.3145235230577272     
   17.471264367806409       0.12217840286690652        5.4378968262651844E-002 -0.22020364065642292        1.4308344396960567E-008   4.3090254329483546     
   17.586206896541977       0.12213948288676023        5.4400774889183684E-002 -0.22013902522757145        1.4366348938591521E-008   4.3028917956760253     
   17.701149425277546       0.12210215597585125        5.4424628354364464E-002 -0.22008272829151962        1.4371754224913518E-008   4.3137340362056715     
   17.816091954013114       0.12207198224032517        5.4448891334760163E-002 -0.22002859855886947        1.4363513937325696E-008   4.3244369106090916     
   17.931034482748682       0.12204471439509941        5.4461753967655589E-002 -0.21997195596634911        1.4435832910353815E-008   4.3233083834095405     
   18.045977011484251       0.12201182763857939        5.4465360716876458E-002 -0.21990754221797504        1.4481190363223451E-008   4.3061681869674979     
   18.160919540219819       0.12197044780267845        5.4478311401668138E-002 -0.21982782083681779        1.4428370121224236E-008   4.2939346419769757     
   18.275862068955387       0.12192110987291353        5.4513515161002800E-002 -0.21973769613411481        1.4367336774585865E-008   4.2931067793637867     
   18.390804597690959       0.12186108281196344        5.4560734206594949E-002 -0.21963812741258251        1.4308781474329339E-008   4.2998672148551940     
   18.505747126426527       0.12178921270918742        5.4610981708662104E-002 -0.21951521772124419        1.4261219759420212E-008   4.3124127388709734     
   18.620689655162096       0.12172090872342041        5.4638442400281671E-002 -0.21939284918223817        1.4278461453307033E-008   4.3214963312332717     
   18.735632183897664       0.12166280372272799        5.4633650713428357E-002 -0.21929143947077712        1.4252818550754494E-008   4.3155529652479627     
   18.850574712633232       0.12161449362560314        5.4621134228006525E-002 -0.21920260082581638        1.4250953670708525E-008   4.3109146574432424     
   18.965517241368801       0.12157269192158592        5.4616856369289798E-002 -0.21912307082884686        1.4286490552855227E-008   4.3258583576674052     
   19.080459770104369       0.12153154897585519        5.4624554872830369E-002 -0.21904926551195297        1.4285693685305025E-008   4.3393127275179966     
   19.195402298839937       0.12149526011812249        5.4614987348189398E-002 -0.21897837907001089        1.4330194639814970E-008   4.3453406002702311     
   19.310344827575506       0.12146520006122757        5.4578655985557528E-002 -0.21891062536885791        1.4288873049914807E-008   4.3375778268549094     
   19.425287356311074       0.12144229101668763        5.4544274678530777E-002 -0.21885499324095936        1.4252294567237972E-008   4.3285063486945479     
   19.540229885046642       0.12143751410627046        5.4532731243136331E-002 -0.21882605197979632        1.4308977888619428E-008   4.3369262390570613     
   19.655172413782211       0.12144985332416963        5.4544823845213822E-002 -0.21882548328437620        1.4496650751550326E-008   4.3500876559779407     
   19.770114942517779       0.12146378895889338        5.4559100782558538E-002 -0.21882994530973532        1.4702019816841625E-008   4.3660556759223734     
   19.885057471253347       0.12147509437752857        5.4569558504233472E-002 -0.21883088308787541        1.4797163830048647E-008   4.3700227160406051     
   19.999999999988916       0.12148389991583411        5.4583355645127604E-002 -0.21883071651717356        1.4842450522786489E-008   4.3709018187636808     
   20.114942528724484       0.12148915706653821        5.4603282681987608E-002 -0.21883099598014566        1.4901930022200880E-008   4.3761837867370748     
   20.229885057460052       0.12147773443284832        5.4613488092116406E-002 -0.21881308148614229        1.4994646965707824E-008   4.3855629819734210     
   20.344827586195620       0.12144460326882253        5.4623523230073759E-002 -0.21876233367018755        1.4966596247290681E-008   4.4003664015291442     
   20.459770114931189       0.12139592230308761        5.4632371892048372E-002 -0.21868736500594302        1.4838086807517551E-008   4.4073124845913787     
   20.574712643666757       0.12133912261264052        5.4643716964018603E-002 -0.21860213319867139        1.4636391667306545E-008   4.4092812213193913     
   20.689655172402325       0.12128651643733632        5.4651134203611715E-002 -0.21852765661773499        1.4580606641015913E-008   4.3991716290629697     
   20.804597701137894       0.12123921229432598        5.4628020168614060E-002 -0.21846236997651422        1.4585593143995163E-008   4.3835199451786551     
   20.919540229873466       0.12119458753650292        5.4603244558550895E-002 -0.21839483055071324        1.4468967895486645E-008   4.3632934322508383     
   21.034482758609034       0.12115529424362578        5.4596124329452059E-002 -0.21832573107241765        1.4382058028609963E-008   4.3650026378883720     
   21.149425287344602       0.12111828984881637        5.4601569679828904E-002 -0.21825664518322474        1.4310880823074819E-008   4.3755342914518351     
   21.264367816080171       0.12108170526274380        5.4602992497526093E-002 -0.21818488408044487        1.4344927490362208E-008   4.3844764910096607     
   21.379310344815739       0.12106225835967764        5.4572354881467451E-002 -0.21813141717138040        1.4499354692440627E-008   4.3746201305483225     
   21.494252873551307       0.12105942496567694        5.4564700711438721E-002 -0.21810242281099368        1.4500137923710401E-008   4.3816083663204344     
   21.609195402286876       0.12105566379398985        5.4586534363019246E-002 -0.21807257930713991        1.4451233227958441E-008   4.3937562226575118     
   21.724137931022444       0.12104858858746824        5.4592509913650743E-002 -0.21803762196710097        1.4462222146083731E-008   4.3949176287214762     
   21.839080459758012       0.12104350107543049        5.4575581115996072E-002 -0.21800525730856979        1.4511711938996633E-008   4.3732692560682178     
   21.954022988493580       0.12103850872390762        5.4553603329154925E-002 -0.21797089789998009        1.4546608830640804E-008   4.3587630064208094     
   22.068965517229149       0.12103571816684221        5.4550855698483287E-002 -0.21794206713333611        1.4497794256274269E-008   4.3570532371920985     
   22.183908045964717       0.12102480033126375        5.4565423714892480E-002 -0.21790925575901304        1.4432787098495293E-008   4.3647850971516968     
   22.298850574700285       0.12100515488389546        5.4584238084194006E-002 -0.21787734245825280        1.4439155586290394E-008   4.3679538184171260     
   22.413793103435854       0.12098786678525453        5.4598924082013577E-002 -0.21785887766153969        1.4440009974719248E-008   4.3747924645686318     
   22.528735632171422       0.12096776030304540        5.4602041489357156E-002 -0.21784028509560244        1.4429589227870981E-008   4.3761514897764933     
   22.643678160906990       0.12095149491010955        5.4582925806490053E-002 -0.21782885043583095        1.4492644103073077E-008   4.3689912238498199     
   22.758620689642559       0.12094437692281641        5.4561758045106261E-002 -0.21782815593097432        1.4532261207451697E-008   4.3660496072834691     
   22.873563218378127       0.12094071289005058        5.4554217322325065E-002 -0.21783186397720788        1.4572823367794337E-008   4.3706510506017819     
   22.988505747113695       0.12093536768402707        5.4562601936616370E-002 -0.21783568707720014        1.4605028197343198E-008   4.3875329938406704     
   23.103448275849264       0.12092244339392806        5.4576448642877279E-002 -0.21783118065864415        1.4608696121798978E-008   4.4023400680913678     
   23.218390804584832       0.12090564267483291        5.4579078430291798E-002 -0.21782214546927439        1.4618244309210541E-008   4.4042344926702590     
   23.333333333320404       0.12089232455647496        5.4552150232911899E-002 -0.21781521334642304        1.4692491518014141E-008   4.3960304180704330     
   23.448275862055972       0.12089064571362793        5.4497836557070134E-002 -0.21781039647508443        1.4741381834775289E-008   4.3800224174924107     
   23.563218390791540       0.12089715244421963        5.4462508091447315E-002 -0.21780798264526047        1.4731212067955350E-008   4.3689511589477155     
   23.678160919527109       0.12089995746356896        5.4467354050763118E-002 -0.21780806653665138        1.4746801402125231E-008   4.3749723843087232     
   23.793103448262677       0.12089259379173010        5.4490697557275578E-002 -0.21780150193064268        1.4728255232403139E-008   4.3831884279945692     
   23.908045976998245       0.12087270590863895        5.4520214571631462E-002 -0.21777671345156946        1.4645120077744644E-008   4.3864562376479030     
   24.022988505733814       0.12084756659919031        5.4544275570521508E-002 -0.21773942643753985        1.4511613645670900E-008   4.3787469400849508     
   24.137931034469382       0.12082557343144981        5.4546810618137868E-002 -0.21770652618453545        1.4435578907163653E-008   4.3627950220448923     
   24.252873563204950       0.12081235152974550        5.4550219925625539E-002 -0.21768627556778261        1.4371101492582967E-008   4.3526248410018784     
   24.367816091940519       0.12079924649132748        5.4581066396041010E-002 -0.21766229850168922        1.4300053863743711E-008   4.3541500762798888     
   24.482758620676087       0.12077015402824719        5.4623472008432414E-002 -0.21760953415131618        1.4181021859987414E-008   4.3505565831273483     
   24.597701149411655       0.12073265567129791        5.4645498455916285E-002 -0.21754134581143147        1.4153838926365780E-008   4.3539127194097027     
   24.712643678147224       0.12071224086713452        5.4640942100015924E-002 -0.21749226263380150        1.4170739708967460E-008   4.3680448977858912     
   24.827586206882792       0.12070637816976081        5.4620448287299520E-002 -0.21745532902811676        1.4201427889304194E-008   4.3683923163812821     
   24.942528735618360       0.12070361431804388        5.4602776280714492E-002 -0.21741559268323990        1.4280935647631698E-008   4.3669051438186619     
   25.057471264353929       0.12070512615299851        5.4596355485482952E-002 -0.21738010982679329        1.4399775021529373E-008   4.3865649407616560     
   25.172413793089497       0.12070816687597387        5.4582781237573451E-002 -0.21734585486230856        1.4452728138273913E-008   4.4064955973763116     
   25.287356321825065       0.12071178647265508        5.4557597359959444E-002 -0.21730908435145049        1.4505082110721913E-008   4.4147268958245309     
   25.402298850560634       0.12071101279633503        5.4519304834941017E-002 -0.21726786527141895        1.4550412813805124E-008   4.4087189440030334     
   25.517241379296202       0.12071631153563310        5.4500820401376028E-002 -0.21724333781641358        1.4525090458602476E-008   4.4018295057330947     
   25.632183908031770       0.12072752590571512        5.4522845188960702E-002 -0.21723526099173299        1.4467913383175748E-008   4.4029011225124073     
   25.747126436767338       0.12071593044396346        5.4561462005681106E-002 -0.21720619667278282        1.4493562305645447E-008   4.4115148769709451     
   25.862068965502910       0.12068975186266478        5.4587486027430791E-002 -0.21716418473232713        1.4524060651260145E-008   4.4192347789048014     
   25.977011494238479       0.12066641800572245        5.4589587829302309E-002 -0.21712906584482827        1.4533352011798732E-008   4.4132528258387449     
   26.091954022974047       0.12064636251537875        5.4586781678992100E-002 -0.21710442969272120        1.4544983585661471E-008   4.4091669170356198     
   26.206896551709615       0.12062440283332493        5.4600204002036946E-002 -0.21708354715685083        1.4553281383515487E-008   4.4137673619756637     
   26.321839080445184       0.12059487825777188        5.4611482285985245E-002 -0.21705412075108305        1.4581301260349786E-008   4.4178058511512512     
   26.436781609180752       0.12056151438763422        5.4605891598079978E-002 -0.21702164351356026        1.4618416365128561E-008   4.4177374751570193     
   26.551724137916320       0.12053637573459189        5.4580436600042255E-002 -0.21700094235634629        1.4621269200592078E-008   4.4125953478994360     
   26.666666666651889       0.12052297662350561        5.4542798950610788E-002 -0.21699232205852387        1.4621881228608039E-008   4.3991792982823847     
   26.781609195387457       0.12051831443927383        5.4507583736675649E-002 -0.21699499381141096        1.4627063434021741E-008   4.3910924822149981     
   26.896551724123025       0.12052355208168035        5.4482493852508515E-002 -0.21701020230356072        1.4610530211147412E-008   4.3887351109809813     
   27.011494252858594       0.12053060626436833        5.4456631010462907E-002 -0.21702395903497690        1.4600466643567679E-008   4.3845804246867273     
   27.126436781594162       0.12053791445565606        5.4423341708693007E-002 -0.21703401163060848        1.4540032391544418E-008   4.3806126793717057     
   27.241379310329730       0.12054582706834088        5.4393967622313029E-002 -0.21703851794632673        1.4439714457978560E-008   4.3691825017230945     
   27.356321839065298       0.12054855256057942        5.4376571226813580E-002 -0.21703183651779112        1.4369415081443786E-008   4.3547430985889690     
   27.471264367800867       0.12055006193882059        5.4373340217808278E-002 -0.21702068149244078        1.4337661154472247E-008   4.3592680070643128     
   27.586206896536435       0.12055131697747844        5.4376475497148635E-002 -0.21700148024225185        1.4380415902146743E-008   4.3656453930857371     
   27.701149425272003       0.12054717609304522        5.4376053652034885E-002 -0.21697032293897633        1.4392531404807994E-008   4.3659570114873292     
   27.816091954007572       0.12053510830785547        5.4395290881743386E-002 -0.21693034665689065        1.4359130336783096E-008   4.3623688302987214     
   27.931034482743140       0.12051350424323420        5.4425256390694440E-002 -0.21687605866927753        1.4352211539352556E-008   4.3588287816101543     
   28.045977011478708       0.12048070776302637        5.4442473405467234E-002 -0.21680283294033953        1.4362430681957750E-008   4.3591833388762318     
   28.160919540214277       0.12044202555149518        5.4449281252369912E-002 -0.21672737701348330        1.4291701139527230E-008   4.3414198079828958     
   28.275862068949849       0.12041294358596945        5.4458256466057654E-002 -0.21667567056612552        1.4261089065248423E-008   4.3290101344950163     
   28.390804597685417       0.12039036899292935        5.4470762331472168E-002 -0.21663715340261941        1.4346058356468554E-008   4.3294939638422445     
   28.505747126420985       0.12036101212145785        5.4474060032751251E-002 -0.21659392216193418        1.4512022737128492E-008   4.3337676556157936     
   28.620689655156553       0.12033407000390643        5.4463910836151291E-002 -0.21656210735071721        1.4672570321646417E-008   4.3402539435790475     
   28.735632183892122       0.12031530052877863        5.4450022891542875E-002 -0.21654236985890771        1.4660223126284958E-008   4.3412295406059220     
   28.850574712627690       0.12029826748124536        5.4448911748773351E-002 -0.21652398682720692        1.4530983589753902E-008   4.3441105798068884     
   28.965517241363258       0.12027743535792355        5.4447470753094779E-002 -0.21650396828664745        1.4477981384681157E-008   4.3461527020739297     
   29.080459770098827       0.12025652816716532        5.4432801541832602E-002 -0.21648855202612088        1.4496818091858217E-008   4.3424598857308299     
   29.195402298834395       0.12023872309689661        5.4412920183391673E-002 -0.21647867923244513        1.4530503849140352E-008   4.3410321640591354     
   29.310344827569963       0.12022579615403968        5.4400088190478167E-002 -0.21648058074398088        1.4573390269590685E-008   4.3406852336253108     
   29.425287356305532       0.12021181225122901        5.4396817313677730E-002 -0.21648482144675668        1.4608618822265425E-008   4.3429038364301471     
   29.540229885041100       0.12020053820842892        5.4396278550497792E-002 -0.21648819455361182        1.4608888976145257E-008   4.3464831548016694     
   29.655172413776668       0.12019827155685643        5.4405602322028040E-002 -0.21649681233880402        1.4583499430072051E-008   4.3498176564635838     
   29.770114942512237       0.12020941055618470        5.4401272177036289E-002 -0.21651462488401155        1.4628501812151458E-008   4.3451590312763102     
   29.885057471247805       0.12023350421455868        5.4372018220961042E-002 -0.21654602697407402        1.4646694834599914E-008   4.3314046058467515     
   29.999999999983373       0.12026649867834828        5.4349022332125727E-002 -0.21658768601559297        1.4605752902098957E-008   4.3179803480936139     
   30.114942528718942       0.12030998640960246        5.4340326664087030E-002 -0.21663782359976091        1.4610537435127236E-008   4.3122937818874973     
   30.229885057454510       0.12035406416874830        5.4330486233318355E-002 -0.21668401074192528        1.4670705083394840E-008   4.3082807495820248     
   30.344827586190078       0.12039370557361609        5.4318384695494201E-002 -0.21672102199414811        1.4689718154047244E-008   4.3093950359760669     
   30.459770114925647       0.12043285759496129        5.4317942737142480E-002 -0.21676070608344794        1.4646799596271461E-008   4.3140573521213312     
   30.574712643661215       0.12047469896337462        5.4330128643961972E-002 -0.21680744072732561        1.4627535432055556E-008   4.3174848621470927     
   30.689655172396787       0.12050954782343276        5.4357682260137354E-002 -0.21684770867942385        1.4567377133781737E-008   4.3178930437275111     
   30.804597701132355       0.12052450076122848        5.4393328441142925E-002 -0.21687015918542688        1.4532752708240295E-008   4.3238031185295673     
   30.919540229867923       0.12052420391468087        5.4421682820032451E-002 -0.21688358158445459        1.4544962064574215E-008   4.3303024397473262     
   31.034482758603492       0.12050914611709287        5.4433845863232980E-002 -0.21688451572733902        1.4599372433893057E-008   4.3324216867879111     
   31.149425287339060       0.12047943279140461        5.4431619873946381E-002 -0.21686508404948082        1.4591380266325841E-008   4.3241786453368247     
   31.264367816074628       0.12044757203443868        5.4431402326252362E-002 -0.21684499395311441        1.4582143683063221E-008   4.3094851719043934     
   31.379310344810197       0.12040998026593371        5.4432496281448389E-002 -0.21682030915704711        1.4578403529335510E-008   4.3028697979709500     
   31.494252873545765       0.12036242954590679        5.4429858669147221E-002 -0.21678091841972125        1.4556128076695987E-008   4.3039908696452951     
   31.609195402281333       0.12031984123703987        5.4425641601546761E-002 -0.21674361758103614        1.4490914133645000E-008   4.3060471421486408     
   31.724137931016902       0.12028745813828708        5.4425852801752106E-002 -0.21671183007551559        1.4436096076630492E-008   4.2987002814947148     
   31.839080459752470       0.12025679043698084        5.4433478690529245E-002 -0.21667785826743075        1.4371997951074843E-008   4.3007055904558626     
   31.954022988488038       0.12023009224357498        5.4453650606274710E-002 -0.21664789751531474        1.4308228477276604E-008   4.2986191985851363     
   32.068965517223610       0.12022181954212494        5.4470295802477149E-002 -0.21664043089702589        1.4282676817092214E-008   4.2948794921410220     
   32.183908045959178       0.12022376880674430        5.4491209137326177E-002 -0.21664716130709977        1.4221527584187036E-008   4.2974790824782581     
   32.298850574694747       0.12022607506268398        5.4517951618773292E-002 -0.21665139674583284        1.4214068969988160E-008   4.3111401219896743     
   32.413793103430315       0.12023444937436546        5.4546803832429901E-002 -0.21666328782421274        1.4229407533053125E-008   4.3265509877970389     
   32.528735632165883       0.12024982672988804        5.4578177382427609E-002 -0.21668805784587925        1.4195204587765416E-008   4.3462184493969547     
   32.643678160901452       0.12027584078176790        5.4602092815026544E-002 -0.21672797091213267        1.4132781053906535E-008   4.3676409391420972     
   32.758620689637020       0.12031715358754970        5.4603862502792699E-002 -0.21678916666600384        1.4161832552533307E-008   4.3636286029644342     
   32.873563218372588       0.12037019260173577        5.4586299008148105E-002 -0.21686756803025395        1.4215086156906381E-008   4.3565516921945946     
   32.988505747108157       0.12043577297498567        5.4593169260116023E-002 -0.21695995582343622        1.4274398153670551E-008   4.3717706780011349     
   33.103448275843725       0.12051132028010172        5.4617711727501149E-002 -0.21705895944339182        1.4298082261982484E-008   4.3895541835341643     
   33.218390804579293       0.12058922511586548        5.4635783211165988E-002 -0.21715516167305665        1.4311200714450593E-008   4.3915644022779805     
   33.333333333314862       0.12066270649963268        5.4641975957994915E-002 -0.21724634468196141        1.4331092041253091E-008   4.3834581855100492     
   33.448275862050430       0.12073336780465048        5.4642660984275955E-002 -0.21733663598491865        1.4389797180688014E-008   4.3805325215288899     
   33.563218390785998       0.12080814821647905        5.4639554692484306E-002 -0.21742821744660351        1.4401539369980624E-008   4.3858425204783744     
   33.678160919521567       0.12088239841045145        5.4640196671787537E-002 -0.21751340697215893        1.4373025418754744E-008   4.3880635454122965     
   33.793103448257135       0.12094636576215852        5.4631520137193218E-002 -0.21758578765014658        1.4405934097421831E-008   4.3962795279836282     
   33.908045976992703       0.12099979834466187        5.4610000126064796E-002 -0.21764424913747479        1.4478066074402696E-008   4.3974911717607794     
   34.022988505728271       0.12104819357728204        5.4609280999226517E-002 -0.21769585074064068        1.4524213358589206E-008   4.4007453333633064     
   34.137931034463840       0.12109253694072472        5.4646486708729639E-002 -0.21774295200895274        1.4610851840205368E-008   4.4217880657252522     
   34.252873563199408       0.12112945714182537        5.4698465527641682E-002 -0.21777908230761836        1.4705540477281397E-008   4.4534606056498953     
   34.367816091934976       0.12114582351409810        5.4728739430832382E-002 -0.21778850467049266        1.4810612428958720E-008   4.4644160743671852     
   34.482758620670545       0.12115099939394657        5.4731862114972281E-002 -0.21778033417029957        1.4845099025916748E-008   4.4655338642698723     
   34.597701149406113       0.12115661278729244        5.4730733390400174E-002 -0.21776740936346772        1.4769864635756630E-008   4.4646858677785213     
   34.712643678141681       0.12116540795866626        5.4704932003892821E-002 -0.21775860324149882        1.4751148788844854E-008   4.4489907674933775     
   34.827586206877250       0.12118419189577478        5.4668653073309807E-002 -0.21776760778199789        1.4746398183443490E-008   4.4292118740224318     
   34.942528735612818       0.12120128591393159        5.4651231955254419E-002 -0.21778042378844542        1.4787706788860199E-008   4.4387571878824303     
   35.057471264348386       0.12120607395832915        5.4642971458777036E-002 -0.21778326902904149        1.4779880872073341E-008   4.4384685312175023     
   35.172413793083955       0.12120502797535510        5.4637717883625543E-002 -0.21777902192949533        1.4701588610529276E-008   4.4212491446049995     
   35.287356321819523       0.12120462248177095        5.4632835923918086E-002 -0.21777738578325870        1.4645492504170009E-008   4.4156064168032048     
   35.402298850555091       0.12120444381781940        5.4627754526901280E-002 -0.21777629993049602        1.4573410969408592E-008   4.4205381999753426     
   35.517241379290660       0.12120113784212895        5.4608469491047938E-002 -0.21776557720457990        1.4557635565409676E-008   4.4124590018461944     
   35.632183908026228       0.12120257277641912        5.4582503501799766E-002 -0.21775630729200526        1.4571530115450848E-008   4.4001071076559368     
   35.747126436761796       0.12121368520908803        5.4585839883526881E-002 -0.21776477674773115        1.4596482599096441E-008   4.3994948938618768     
   35.862068965497365       0.12121708459627253        5.4601534896293769E-002 -0.21777252477054121        1.4671542569778671E-008   4.4126422347719085     
   35.977011494232933       0.12120726728002670        5.4612139284568595E-002 -0.21776561062788408        1.4738001519925719E-008   4.4242763627421349     
   36.091954022968501       0.12119433294558353        5.4629870359534614E-002 -0.21776091047008891        1.4793057154049547E-008   4.4254477075780008     
   36.206896551704070       0.12116351189427516        5.4650929918441692E-002 -0.21773483487792314        1.4848615678331965E-008   4.4171528443110768     
   36.321839080439638       0.12111866403729976        5.4640240761852699E-002 -0.21768972712003892        1.4881825478382109E-008   4.4084078245469049     
   36.436781609175206       0.12107912517557524        5.4615615324341789E-002 -0.21765675663799888        1.4794838638098876E-008   4.3932255933562816     
   36.551724137910774       0.12104811005861388        5.4608351267401940E-002 -0.21762758500136531        1.4676178873876104E-008   4.3850238987112107     
   36.666666666646343       0.12102692784209057        5.4618504518381024E-002 -0.21760540924127930        1.4573070893491594E-008   4.3790506217553506     
   36.781609195381918       0.12102232222402648        5.4631708143092345E-002 -0.21760197795357705        1.4494015009178840E-008   4.3686448657999355     
   36.896551724117487       0.12104106819830472        5.4663209417351859E-002 -0.21762194309640792        1.4421828383192051E-008   4.3702290115857680     
   37.011494252853055       0.12106628688164402        5.4718994470429105E-002 -0.21765199429160925        1.4445470029064485E-008   4.3869516712325387     
   37.126436781588623       0.12109117568058368        5.4765893572709980E-002 -0.21768425443499287        1.4561417316683288E-008   4.4011718528981385     
   37.241379310324191       0.12112038213648424        5.4784424369722390E-002 -0.21772475001663955        1.4715652039287728E-008   4.3988246772317403     
   37.356321839059760       0.12115041510960674        5.4777287198500758E-002 -0.21776384470234905        1.4813794623946091E-008   4.3889209237898523     
   37.471264367795328       0.12118524043751409        5.4759008571223997E-002 -0.21780448986710449        1.4802353623834954E-008   4.3828801348049655     
   37.586206896530896       0.12122497984363970        5.4747127586685131E-002 -0.21785182039150891        1.4725456548299439E-008   4.3773774362062436     
   37.701149425266465       0.12126088066897230        5.4740379421794882E-002 -0.21789936025727241        1.4624637606165320E-008   4.3661419044706467     
   37.816091954002033       0.12129563735280069        5.4737465326418260E-002 -0.21795113085339315        1.4516011562171799E-008   4.3573079144403772     
   37.931034482737601       0.12133086439899100        5.4742368939379379E-002 -0.21800017122094303        1.4502673708121078E-008   4.3497716261597965     
   38.045977011473170       0.12136511281127126        5.4750857208193525E-002 -0.21804498006257916        1.4486179330559528E-008   4.3411459902593128     
   38.160919540208738       0.12139096006739558        5.4761833111369854E-002 -0.21808415233067435        1.4476077220824508E-008   4.3416209565916910     
   38.275862068944306       0.12140556646158637        5.4758426755143856E-002 -0.21811714849638578        1.4438712177862998E-008   4.3481691253392274     
   38.390804597679875       0.12141537954394725        5.4757390648157031E-002 -0.21814409951936076        1.4363370544967915E-008   4.3306099273723433     
   38.505747126415443       0.12141907615258836        5.4776067549123716E-002 -0.21816229171235207        1.4376575173804170E-008   4.3235114968928556     
   38.620689655151011       0.12141087303704609        5.4811807748522033E-002 -0.21817076011770059        1.4425747004288898E-008   4.3355106933773397     
   38.735632183886580       0.12139904937014759        5.4851163283807805E-002 -0.21817903854806475        1.4392901736113940E-008   4.3494300979961338     
   38.850574712622148       0.12137478780597527        5.4903719285229816E-002 -0.21816800729140057        1.4351332371589827E-008   4.3594557745241156     
   38.965517241357716       0.12133361134637406        5.4949009601667091E-002 -0.21812853129322785        1.4240327005263806E-008   4.3647385390188775     
   39.080459770093285       0.12129116948215035        5.4989091084370396E-002 -0.21808602237641728        1.4124030439331547E-008   4.3732725896545386     
   39.195402298828853       0.12125181390372909        5.5013985745797092E-002 -0.21805375160732302        1.4118667654333713E-008   4.3871835396915895     
   39.310344827564421       0.12120865509252376        5.5015948406399624E-002 -0.21802131546918183        1.4136439278336750E-008   4.3935586850790349     
   39.425287356299989       0.12117505660016817        5.5015990984848870E-002 -0.21799832139025188        1.4101166894486482E-008   4.3972374070005680     
   39.540229885035558       0.12115170237530495        5.5032435396358763E-002 -0.21797937826355934        1.4082588232115792E-008   4.4025252471401082     
   39.655172413771126       0.12111974062835743        5.5052565761031708E-002 -0.21794433735314450        1.4106651937681420E-008   4.4011644222289990     
   39.770114942506694       0.12108053042825197        5.5062817026701696E-002 -0.21789902474534878        1.4130599740408710E-008   4.3922352491079524     
   39.885057471242263       0.12104445894221252        5.5055902059969158E-002 -0.21786125516784208        1.4188055116505349E-008   4.3804461920389377     
   39.999999999977831       0.12100213660421510        5.5036835265093058E-002 -0.21782793010355406        1.4239324182715102E-008   4.3747629264377563     
   40.114942528713399       0.12095289996201963        5.5019349804364175E-002 -0.21779173877855895        1.4294600967140550E-008   4.3743958327159360     
   40.229885057448968       0.12090609540375313        5.5005038551459162E-002 -0.21775559044217888        1.4255734235354824E-008   4.3790528713424308     
   40.344827586184536       0.12085712180571458        5.4989111108605354E-002 -0.21771613822023395        1.4200968772966984E-008   4.3781976474910529     
   40.459770114920104       0.12081929917564813        5.4965343318159596E-002 -0.21768970364870449        1.4172112406904029E-008   4.3602017071819681     
   40.574712643655673       0.12080278862609548        5.4958257593361051E-002 -0.21768842341735162        1.4182359853326269E-008   4.3507973721466504     
   40.689655172391241       0.12080173451670624        5.4990051220803672E-002 -0.21770979267019858        1.4234839023031269E-008   4.3735045910881594     
   40.804597701126809       0.12080903761775878        5.5023068762651159E-002 -0.21774672642781975        1.4239214260518846E-008   4.3752250197675204     
   40.919540229862378       0.12082119844797869        5.5052172087042876E-002 -0.21778967810149902        1.4215547275416837E-008   4.3754404434934866     
   41.034482758597946       0.12084302808652153        5.5066948113345469E-002 -0.21784262927557907        1.4190288671010224E-008   4.3770675726039032     
   41.149425287333514       0.12088226611831536        5.5063832467733491E-002 -0.21791531583812612        1.4195357027701450E-008   4.3704841704016584     
   41.264367816069083       0.12093346328816709        5.5058374316641991E-002 -0.21800336807133175        1.4271263331533811E-008   4.3644317047801069     
   41.379310344804651       0.12099117843964030        5.5065462988854327E-002 -0.21809609376125544        1.4385849080398144E-008   4.3636561575374344     
   41.494252873540219       0.12104947816729952        5.5092534524484760E-002 -0.21818523873391860        1.4430211857550665E-008   4.3717311712996079     
   41.609195402275788       0.12110553168414624        5.5136398944039607E-002 -0.21827760580758512        1.4498881724616377E-008   4.3826808986051118     
   41.724137931011363       0.12115162787934122        5.5179034985141762E-002 -0.21836178841405060        1.4571945281409146E-008   4.3963100094889311     
   41.839080459746931       0.12119348819900443        5.5204364878800240E-002 -0.21843641978171258        1.4584856339085247E-008   4.3977416673234497     
   41.954022988482500       0.12124017963762225        5.5217810226291304E-002 -0.21851654700557147        1.4563835693408599E-008   4.3844107506894288     
   42.068965517218068       0.12128833842134421        5.5225657015672371E-002 -0.21859610697575244        1.4496131577424357E-008   4.3611871466667971     
   42.183908045953636       0.12133204306255214        5.5256750344241441E-002 -0.21866347346324327        1.4411114137127318E-008   4.3384770300069526     
   42.298850574689205       0.12138160928438456        5.5306082861749505E-002 -0.21873358170036977        1.4359013725117390E-008   4.3376190338904639     
   42.413793103424773       0.12142449558240050        5.5357582707138878E-002 -0.21879697162866557        1.4363164871211352E-008   4.3469938188142967     
   42.528735632160341       0.12144995781325245        5.5388896873735424E-002 -0.21884163937999165        1.4344117919230226E-008   4.3557233619856355     
   42.643678160895909       0.12147591070711547        5.5402285034447045E-002 -0.21888255131344136        1.4264883929167138E-008   4.3461291823276520     
   42.758620689631478       0.12151231150213221        5.5417354094109257E-002 -0.21893550925418606        1.4267730185551720E-008   4.3393266103359869     
   42.873563218367046       0.12155172450230106        5.5437284320791536E-002 -0.21899296189278705        1.4304086469663637E-008   4.3381665443302513     
   42.988505747102614       0.12158042498877238        5.5464196773714329E-002 -0.21903517196359445        1.4295203987196437E-008   4.3350070079072944     
   43.103448275838183       0.12160104676015401        5.5491752969894559E-002 -0.21906976493011382        1.4325145371141752E-008   4.3370215152672644     
   43.218390804573751       0.12161494692519073        5.5507891817295506E-002 -0.21909447146494856        1.4390061652381710E-008   4.3486436872812995     
   43.333333333309319       0.12162062917720100        5.5517237026683236E-002 -0.21910247483866785        1.4416759072803384E-008   4.3552241271546954     
   43.448275862044888       0.12162558553023035        5.5522388940058398E-002 -0.21910665691347547        1.4408435148642995E-008   4.3530735351226229     
   43.563218390780456       0.12163499030746873        5.5532725858584070E-002 -0.21911711404685896        1.4363040263337649E-008   4.3478812665841904     
   43.678160919516024       0.12164684734330102        5.5558934802807672E-002 -0.21913379119341586        1.4283267994549559E-008   4.3455991076743175     
   43.793103448251593       0.12164937337134975        5.5597648137899087E-002 -0.21914002388615383        1.4181831461685886E-008   4.3461583521379126     
   43.908045976987161       0.12165135131954694        5.5631049337993739E-002 -0.21914888210268069        1.4154888279778042E-008   4.3410360746288781     
   44.022988505722729       0.12166626301796574        5.5647448184359932E-002 -0.21917563406768714        1.4139745137384257E-008   4.3342439460431796     
   44.137931034458298       0.12169549278412833        5.5667418414912143E-002 -0.21920733415266430        1.4134724459453167E-008   4.3310406955607315     
   44.252873563193866       0.12173966057568240        5.5709422875030272E-002 -0.21924859442510869        1.4180401155019661E-008   4.3428708929710647     
   44.367816091929434       0.12178798303881579        5.5772559328560282E-002 -0.21930249225373388        1.4242696787699798E-008   4.3654494605379650     
   44.482758620665003       0.12183280108741443        5.5856753942436603E-002 -0.21936274787545784        1.4266464771656384E-008   4.3845511535214250     
   44.597701149400571       0.12186246815980237        5.5939272564612286E-002 -0.21940929241913498        1.4300208404722054E-008   4.3970403676214156     
   44.712643678136139       0.12188390787956296        5.5987874475827953E-002 -0.21944664823677409        1.4289818432534000E-008   4.3918268455703027     
   44.827586206871707       0.12191523059436514        5.6005415493559030E-002 -0.21949710002822148        1.4310428079249845E-008   4.3781636999928697     
   44.942528735607276       0.12195415910152471        5.6016520081139255E-002 -0.21955718837846908        1.4302254350628312E-008   4.3766028430722148     
   45.057471264342844       0.12200245242578882        5.6053398221162065E-002 -0.21963175505013816        1.4273728908820866E-008   4.3853946779528572     
   45.172413793078412       0.12204982331867778        5.6097725250698081E-002 -0.21971113258037875        1.4251032076298266E-008   4.3991383017288550     
   45.287356321813981       0.12208890734222209        5.6120729515055236E-002 -0.21978426024126496        1.4189131904256540E-008   4.3977206662931563     
   45.402298850549549       0.12212357945274646        5.6134640280355766E-002 -0.21985508017661720        1.4050982751839721E-008   4.3863391969953094     
   45.517241379285117       0.12214998474040832        5.6155523505403156E-002 -0.21992050904726546        1.3947435889196885E-008   4.3932622275149553     
   45.632183908020686       0.12216625001107817        5.6165600148021723E-002 -0.21997432484288165        1.3902277073258930E-008   4.4039905913070969     
   45.747126436756254       0.12218526381788246        5.6174722999963768E-002 -0.22002662407159324        1.3878570896054096E-008   4.4099757459419937     
   45.862068965491822       0.12221286694586989        5.6193220560404974E-002 -0.22008503033200466        1.3897660739028270E-008   4.4206007442712112     
   45.977011494227391       0.12223687110932009        5.6213280598975894E-002 -0.22013450315875499        1.3932575461005346E-008   4.4301308445597662     
   46.091954022962959       0.12225840623337661        5.6226525077927740E-002 -0.22017375771225151        1.3967674015022389E-008   4.4470882665845561     
   46.206896551698527       0.12229392961388912        5.6223343608138396E-002 -0.22022350767484852        1.3983001811175211E-008   4.4511602761035354     
   46.321839080434096       0.12234651545844767        5.6200034495597656E-002 -0.22029172019256671        1.3936125307813234E-008   4.4365774581258393     
   46.436781609169664       0.12240415011458702        5.6185185919964027E-002 -0.22036784411414015        1.3756706475804947E-008   4.4043978437612497     
   46.551724137905232       0.12246928785249592        5.6205498826722933E-002 -0.22045346840133989        1.3726957491687205E-008   4.3817270319938162     
   46.666666666640808       0.12253456493450313        5.6226845253525719E-002 -0.22053848254494823        1.3840435254299965E-008   4.3853103874948687     
   46.781609195376376       0.12257975704127808        5.6253004312196320E-002 -0.22059658679079555        1.3854525344695596E-008   4.3859309575913459     
   46.896551724111944       0.12260411374151645        5.6313172066492452E-002 -0.22063257443635204        1.3882012908771119E-008   4.3989443994545683     
   47.011494252847513       0.12261008673862910        5.6372998346938624E-002 -0.22064976033204226        1.4015060395087174E-008   4.4216100285904787     
   47.126436781583081       0.12259996211950777        5.6401020087258717E-002 -0.22064216784216922        1.4045884911970768E-008   4.4300774392236235     
   47.241379310318649       0.12257670999544969        5.6401344185748312E-002 -0.22061524659575338        1.3989309803375102E-008   4.4279793334345126     
   47.356321839054218       0.12254355097718171        5.6379165707536726E-002 -0.22057573308182912        1.3831243901729170E-008   4.4007815619793131     
   47.471264367789786       0.12249716226374939        5.6366594736617252E-002 -0.22052385480661824        1.3691771077925927E-008   4.3807173571036238     
   47.586206896525354       0.12244226813882851        5.6383100965357778E-002 -0.22046802242672564        1.3643479240111208E-008   4.3891515416961688     
   47.701149425260922       0.12238480401117677        5.6406385460525024E-002 -0.22041266221509681        1.3623953563942957E-008   4.3932546420399596     
   47.816091953996491       0.12232551658363629        5.6424045462812898E-002 -0.22035247509695866        1.3521919740583949E-008   4.3836298651990084     
   47.931034482732059       0.12227206919927693        5.6450338121665389E-002 -0.22029137446889901        1.3441223024746515E-008   4.3894347479749110     
   48.045977011467627       0.12223383995697445        5.6476738063420552E-002 -0.22024340565182843        1.3493395820454330E-008   4.3916253925319992     
   48.160919540203196       0.12220293729662739        5.6498400831517859E-002 -0.22019947070158843        1.3582966002161359E-008   4.3965115283755285     
   48.275862068938764       0.12217832244239588        5.6509189692394789E-002 -0.22015847960540239        1.3691352206366465E-008   4.4130329480811570     
   48.390804597674332       0.12216609425630544        5.6520124722059743E-002 -0.22013636098100514        1.3675636767567852E-008   4.4187586598222204     
   48.505747126409901       0.12215768488031629        5.6535226084285482E-002 -0.22011854384575949        1.3642079376949917E-008   4.4288294638352648     
   48.620689655145469       0.12214766976815489        5.6526784346703170E-002 -0.22009276734054647        1.3622189168219117E-008   4.4130296272982950     
   48.735632183881037       0.12214606940541163        5.6497874428746368E-002 -0.22007200310462277        1.3612163145571473E-008   4.3863790403848908     
   48.850574712616606       0.12216471034930829        5.6488504392276803E-002 -0.22007331714469303        1.3592367269604452E-008   4.3614125653087523     
   48.965517241352174       0.12219588189429989        5.6513013244699220E-002 -0.22009724573871897        1.3615827715452216E-008   4.3596561714778534     
   49.080459770087742       0.12221271219490570        5.6559009318749152E-002 -0.22011414767695936        1.3637671604623212E-008   4.3635474834713683     
   49.195402298823311       0.12221183571698103        5.6574454899715625E-002 -0.22012211656445788        1.3645840770101005E-008   4.3560660771773199     
   49.310344827558879       0.12221151047235407        5.6564615531208631E-002 -0.22013752692562455        1.3644728280174182E-008   4.3426522113825810     
   49.425287356294447       0.12220852498510379        5.6555304787026028E-002 -0.22015010623076453        1.3590274490458276E-008   4.3345129406899066     
   49.540229885030016       0.12220362719828273        5.6549446516223865E-002 -0.22017156267647359        1.3513395976926778E-008   4.3230463108201711     
   49.655172413765584       0.12220865803910078        5.6544473846535465E-002 -0.22021068217661743        1.3525566412353797E-008   4.3169312926875838     
   49.770114942501152       0.12222758160040077        5.6544376433327916E-002 -0.22026219638716713        1.3520786146192793E-008   4.3164317569994655     
   49.885057471236721       0.12225089774866001        5.6552090516716419E-002 -0.22031794199797705        1.3451661342157675E-008   4.3052438612320607     
   49.999999999972289       0.12227024455928359        5.6553395007425275E-002 -0.22036287712021474        1.3386958727806946E-008   4.2923757010470203     
   50.114942528707857       0.12229550020902152        5.6547463852230320E-002 -0.22040761705971545        1.3366112113824782E-008   4.2871806925000557     
   50.229885057443425       0.12232525648237963        5.6539866401792406E-002 -0.22045428053837393        1.3343024851372643E-008   4.2944156050518902     
   50.344827586178994       0.12234610948790740        5.6529281098528242E-002 -0.22048610826659276        1.3312349267709088E-008   4.2939031783699404     
   50.459770114914562       0.12236869391285433        5.6505686304167232E-002 -0.22051506244043048        1.3399705556432374E-008   4.2964833319985782     
   50.574712643650130       0.12239290757581156        5.6469330077753122E-002 -0.22053832566995246        1.3453519366975140E-008   4.3068332334594679     
   50.689655172385699       0.12241126672305662        5.6437483987826186E-002 -0.22055221545858913        1.3477579686572893E-008   4.3124358120847290     
   50.804597701121267       0.12242431009816003        5.6405433121656266E-002 -0.22055994011825347        1.3541313361300950E-008   4.3050190614044732     
   50.919540229856835       0.12243636821152791        5.6386462991708831E-002 -0.22056268334576967        1.3558816951847696E-008   4.2947904372228205     
   51.034482758592404       0.12244251196758117        5.6397682986488125E-002 -0.22055836420679781        1.3600336784422193E-008   4.2859026800952487     
   51.149425287327972       0.12243799337653881        5.6435507647247606E-002 -0.22054680234385735        1.3584116509512342E-008   4.2972932049062909     
   51.264367816063540       0.12242059073724061        5.6482156813916093E-002 -0.22051907517839761        1.3551271403658458E-008   4.3128694770549698     
   51.379310344799109       0.12239225432793840        5.6509858964104508E-002 -0.22047523209848946        1.3493170502387258E-008   4.3105828489678375     
   51.494252873534677       0.12236415174226038        5.6521394178982443E-002 -0.22043195129936582        1.3376605955986770E-008   4.2982089949008291     
   51.609195402270252       0.12234390269666752        5.6536083605019015E-002 -0.22038972469141366        1.3258637961650995E-008   4.3008671037518527     
   51.724137931005821       0.12233232979273222        5.6552702726135634E-002 -0.22034950220418975        1.3195078901901708E-008   4.3091421011631077     
   51.839080459741389       0.12233174861328222        5.6577278158349009E-002 -0.22032074460559456        1.3165391164773651E-008   4.3069975566625258     
   51.954022988476957       0.12233519892091624        5.6635980360638861E-002 -0.22029933738565291        1.3220927398921838E-008   4.3077555044473996     
   52.068965517212526       0.12232788008001863        5.6710233798141177E-002 -0.22026803481802021        1.3174288863686561E-008   4.3175997622911257     
   52.183908045948094       0.12230186764925842        5.6786137272044804E-002 -0.22021582635550618        1.3147069000945453E-008   4.3128666779371336     
   52.298850574683662       0.12226524113984615        5.6834672961224228E-002 -0.22015697015931490        1.3169191665874275E-008   4.2991868732013216     
   52.413793103419231       0.12222679261157000        5.6865533797309818E-002 -0.22010664441575925        1.3237017156382457E-008   4.2961699299268474     
   52.528735632154799       0.12219778741774008        5.6881609985520880E-002 -0.22007470129247952        1.3336877661127734E-008   4.3042741716205066     
   52.643678160890367       0.12217223380568702        5.6887846576004590E-002 -0.22004887391844144        1.3297896258199818E-008   4.3011150465400316     
   52.758620689625936       0.12213820092772124        5.6912861135043243E-002 -0.22001562657376236        1.3193287147007162E-008   4.2953165915061495     
   52.873563218361504       0.12211540259254119        5.6959573356838544E-002 -0.22000073853134516        1.3123862159527953E-008   4.2930394527246243     
   52.988505747097072       0.12210666985453905        5.7005594785931937E-002 -0.22001044371130496        1.3136382457066716E-008   4.3008527152704108     
   53.103448275832640       0.12210021331357016        5.7025401769464384E-002 -0.22003379955754471        1.3157775871667124E-008   4.3155345044994773     
   53.218390804568209       0.12208950042730737        5.7031360445802086E-002 -0.22005574322976829        1.3045933213125950E-008   4.3121808830166231     
   53.333333333303777       0.12208627618058172        5.7023151315011691E-002 -0.22008930677874722        1.3014054175374850E-008   4.2942651858352097     
   53.448275862039345       0.12210840874586129        5.6992967626411144E-002 -0.22014872645741390        1.3043200965783653E-008   4.2819387017287278     
   53.563218390774914       0.12215051951423447        5.6980303557179333E-002 -0.22021900425977192        1.3107965949991780E-008   4.2841834266560719     
   53.678160919510482       0.12220529774082374        5.6994122395016798E-002 -0.22029712228160292        1.3209239992036409E-008   4.2899625581394494     
   53.793103448246050       0.12225836621830755        5.7029196849309127E-002 -0.22037466559723140        1.3270531826677721E-008   4.2857118246056611     
   53.908045976981619       0.12230466807626954        5.7081209201010959E-002 -0.22044702039828720        1.3227848351664052E-008   4.2818133401966527     
   54.022988505717187       0.12234162336319050        5.7133573576025380E-002 -0.22050920927733125        1.3229934306557783E-008   4.2812073526922685     
   54.137931034452755       0.12237003934810706        5.7173598021388668E-002 -0.22056259707991008        1.3221533545938656E-008   4.2818460011533075     
   54.252873563188324       0.12238905699595719        5.7214239653651876E-002 -0.22060500670649444        1.3135775690471045E-008   4.2758221277692110     
   54.367816091923892       0.12240158261359568        5.7256483186436891E-002 -0.22064275744250222        1.3097618192373836E-008   4.2685029430910353     
   54.482758620659460       0.12241498256576253        5.7288028896434175E-002 -0.22068182102869738        1.3104450144077928E-008   4.2713215686391521     
   54.597701149395029       0.12242936840171108        5.7304222371658678E-002 -0.22072054311942518        1.3101924477591723E-008   4.2663667566977628     
   54.712643678130597       0.12245598210558889        5.7315121583826234E-002 -0.22077996842080627        1.3044320354855838E-008   4.2600902036237080     
   54.827586206866165       0.12249004963644368        5.7333637328814822E-002 -0.22085407475272745        1.2917984128993516E-008   4.2495519096640413     
   54.942528735601734       0.12252832153277782        5.7344699661210648E-002 -0.22093746751812288        1.2812256818930991E-008   4.2416059275863880     
   55.057471264337302       0.12257224465953773        5.7352435587358315E-002 -0.22102901249892837        1.2700312357244860E-008   4.2318723060320149     
   55.172413793072870       0.12262546941616337        5.7377384788142735E-002 -0.22112790803172580        1.2634325140167565E-008   4.2258248021260387     
   55.287356321808439       0.12269642734399046        5.7413880358686768E-002 -0.22124426307250136        1.2655952215521850E-008   4.2299102132887345     
   55.402298850544007       0.12276703747332061        5.7445607080174849E-002 -0.22135409478704954        1.2728628845900841E-008   4.2365396186043585     
   55.517241379279575       0.12283404742097920        5.7467621667519779E-002 -0.22145092175434125        1.2783963471603644E-008   4.2406676140155541     
   55.632183908015143       0.12290498580030636        5.7504171464094540E-002 -0.22154766578388868        1.2808105899186007E-008   4.2542767708147338     
   55.747126436750712       0.12298322258878037        5.7546539294091995E-002 -0.22165393165533781        1.2819267912349576E-008   4.2557593791453376     
   55.862068965486280       0.12306105517122735        5.7594296445728006E-002 -0.22175875149350274        1.2826401074844123E-008   4.2498902074361027     
   55.977011494221848       0.12312926304330095        5.7632820073209128E-002 -0.22184780253171871        1.2852660851397162E-008   4.2579622757274773     
   56.091954022957417       0.12318964097497526        5.7648099970280593E-002 -0.22192163372029788        1.2843852829268509E-008   4.2689032854368723     
   56.206896551692985       0.12323758444979653        5.7659081709623833E-002 -0.22198347258756077        1.2765196081904208E-008   4.2663665773949724     
   56.321839080428553       0.12327741537303666        5.7658377413340872E-002 -0.22203875331099920        1.2724230807300459E-008   4.2610737002681169     
   56.436781609164129       0.12331853138713307        5.7639093027668523E-002 -0.22209038275858645        1.2704186281518208E-008   4.2509808178892872     
   56.551724137899697       0.12336490972286192        5.7629226845565276E-002 -0.22214884958656217        1.2742189042825020E-008   4.2444559127982764     
   56.666666666635265       0.12340228512543475        5.7643455443806502E-002 -0.22219950944534361        1.2762470383110619E-008   4.2461569670991306     
   56.781609195370834       0.12342032043355733        5.7673023226427089E-002 -0.22222278698618422        1.2730921291347522E-008   4.2593163056507111     
   56.896551724106402       0.12342269921803926        5.7692210109283722E-002 -0.22222811762078704        1.2669327138857067E-008   4.2704230480058607     
   57.011494252841970       0.12342460976411702        5.7702563477632765E-002 -0.22223436910166255        1.2515646639214700E-008   4.2734850298915079     
   57.126436781577539       0.12343514800807046        5.7724951279199584E-002 -0.22225040666626558        1.2443638051280593E-008   4.2798568487015194     
   57.241379310313107       0.12345047532968295        5.7745475724692588E-002 -0.22227584104540535        1.2484956039930847E-008   4.2943020259087152     
   57.356321839048675       0.12347642556636976        5.7746942546993550E-002 -0.22231767192080637        1.2583959100288614E-008   4.3009279836516328     
   57.471264367784244       0.12352026347760360        5.7747257410580045E-002 -0.22238230683804153        1.2625013706219803E-008   4.2981804498767193     
