   6.2499999999998668E-003  0.70290504223189143       0.89598797030970045        1.2232851292551830       0.81848285129255172        1.7762189659585357       0.43983555157409771        2.1127143588431019     
   1.8750000000000044E-002  0.68346877399539285       0.89750767852572300        1.2122472485282825       0.82384182237010484        1.7588622984386995       0.43255694906577929        2.1147139749168158     
   3.1250000000000000E-002  0.67938955720501659       0.88231059636549769        1.2075281545943177       0.82328192986946491        1.7755790888149474       0.43111722549270537        2.0934380598925002     
   4.3749999999999956E-002  0.69090734578960833       0.89214870744816988        1.2088878935244431       0.81824289736370603        1.7526234962887124       0.44255502943434855        2.0507262605579726     
   5.6249999999999911E-002  0.70218518044535438       0.89518812388021485        1.2000095981571537       0.83152034809316600        1.7445450473509083       0.44671423086767337        2.0144932173022778     
   6.8749999999999867E-002  0.68602828256974657       0.90422638853340143        1.1919311492193498       0.81392372664448420        1.7323873816227282       0.43103724084975681        2.0040952137189656     
   8.1250000000000044E-002  0.69234706936268231       0.91262477604299963        1.2134470181725108       0.82168223701049392        1.7127111594573841       0.44439467622216527        1.9733011261837725     
   9.3750000000000000E-002  0.69058740721781409       0.91046519068338871        1.1994497056565139       0.81824289736370603        1.7025531098029176       0.43207704120808799        1.9240305861274634     
  0.10624999999999996       0.70378487330432549       0.91038520604044015        1.2128071410289223       0.81568338878935231        1.6723189147683644       0.42383862298438696        1.8918767596621446     
  0.11874999999999991       0.70258510366009719       0.91118505246992565        1.2056885078065009       0.81720309700537486        1.6515229076017404       0.43831584335807522        1.8495648835423597     
  0.13124999999999987       0.68834783721525461       0.90454632710519567        1.2167263885334014       0.82336191451241347        1.6274475300742255       0.44303493729203985        1.8147715638597388     
  0.14375000000000004       0.70906385973893005       0.89910737138469399        1.2060084463782952       0.81856283593550028        1.5784169439467621       0.44839390836959298        1.7594221909393395     
  0.15625000000000000       0.70794407473765031       0.91086511389813141        1.2222453288968516       0.83895891988738147        1.5561012285641156       0.43735602764269255        1.7227092398259531     
  0.16874999999999996       0.70666432045047345       0.92046327105195791        1.2251247760429995       0.81648323521883792        1.5175486306629125       0.44335487586383410        1.6584815715382644     
  0.18124999999999991       0.72290120296902982       0.91054517532633727        1.2240849756846683       0.83671934988482199        1.4922734834911695       0.43959559764525208        1.6240881750703864     
  0.19375000000000009       0.71386293831584324       0.91622408497568453        1.2395220117737393       0.83136037880726887        1.4677981827489119       0.44687420015357049        1.5901746864601995     
  0.20625000000000004       0.71978180189403629       0.90806565139493212        1.2118473253135396       0.83407985666751971        1.4362842334271819       0.42743793191707186        1.5660993089326847     
  0.21875000000000000       0.71562260046071147       0.91326465318658812        1.2428013821346300       0.85639557205016625        1.4002911441003325       0.44495456872280514        1.4998720245712822     
  0.23124999999999996       0.72969989761965692       0.89350844637829530        1.2547190939339645       0.83232019452265160        1.3767756590734577       0.45199321730227793        1.4552405938059891     
  0.24374999999999991       0.74009790120296892       0.91326465318658812        1.2400019196314307       0.84015868953160988        1.3604587919119528       0.45975172766828765        1.4322050166368057     
  0.25625000000000009       0.75401522907601737       0.89998720245712815        1.2521595853596108       0.83967878167391852        1.3122280522139749       0.45943178909649340        1.3781353980035831     
  0.26875000000000004       0.74417711799334518       0.91654402354747877        1.2519196314307652       0.86111466598413100        1.2779146403890451       0.45935180445354484        1.3596589454824672     
  0.28125000000000000       0.75089582800102372       0.90598605067826965        1.2460807524955206       0.83583951881238794        1.2592782185820321       0.45687228052213968        1.3251855643716406     
  0.29374999999999996       0.76321346301510096       0.91710391604811869        1.2566387253647298       0.83879895060148446        1.2627975428717684       0.46383094445866391        1.2813539800358329     
  0.30624999999999991       0.76745264909137434       0.91558420783209615        1.2598381110826720       0.85479587919119515        1.2056885078065009       0.46990977732275396        1.2350428717686204     
  0.31875000000000009       0.77473125159969281       0.91878359355003825        1.2623976196570257       0.84039864346045545        1.2189659585359609       0.46151138981315581        1.2251247760429995     
  0.33125000000000004       0.81104427949833624       0.92614218070130527        1.2888725364729969       0.84871704632710510        1.1600172766828767       0.47758830304581512        1.1773739442027129     
  0.34375000000000000       0.80520540056309176       0.92638213463015096        1.2464006910673149       0.86391412848733029        1.1766540824161760       0.47494880982851290        1.1557780906066033     
  0.35624999999999996       0.81816291272075747       0.94861786536984893        1.2655170207320192       0.86575377527514707        1.1160257230611721       0.48822626055797280        1.1345821602252366     
  0.36874999999999991       0.80456552341950338       0.92230291783977469        1.2771947786025082       0.85463590990529803        1.1157057844893778       0.50350332736114656        1.0934700537496800     
  0.38125000000000009       0.81504351164576394       0.92494241105707697        1.3045495264909135       0.85903506526746853        1.0682748912208855       0.50742257486562570        1.0663552597901202     
  0.39375000000000004       0.84015868953160988       0.94157921679037615        1.3069490657793703       0.87103276170975164        1.0590766572818018       0.50902226772459680        1.0404402354747888     
  0.40625000000000000       0.87215254671103137       0.92942155106219593        1.2978308164832351       0.87399219349884816        1.0291624008190425       0.51566099308932678        1.0135653954440746     
  0.41874999999999996       0.84727732275403111       0.91974340926542097        1.3008702329152801       0.88574993601228558        1.0138053493729202       0.51342142308676730       0.98845021755822871     
  0.43124999999999991       0.87063283849500883       0.94309892500639869        1.3093486050678269       0.88223061172254913        1.0054869465062706       0.52149987202457126       0.95669631430765278     
  0.44375000000000009       0.88423022779626304       0.92878167391860755        1.3077489122088557       0.87407217814179672       0.99068978756078818       0.53941643204504730       0.92694202713079077     
  0.45625000000000004       0.88758958280010225       0.94685820322498071        1.3223861018684411       0.88167071922190932       0.95677629895060134       0.54333567954952644       0.90078704888661365     
  0.46875000000000000       0.91654402354747877       0.94861786536984893        1.3129479140005118       0.89206872280522131       0.96821410289224452       0.55629319170719216       0.88087087279242371     
  0.48124999999999996       0.94645828001023791       0.93126119785001271        1.3071090350652672       0.89398835423598655       0.92614218070130527       0.56597133350396722       0.86351420527258760     
  0.49374999999999991       0.94733811108267196       0.95165728180189391        1.3172670847197336       0.88423022779626304       0.92006334783721511       0.57524955208599937       0.83983875095981564     
  0.50625000000000009       0.94125927821858191       0.94965766572818011        1.2944714614793957       0.91206488354235971       0.89710775531098019       0.58460775531098019       0.81440363450217546     
  0.51875000000000004       0.97909201433324788       0.96605451753263361        1.2891124904018427       0.91638405426158165       0.88670975172766819       0.59796519068338871       0.80592526234962880     
  0.53125000000000000        1.0015676990017914       0.95797606859482964        1.2674366521627847       0.92006334783721511       0.86055477348349108       0.59748528282569735       0.78504927054005624     
  0.54374999999999996        1.0179645508062451       0.95957576145380075        1.2548790632198616       0.90950537496800599       0.84383798310724334       0.61556181213207062       0.75305541336063464     
  0.55624999999999991        1.0574769644228308       0.95525659073457880        1.2490401842846173       0.93438059892500624       0.83296007166623998       0.63747760429997435       0.74697658049654458     
  0.56875000000000009        1.0663552597901202       0.96853404146403876        1.2258446378295367       0.94437867929357555       0.80344573841822364       0.61828128999232135       0.73721845405682096     
  0.58125000000000004        1.0887509598157152       0.96229523931405159        1.2116073713846940       0.92942155106219593       0.80792487842334260       0.66131302789864344       0.70538456616329659     
  0.59375000000000000        1.1277034809316611       0.96429485538776538        1.1861722549270539       0.94725812643972351       0.79104811876119774       0.66819170719221899       0.70090542615817752     
  0.60624999999999996        1.1280234195034553       0.96349500895827989        1.1333024059380599       0.97493281289992306       0.77281162016892746       0.68802789864346037       0.68930765293063723     
  0.61874999999999991        1.1640964934732529       0.98733043255694897        1.1065875351932428       0.94517852572306105       0.74049782441771173       0.70562452009214227       0.65107499360122845     
  0.63125000000000009        1.2072082160225235       0.99068978756078818        1.0715542615817761       0.96077553109802905       0.75057588942922948       0.72482083439979517       0.64251663680573323     
  0.64375000000000004        1.2224052981827487       0.99084975684668530        1.0402002815459430       0.99036984898899405       0.72642052725876627       0.74609674942411053       0.63267852572306105     
  0.65625000000000000        1.2173662656769899       0.97741233683132822       0.97381302789864332       0.99468901970821588       0.72234131046839001       0.76673278730483740       0.61452201177373933     
  0.66874999999999996        1.2674366521627847       0.98597069362682355       0.95005758894292280       0.98813027898643446       0.70610442794983352       0.78928845661632963       0.61124264141284868     
  0.68124999999999991        1.2939115689787559       0.99236946506270785       0.89966726388533391        1.0090862554389557       0.68498848221141528       0.80896467878167377       0.58140836959303810     
  0.69375000000000009        1.3336639365241871       0.99628871256718698       0.84719733811108255        1.0094061940107497       0.68354875863834141       0.84047862810340401       0.57245008958280008     
  0.70625000000000004        1.3676574097773226        1.0015676990017914       0.80776490913744547        1.0142052725876631       0.68378871256718698       0.86639365241873545       0.56629127207576135     
  0.71875000000000000        1.4043703608907088       0.99884822114154070       0.76393332480163800        1.0412400819042742       0.66299270540056299       0.88471013565395429       0.56245200921423077     
  0.73124999999999996        1.4483619145124134        1.0190843358075248       0.72426094189915524        1.0690747376503711       0.65067507038648575       0.93350076785257219       0.53797670847197332     
  0.74374999999999991        1.4712375223956999        1.0268428461735346       0.69666624008190414        1.0738738162272843       0.64371640644996153       0.97021371896595843       0.52621896595853590     
  0.75625000000000009        1.4826753263373431        1.0334815715382646       0.66811172254927043        1.0864314051702071       0.62595981571538262        1.0090062707960070       0.51870040952137186     
  0.76875000000000004        1.5099500895828000        1.0578768876375735       0.63931725108779103        1.0977892244689018       0.63027898643460445        1.0519580240593804       0.50550294343486046     
  0.78125000000000000        1.4939531609930892        1.0485986690555411       0.61180253391348849        1.1200249552085999       0.61228244177117985        1.1003487330432555       0.49566483235218833     
  0.79374999999999996        1.5227476324545686        1.0615561812132071       0.56733107243409264        1.1272235730739697       0.60500383926286150        1.1504991041719987       0.48214742769388269     
  0.80624999999999991        1.4944330688507805        1.0797926798054773       0.55053429741489623        1.1573777834655745       0.58116841566419242        1.2257646531865880       0.47014973125159965     
  0.81875000000000009        1.4572402098797028        1.0804325569490656       0.53493729203992824        1.1570578448937803       0.57396979779882251        1.2903122600460710       0.46575057588942920     
  0.83125000000000004        1.4400435116457639        1.0997888405426157       0.49926414128487323        1.1829728692091117       0.56341182492961350        1.3666975940619399       0.45847197338111079     
  0.84375000000000000        1.3921327105195800        1.1002687484003071       0.47430893268492447        1.2016892756590734       0.56885078065011507        1.4414032505758894       0.44903378551318140     
  0.85624999999999996        1.3588590990529816        1.1169855387765548       0.45807205016636798        1.2271243921167134       0.55565331456360367        1.5634598157153825       0.43223701049398511     
  0.86874999999999991        1.3399827233171229        1.1447402098797030       0.43055733299206550        1.2593582032249806       0.52997824417711792        1.6808772715638596       0.42351868441259272     
  0.88125000000000009        1.2976708471973379        1.1726548502687482       0.42655810084463780        1.2917519836191449       0.51750063987714356        1.7904562324033784       0.43423662656769896     
  0.89375000000000004        1.2461607371384693        1.1688955720501661       0.40200281545943173        1.3225460711543382       0.52933836703352954        1.9159521371896593       0.41831968262093672     
  0.90625000000000000        1.1940107499360122        1.1970501663680573       0.37936716150499100        1.3562196058356795       0.50358331200409512        2.1554261581776295       0.40504223189147681     
  0.91874999999999996        1.1660161249040184        1.2166464038904530       0.36704952649091371        1.4038104683900690       0.50854235986690555        2.3369912976708469       0.40544215510621956     
  0.93124999999999991        1.1223445098541078        1.2631174814435626       0.35937100076785256        1.4396435884310210       0.49342526234962880        2.5964614793959555       0.38472613258254412     
  0.94375000000000009        1.0716342462247248        1.2695962375223955       0.35089262861530585        1.5002719477860249       0.49182556949065775        2.9476740465830558       0.38648579472741229     
  0.95625000000000004        1.0323617865369847        1.3124680061428204       0.32873688251855637        1.5498624264141283       0.47038968518044533        3.4247824417711796       0.39680381366777573     
  0.96875000000000000       0.98381110826721263        1.3569394676222164       0.31641924750447908        1.6224884822114152       0.45775211159457380        4.0768972357307396       0.39280458152034803     
  0.98124999999999996       0.96325505502943420        1.4256462759150241       0.29914256462759148        1.7219093933964678       0.44911377015612997        5.1560500383926282       0.40096301510110055     
  0.99374999999999991       0.91574417711799327        1.5137893524443304       0.29026426926030197        1.8578033017660607       0.44423470693626821        7.1455880470949573       0.44175518300486299     
