  0.13617021276612387       0.10548203420853079        7.0923234389105036E-003 -0.11257435764744127     
  0.27234042553224774       0.21008768479766704        1.4163812822439502E-002 -0.22425149762010660     
  0.40851063829837164       0.31304720469178815        2.1185982794179256E-002 -0.33423318748596753     
  0.54468085106449549       0.41376841546245580        2.8134050267632174E-002 -0.44190246573008801     
  0.68085106383061933       0.51182817068035658        3.4984863759322068E-002 -0.54681303443967866     
  0.81702127659674328       0.60695137627688212        4.1715177922181962E-002 -0.64866655419906449     
  0.95319148936286713       0.69897794112163036        4.8321405992751504E-002 -0.74729934711438151     
   1.0893617021289910       0.78783044701216010        5.4798932112082484E-002 -0.84262937912424241     
   1.2255319148951149       0.87350716879802837        6.1129662452174556E-002 -0.93463683125020336     
   1.3617021276612387       0.95604969303970799        6.7299033240890260E-002  -1.0233487262805980     
   1.4978723404273626        1.0355299142119094        7.3303468265367280E-002  -1.1088333824772769     
   1.6340425531934866        1.1120442885016859        7.9146363791165505E-002  -1.1911906522928515     
   1.7702127659596103        1.1857103122124764        8.4827799573400947E-002  -1.2705381117858774     
   1.9063829787257343        1.2566529478036839        9.0341823978300623E-002  -1.3469947717819843     
   2.0425531914918582        1.3249957728065755        9.5682300228021100E-002  -1.4206780730345971     
   2.1787234042579819        1.3908666433411594       0.10084298560859722       -1.4917096289497569     
   2.3148936170241057        1.4543916894370299       0.10583202813009093       -1.5602237175671203     
   2.4510638297902299        1.5156922592994075       0.11065549888954782       -1.6263477581889560     
   2.5872340425563536        1.5748846670242385       0.11532081237365857       -1.6902054793978962     
   2.7234042553224773        1.6320866434943631       0.11983619632553005       -1.7519228398198932     
   2.8595744680886015        1.6874094186413457       0.12419816388583345       -1.8116075825271791     
   2.9957446808547252        1.7409596447624796       0.12841707183649009       -1.8693767165989699     
   3.1319148936208490        1.7928383490185009       0.13248998958333133       -1.9253283386018323     
   3.2680851063869731        1.8431404046522222       0.13641591911213533       -1.9795563237643585     
   3.4042553191530969        1.8919575448492554       0.14019432565628459       -2.0321518705055399     
   3.5404255319192206        1.9393758154430272       0.14383051098172145       -2.0832063264247496     
   3.6765957446853443        1.9854738015262805       0.14733497207614393       -2.1328087736024250     
   3.8127659574514685        2.0303194187617395       0.15071280316150049       -2.1810322219232399     
   3.9489361702175922        2.0739749327421144       0.15396676475930035       -2.2279416975014148     
   4.0851063829837164        2.1165060955520349       0.15710653055956722       -2.2736126261116030     
   4.2212765957498402        2.1579732618619216       0.16013142993761662       -2.3181046917995380     
   4.3574468085159639        2.1984300487407507       0.16304706599350677       -2.3614771147342584     
   4.4936170212820876        2.2379318588727743       0.16586736281026190       -2.4037992216830353     
   4.6297872340482114        2.2765342345697785       0.16859053300206445       -2.4451247675718419     
   4.7659574468143351        2.3142969720108781       0.17120876898223350       -2.4855057409931121     
   4.9021276595804597        2.3512669026381823       0.17372335944834744       -2.5249902620865297     
   5.0382978723465834        2.3874832196670508       0.17614135251566077       -2.5636245721827122     
   5.1744680851127072        2.4229829714025577       0.17846758164595530       -2.6014505530485130     
   5.3106382978788309        2.4578007945867415       0.18070360344273603       -2.6385043980294776     
   5.4468085106449546        2.4919780159102847       0.18285098263010288       -2.6748289985403866     
   5.5829787234110784        2.5255495830658496       0.18491364465102636       -2.7104632277168776     
   5.7191489361772030        2.5585559911257372       0.18689353136736209       -2.7454495224930993     
   5.8553191489433267        2.5910292258771257       0.18879440597709432       -2.7798236318542209     
   5.9914893617094505        2.6229901100926658       0.19062056816091694       -2.8136106782535832     
   6.1276595744755742        2.6544565173857197       0.19238585581966761       -2.8468423732053876     
   6.2638297872416979        2.6854578354331249       0.19409365316500446       -2.8795514885981306     
   6.4000000000078217        2.7160271957936968       0.19573688299125516       -2.9117640787849508     
   6.5361702127739463        2.7461953457214547       0.19731548162075477       -2.9435108273422101     
   6.6723404255400700        2.7759909803362528       0.19882497611104458       -2.9748159564472969     
   6.8085106383061937        2.8054289712618585       0.20026374522824636       -3.0056927164901071     
   6.9446808510723175        2.8345238763977054       0.20163045394224624       -3.0361543303399534     
   7.0808510638384412        2.8632967120658219       0.20291156240773744       -3.0662082744735599     
   7.2170212766045649        2.8917701862862741       0.20409181935714071       -3.0958620056434150     
   7.3531914893706887        2.9199564225109591       0.20516827488592929       -3.1251246973968878     
   7.4893617021368133        2.9478626373055725       0.20616170737708223       -3.1540243446826555     
   7.6255319149029370        2.9754971027446016       0.20708716881107317       -3.1825842715556756     
   7.7617021276690608        3.0028674597235607       0.20794982411746479       -3.2108172838410249     
   7.8978723404351845        3.0299790214111280       0.20876176666100119       -3.2387407880721306     
   8.0340425532013082        3.0568424309204092       0.20953113429828329       -3.2663735652186934     
   8.1702127659674328        3.0834748857743457       0.21026116102059614       -3.2937360467949399     
   8.3063829787335557        3.1098863488782906       0.21095855658978252       -3.3208449054680722     
   8.4425531914996803        3.1360871115395721       0.21163061872710698       -3.3477177302666785     
   8.5787234042658032        3.1620932520086420       0.21226320214054720       -3.3743564541491877     
   8.7148936170319278        3.1879151144418274       0.21286024447750890       -3.4007753589193368     
   8.8510638297980524        3.2135615582433643       0.21342694164158532       -3.4269884998849500     
   8.9872340425641752        3.2390384051237491       0.21397385077450315       -3.4530122558982521     
   9.1234042553302999        3.2643522033406960       0.21450481050250783       -3.4788570138432031     
   9.2595744680964227        3.2895079590152387       0.21502186034496171       -3.5045298193601999     
   9.3957446808625473        3.3145053401467943       0.21554275095704650       -3.5300480911038408     
   9.5319148936286702        3.3393476895056935       0.21607141812238073       -3.5554191076280750     
   9.6680851063947948        3.3640421456165805       0.21660648453369877       -3.5806486301502809     
   9.8042553191609194        3.3885904000031850       0.21714794608920485       -3.6057383460923913     
   9.9404255319270423        3.4129880379439492       0.21770493348476361       -3.6306929714287137     
   10.076595744693167        3.4372391781438232       0.21828312666382993       -3.6555223048076524     
   10.212765957459290        3.4613551170445254       0.21886828718832443       -3.6802234042328505     
   10.348936170225414        3.4853386692461013       0.21946459672197083       -3.7048032659680734     
   10.485106382991539        3.5091897596231321       0.22007483572907413       -3.7292645953522063     
   10.621276595757662        3.5329165306709336       0.22069014883696719       -3.7536066795078988     
   10.757446808523786        3.5565278858246936       0.22129269632813842       -3.7778205821528315     
   10.893617021289909        3.5800319091919488       0.22187794554325155       -3.8019098547351997     
   11.029787234056034        3.6034320879963513       0.22243132653666228       -3.8258634145330128     
   11.165957446822157        3.6267303165411930       0.22295792599044698       -3.8496882425316401     
   11.302127659588281        3.6499239214696617       0.22346897165319629       -3.8733928931228574     
   11.438297872354406        3.6730117944055007       0.22396998361945297       -3.8969817780249540     
   11.574468085120529        3.6959899210047285       0.22446282560171457       -3.9204527466064421     
   11.710638297886653        3.7188599537698699       0.22495263969908813       -3.9438125934689565     
   11.846808510652776        3.7416311547920675       0.22544930990923448       -3.9670804647013007     
   11.982978723418901        3.7643135862840946       0.22594980469042591       -3.9902633909745200     
   12.119148936185024        3.7869085474732387       0.22646282958964772       -4.0133713770628852     
   12.255319148951148        3.8094114907002052       0.22699103757505418       -4.0364025282752563     
   12.391489361717273        3.8318262155179243       0.22752568302125287       -4.0593518985391768     
   12.527659574483396        3.8541539670082248       0.22805881256861998       -4.0822127795768450     
   12.663829787249520        3.8763950667401783       0.22858993968397665       -4.1049850064241555     
   12.800000000015643        3.8985534197966119       0.22912031939554653       -4.1276737391921587     
   12.936170212781768        3.9206304543662789       0.22964925108841486       -4.1502797054546940     
   13.072340425547893        3.9426255850074301       0.23017493797684169       -4.1728005229842733     
   13.208510638314015        3.9645455423617508       0.23068772701560711       -4.1952332693773569     
   13.344680851080140        3.9863931723054251       0.23118474933483391       -4.2175779216402560     
   13.480851063846263        4.0081715032876293       0.23167520265683220       -4.2398467059444602     
   13.617021276612387        4.0298897181072713       0.23217140309873205       -4.2620611212060036     
   13.753191489378510        4.0515503002854274       0.23267392968647102       -4.2842242299718984     
   13.889361702144635        4.0731601957507308       0.23318069459703791       -4.3063408903477667     
   14.025531914910760        4.0947185600352212       0.23369840244876508       -4.3284169624839848     
   14.161702127676882        4.1162283329098566       0.23422229707514289       -4.3504506299849979     
   14.297872340443007        4.1376874177023133       0.23475352563702048       -4.3724409433393348     
   14.434042553209130        4.1590896383497977       0.23529187581485178       -4.3943815141646514     
   14.570212765975254        4.1804279082213593       0.23584631001854314       -4.4162742182399040     
   14.706382978741377        4.2016983230663234       0.23641453017983866       -4.4381128532461602     
   14.842553191507502        4.2229057628658033       0.23699070297454031       -4.4598964658403446     
   14.978723404273627        4.2440562077785771       0.23757377459222598       -4.4816299823708006     
   15.114893617039749        4.2651559376675285       0.23815568198225215       -4.5033116196497804     
   15.251063829805874        4.2862059550739975       0.23874220372276742       -4.5249481587967644     
   15.387234042571997        4.3072182885290031       0.23932244300421890       -4.5465407315332245     
   15.523404255338122        4.3281937653969376       0.23989899302376061       -4.5680927584206978     
   15.659574468104244        4.3491358786283865       0.24046697746876144       -4.5896028560971489     
   15.795744680870369        4.3700427514519982       0.24102282669662212       -4.6110655781486214     
   15.931914893636494        4.3909140747718700       0.24157868487000150       -4.6324927596418721     
   16.068085106402616        4.4117562061114528       0.24212804116568276       -4.6538842472771371     
   16.204255319168741        4.4325647978970695       0.24266959055941945       -4.6752343884564853     
   16.340425531934866        4.4533365619848775       0.24320794861389089       -4.6965445105987671     
   16.476595744700987        4.4740706067626865       0.24374575576402743       -4.7178163625267127     
   16.612765957467111        4.4947659067588042       0.24428458923030497       -4.7390504959891100     
   16.748936170233236        4.5154243733681643       0.24482312006072307       -4.7602474934288868     
   16.885106382999361        4.5360507201942681       0.24536647603265399       -4.7814171962269203     
   17.021276595765485        4.5566479180312305       0.24591955444405705       -4.8025674724752863     
   17.157446808531606        4.5772165458175724       0.24648590572968665       -4.8237024515472573     
   17.293617021297731        4.5977581573661146       0.24706593684932779       -4.8448240942154470     
   17.429787234063856        4.6182746685058209       0.24764752292390410       -4.8659221914297257     
   17.565957446829980        4.6387681901666244       0.24823019084480535       -4.8869983810114324     
   17.702127659596105        4.6592374330004045       0.24881056433252924       -4.9080479973329343     
   17.838297872362226        4.6796753888411153       0.24938389416684392       -4.9290592830079580     
   17.974468085128350        4.7000800225039834       0.24995089661643907       -4.9500309191204206     
   18.110638297894475        4.7204573561364338       0.25051103872803276       -4.9709683948644674     
   18.246808510660600        4.7408167220403836       0.25105475198251509       -4.9918714740228980     
   18.382978723426724        4.7611644141657106       0.25157538799882584       -5.0127398021645355     
   18.519148936192845        4.7815014458900347       0.25207063018173637       -5.0335720760717715     
   18.655319148958970        4.8018246777626228       0.25254873865995742       -5.0543734164225809     
   18.791489361725095        4.8221342705655452       0.25300698569926416       -5.0751412562648115     
   18.927659574491219        4.8424344954266827       0.25345227222083411       -5.0958867676475181     
   19.063829787257340        4.8627282838367352       0.25389170156630486       -5.1166199854030410     
   19.200000000023465        4.8830178639033210       0.25432226844552785       -5.1373401323488492     
   19.336170212789590        4.9032962366545068       0.25475882786999132       -5.1580550645244969     
   19.472340425555714        4.9235575194986980       0.25520717225313172       -5.1787646917518284     
   19.608510638321839        4.9437951478731952       0.25567700609471655       -5.1994721539679096     
   19.744680851087960        4.9640162006586310       0.25615792127753384       -5.2201741219361661     
   19.880851063854085        4.9842274326057554       0.25664465610399551       -5.2408720887097537     
   20.017021276620209        5.0044343954072668       0.25712640608775506       -5.2615608014950199     
   20.153191489386334        5.0246384894643983       0.25759550253743468       -5.2822339920018333     
   20.289361702152458        5.0448385064889392       0.25806043124974265       -5.3028989377386813     
   20.425531914918579        5.0650342250275244       0.25852461467587906       -5.3235588397034022     
   20.561702127684704        5.0852262489296827       0.25898460169980636       -5.3442108506294890     
   20.697872340450829        5.1054149548617778       0.25944192933214810       -5.3648568841939275     
   20.834042553216953        5.1256007756104918       0.25990063898853949       -5.3855014145990339     
   20.970212765983078        5.1457878388013798       0.26036314541535821       -5.4061509842167386     
   21.106382978749199        5.1659698993346144       0.26083569945894791       -5.4268055987935648     
   21.242553191515324        5.1861493069604272       0.26130801604934512       -5.4474573230097718     
   21.378723404281448        5.2063308945976461       0.26177403672224608       -5.4681049313198891     
   21.514893617047573        5.2265048238149383       0.26225427478368069       -5.4887590985986190     
   21.651063829813694        5.2466599187010745       0.26275263957557760       -5.5094125582766518     
   21.787234042579819        5.2667917153719701       0.26327079860162084       -5.5300625139735908     
   21.923404255345943        5.2869014511689461       0.26380723663722921       -5.5507086878061758     
   22.059574468112068        5.3069953337278362       0.26435720213523500       -5.5713525358630731     
   22.195744680878192        5.3270807152521167       0.26490364360917967       -5.5919843588612972     
   22.331914893644313        5.3471568778688896       0.26543756864499818       -5.6125944465138868     
   22.468085106410438        5.3672229807922758       0.26595062333615771       -5.6331736041284399     
   22.604255319176563        5.3872830869874502       0.26643308153738365       -5.6537161685248369     
   22.740425531942687        5.4073361210929427       0.26689192973961057       -5.6742280508325509     
   22.876595744708812        5.4273808301847204       0.26733748049270462       -5.6947183106774242     
   23.012765957474933        5.4474194042910034       0.26777438433410095       -5.7151937886251041     
   23.148936170241058        5.4674508524140411       0.26819764865796764       -5.7356485010720091     
   23.285106383007182        5.4874790019349069       0.26859935838608384       -5.7560783603209913     
   23.421276595773307        5.5075034609618294       0.26898051309981075       -5.7764839740616400     
   23.557446808539432        5.5275188544021168       0.26935068637430359       -5.7968695407764184     
   23.693617021305553        5.5475199176829726       0.26971103879258096       -5.8172309564755569     
   23.829787234071677        5.5675036323019373       0.27005600104081473       -5.8375596333427504     
   23.965957446837802        5.5874673391722158       0.27038918574862819       -5.8578565249208463     
   24.102127659603926        5.6074120087015595       0.27071121780103397       -5.8781232265025922     
   24.238297872370048        5.6273321814840980       0.27102685228911588       -5.8983590337732101     
   24.374468085136172        5.6472195181879332       0.27134273819053167       -5.9185622563784639     
   24.510638297902297        5.6670733653121905       0.27164501380813894       -5.9387183791203269     
   24.646808510668421        5.6868930905008446       0.27192936472942442       -5.9588224552302691     
   24.782978723434546        5.7066820746349647       0.27220187261484458       -5.9788839472498108     
   24.919148936200667        5.7264513241741914       0.27246481350371721       -5.9989161376779085     
   25.055319148966792        5.7462106006262230       0.27271229117075313       -6.0189228917969766     
   25.191489361732916        5.7659657155310855       0.27294242743526914       -6.0389081429663563     
   25.327659574499041        5.7857217094142426       0.27315376515441581       -6.0588754745686559     
   25.463829787265166        5.8054849605201024       0.27334969793481595       -6.0788346584549195     
   25.600000000031287        5.8252577505177490       0.27353244900373924       -6.0987901995214893     
   25.736170212797411        5.8450379580533705       0.27370521211475951       -6.1187431701681296     
   25.872340425563536        5.8648183778126288       0.27388056347097722       -6.1386989412836090     
   26.008510638329660        5.8845983061436034       0.27405874456658447       -6.1586570507101879     
   26.144680851095785        5.9043783237687446       0.27424160303532136       -6.1786199268040676     
   26.280851063861906        5.9241553188060649       0.27442803346955502       -6.1985833522756186     
   26.417021276628031        5.9439272140630131       0.27461680047000131       -6.2185440145330153     
   26.553191489394155        5.9636898993828984       0.27480331827331805       -6.2384932176562167     
   26.689361702160280        5.9834405700155413       0.27498783531618354       -6.2584284053317250     
   26.825531914926401        6.0031773870328689       0.27518287870172620       -6.2783602657345927     
   26.961702127692526        6.0228970896495939       0.27539848996540611       -6.2982955796149991     
   27.097872340458650        6.0425962620249756       0.27563603269133363       -6.3182322947163074     
   27.234042553224775        6.0622792863959800       0.27588859340089905       -6.3381678797968775     
   27.370212765990900        6.0819482987716533       0.27615859484516114       -6.3581068936168155     
   27.506382978757021        6.1015994832328451       0.27645083831741973       -6.3780503215502655     
   27.642553191523145        6.1212360364979626       0.27675469096656663       -6.3979907274645296     
   27.778723404289270        6.1408608027574916       0.27706957433141222       -6.4179303770889042     
   27.914893617055395        6.1604776382575626       0.27740067426657811       -6.4378783125241430     
   28.051063829821519        6.1800858898586029       0.27775366327385403       -6.4578395531324553     
   28.187234042587640        6.1996868925845972       0.27812759897172190       -6.4778144915563205     
   28.323404255353765        6.2192872357247087       0.27850736544250498       -6.4977946011672145     
   28.459574468119889        6.2388819866737002       0.27888795064900374       -6.5177699373227025     
   28.595744680886014        6.2584593154422805       0.27927230339570336       -6.5377316188379835     
   28.731914893652135        6.2780135113450237       0.27965864518872946       -6.5576721565337524     
   28.868085106418260        6.2975384582080647       0.28005050970481910       -6.5775889679128881     
   29.004255319184384        6.3170292172636957       0.28045427019133090       -6.5974834874550261     
   29.140425531950509        6.3364872570717043       0.28086683839679127       -6.6173540954684977     
   29.276595744716634        6.3559100980759355       0.28128694990838715       -6.6371970479843263     
   29.412765957482755        6.3752987423979288       0.28171111720074582       -6.6570098595986735     
   29.548936170248879        6.3946517430074277       0.28213391747568900       -6.6767856604831142     
   29.685106383015004        6.4139672058670643       0.28255466421531733       -6.6965218700823819     
   29.821276595781129        6.4332509153176174       0.28297477660939485       -6.7162256919270140     
   29.957446808547253        6.4525085787199119       0.28338948398007041       -6.7358980626999818     
   30.093617021313374        6.4717428895882989       0.28379085323201308       -6.7555337428203144     
   30.229787234079499        6.4909538549494288       0.28417095309070267       -6.7751248080401334     
   30.365957446845623        6.5101367038206970       0.28453628722867319       -6.7946729910493691     
   30.502127659611748        6.5292927233024969       0.28489077137925867       -6.8141834946817559     
   30.638297872377873        6.5484235031186593       0.28523540273100795       -6.8336589058496662     
   30.774468085143994        6.5675350900687404       0.28556166484263906       -6.8530967549113804     
   30.910638297910118        6.5866305070481888       0.28586692583167683       -6.8724974328798645     
   31.046808510676243        6.6057098754211943       0.28615531008318934       -6.8918651855043853     
   31.182978723442368        6.6247737971663021       0.28643297485496172       -6.9112067720212629     
   31.319148936208489        6.6438206253976695       0.28670827487028760       -6.9305289002679560     
   31.455319148974613        6.6628506624811203       0.28698761870298639       -6.9498382811841060     
   31.591489361740738        6.6818610193200323       0.28728439279299683       -6.9691454121130292     
   31.727659574506863        6.7008515914162272       0.28760324995889758       -6.9884548413751277     
   31.863829787272987        6.7198235087824676       0.28793798335661569       -7.0077614921390809     
   32.000000000039108        6.7387751568865042       0.28827872248662045       -7.0270538793731241     
   32.136170212805233        6.7577014645586111       0.28862186135382956       -7.0463233259124438     
   32.272340425571358        6.7765973239267225       0.28897288817605632       -7.0655702121027852     
   32.408510638337482        6.7954638830959739       0.28933230631562845       -7.0847961894116054     
   32.544680851103607        6.8143042548111872       0.28969057976996593       -7.1039948345811545     
   32.680851063869731        6.8331182497998642       0.29004689545484441       -7.1231651452547116     
   32.817021276635856        6.8519023074739422       0.29040505019029395       -7.1423073576642366     
   32.953191489401974        6.8706557413595846       0.29076382053182642       -7.1614195618914085     
   33.089361702168098        6.8893869815031454       0.29111215223927434       -7.1804991337424209     
   33.225531914934223        6.9081037013474527       0.29144232448311247       -7.1995460258305686     
   33.361702127700347        6.9268091849150935       0.29175147681172320       -7.2185606617268174     
   33.497872340466472        6.9455041851348813       0.29204168381450374       -7.2375458689493826     
   33.634042553232597        6.9641886538137552       0.29231711031715041       -7.2565057641309050     
   33.770212765998721        6.9828656766577355       0.29257837373951828       -7.2754440503972528     
   33.906382978764846        7.0015306376230511       0.29283471671368261       -7.2943653543367333     
   34.042553191530970        7.0201822609158580       0.29309250828225114       -7.3132747691981104     
   34.178723404297095        7.0388236422674666       0.29334963951223036       -7.3321732817796983     
   34.314893617063213        7.0574544054910797       0.29360377543441940       -7.3510581809254996     
   34.451063829829337        7.0760750742753586       0.29385249148370529       -7.3699275657590615     
   34.587234042595462        7.0946825006008636       0.29409753686270534       -7.3887800374635697     
   34.723404255361586        7.1132768362945917       0.29433479711610044       -7.4076116334106903     
   34.859574468127711        7.1318555413258862       0.29456644162425366       -7.4264219829501403     
   34.995744680893836        7.1504174822491890       0.29479713714358646       -7.4452146193927771     
   35.131914893659960        7.1689573703594638       0.29503967176567925       -7.4639970421251434     
   35.268085106426085        7.1874753216539036       0.29529497659496434       -7.4827702982488695     
   35.404255319192210        7.2059762813100274       0.29556083313762421       -7.5015371144476521     
   35.540425531958327        7.2244629320194242       0.29584095191267057       -7.5203038839320966     
   35.676595744724452        7.2429414156447418       0.29614012517378951       -7.5390815408185343     
   35.812765957490576        7.2614178996320993       0.29645907688484524       -7.5578769765169458     
   35.948936170256701        7.2798985741157880       0.29679472755238079       -7.5766933016681737     
   36.085106383022826        7.2983854783832518       0.29714701926114551       -7.5955324976443981     
   36.221276595788950        7.3168812941017638       0.29751269455553336       -7.6143939886572989     
   36.357446808555075        7.3353886821381433       0.29788190377064472       -7.6332705859087868     
   36.493617021321199        7.3539074608545745       0.29824993204037381       -7.6521573928949485     
   36.629787234087324        7.3724386153508350       0.29861172011728354       -7.6710503354681165     
   36.765957446853449        7.3909837704003056       0.29896763676315324       -7.6899514071634592     
   36.902127659619566        7.4095422647152205       0.29931983199221207       -7.7088620967074322     
   37.038297872385691        7.4281120528911133       0.29966516334648297       -7.7277772162375982     
   37.174468085151815        7.4466927946036199       0.30000324245532878       -7.7466960370589453     
   37.310638297917940        7.4652809817182657       0.30034166425906850       -7.7656226459773370     
   37.446808510684065        7.4838706532869752       0.30068847731214338       -7.7845591305991189     
   37.582978723450189        7.5024555205036974       0.30105712122187533       -7.8035126417255753     
   37.719148936216314        7.5210355033205776       0.30144588813011752       -7.8224813914506983     
   37.855319148982439        7.5396136727054701       0.30185199526177187       -7.8414656679672481     
   37.991489361748563        7.5581889434176226       0.30227125939358218       -7.8604602028112049     
   38.127659574514681        7.5767621903710305       0.30270220315491764       -7.8794643935259474     
   38.263829787280805        7.5953351297735772       0.30314352347453477       -7.8984786532481097     
   38.400000000046930        7.6139052752598877       0.30358958391872881       -7.9174948591786176     
   38.536170212813055        7.6324714343885462       0.30403792220050541       -7.9365093565890525     
   38.672340425579179        7.6510324961683951       0.30449300347219954       -7.9555254996405953     
   38.808510638345304        7.6695868943991803       0.30494993857216479       -7.9745368329713449     
   38.944680851111428        7.6881332120085082       0.30540031957240565       -7.9935335315809155     
   39.080851063877553        7.7066665267477648       0.30584586824812621       -8.0125123949958894     
   39.217021276643678        7.7251820660953685       0.30628714455247652       -8.0314692106478507     
   39.353191489409802        7.7436811950108178       0.30672055887181970       -8.0504017538826371     
   39.489361702175920        7.7621650253806864       0.30715040518477021       -8.0693154305654566     
   39.625531914942044        7.7806353205440262       0.30758119627954844       -8.0882165168235769     
   39.761702127708169        7.7990959023249085       0.30800904221281039       -8.1071049445377170     
   39.897872340474294        7.8175420633487924       0.30843497865400993       -8.1259770420028037     
   40.034042553240418        7.8359730284748519       0.30885719327213434       -8.1448302217469877     
   40.170212766006543        7.8543928737324222       0.30927647827615895       -8.1636693520085792     
   40.306382978772668        7.8728033491409004       0.30970118065536767       -8.1825045297962689     
   40.442553191538792        7.8912087578387169       0.31013581198981022       -8.2013445698285281     
   40.578723404304917        7.9096112958157736       0.31058548175166462       -8.2201967775674358     
   40.714893617071034        7.9280106900908374       0.31105259472724522       -8.2390632848180836     
   40.851063829837159        7.9464095033639266       0.31153850085779428       -8.2579480042217206     
   40.987234042603284        7.9648082342023603       0.31203638731038336       -8.2768446215127458     
   41.123404255369408        7.9832052252603711       0.31254289486556147       -8.2957481201259338     
   41.259574468135533        8.0015983036069684       0.31305153154093418       -8.3146498351479057     
   41.395744680901657        8.0199835941676429       0.31356365057657726       -8.3335472447442207     
   41.531914893667782        8.0383599914854340       0.31408097820459674       -8.3524409696900346     
   41.668085106433907        8.0567264401992205       0.31460588497698933       -8.3713323251762048     
   41.804255319200031        8.0750836394798764       0.31513668921499294       -8.3902203286948662     
   41.940425531966156        8.0934326899413893       0.31567612969156117       -8.4091088196329551     
   42.076595744732273        8.1117744920214943       0.31621497116623187       -8.4279894631877266     
   42.212765957498398        8.1301073296015591       0.31675320912994720       -8.4468605387315048     
   42.348936170264523        8.1484329010511640       0.31728575466273762       -8.4657186557139035     
   42.485106383030647        8.1667535571348768       0.31781111081376329       -8.4845646679486375     
   42.621276595796772        8.1850673524124424       0.31832581305666613       -8.5033931654691095     
   42.757446808562896        8.2033717999397382                      -Infinity                  Infinity
   42.893617021329021        8.2216669227631840       0.31932966524259399       -8.5409965880057790     
   43.029787234095146        8.2399525234235131       0.31981512622746860       -8.5597676496509845     
   43.165957446861270        8.2582293868977139                      -Infinity                  Infinity
   43.302127659627388        8.2764955781445053       0.32075204025111781       -8.5972476183956239     
   43.438297872393512        8.2947497148003642       0.32120198052784082       -8.6159516953282047     
   43.574468085159637        8.3129919077546042       0.32163225343406354       -8.6346241611886665     
   43.710638297925762        8.3312183112900904       0.32204742783349455       -8.6532657391235848     
   43.846808510691886        8.3494256677251730       0.32245183780460618       -8.6718775055297801     
   43.982978723458011        8.3676101520765496       0.32284749176324939       -8.6904576438397925     
   44.119148936224136        8.3857677099692882       0.32323516936873370       -8.7090028793380228     
   44.255319148990260        8.4038940758015190                      -Infinity                  Infinity
   44.391489361756385        8.4219894623809228       0.32397285093300443       -8.7459623133139281     
   44.527659574522509        8.4400569017084166                      -Infinity                  Infinity
   44.663829787288627        8.4581011691740660                      -Infinity                  Infinity
   44.800000000054752        8.4761272726915688                      -Infinity                  Infinity
   44.936170212820876        8.4941320118624510       0.32525130836899557       -8.8193833202314469     
   45.072340425587001        8.5121114780844440                      -Infinity                  Infinity
   45.208510638353125        8.5300634054762181                            NaN                       NaN
   45.344680851119250        8.5479910220137736       0.32608082559644241       -8.8740718476102156     
   45.480851063885375        8.5658991298717275       0.32632032349746759       -8.8922194533691972     
   45.617021276651499        8.5837917414631804                      -Infinity                  Infinity
   45.753191489417624        8.6016729882214573       0.32673946923097602       -8.9284124574524295     
   45.889361702183741        8.6195460718936925                      -Infinity                  Infinity
   46.025531914949866        8.6374122107377378       0.32709536830783681       -8.9645075790455770     
   46.161702127715991        8.6552692405895275       0.32726977055104045       -8.9825390111405667     
   46.297872340482115        8.6731136065647743       0.32745444192500284       -9.0005680484897770     
   46.434042553248240        8.6909464705072885       0.32764850705998672       -9.0185949775672718     
   46.570212766014365        8.7087690092257777       0.32786386507694931       -9.0366328743027289     
   46.706382978780489        8.7265772362221767       0.32811035660952370       -9.0546875928316997     
   46.842553191546614        8.7443699448317407                      -Infinity                  Infinity
   46.978723404312738        8.7621503443326461                      -Infinity                  Infinity
   47.114893617078863        8.7799226205743377       0.32909519154562333       -9.1090178121199621     
   47.251063829844981        8.7976891765874630       0.32952269536184881       -9.1272118719493065     
   47.387234042611105        8.8154500070027701       0.32998982226657453       -9.1454398292693462     
   47.523404255377230        8.8332023993264137       0.33050231307456801       -9.1637047124009818     
   47.659574468143354        8.8509439666644418       0.33105067110384628       -9.1819946377682893     
   47.795744680909479        8.8686750415397793                      -Infinity                  Infinity
   47.931914893675604        8.8864008000422263                      -Infinity                  Infinity
   48.068085106441728        8.9041250423664735       0.33286824136697957       -9.2369932837334581     
   48.204255319207853        8.9218459233986618                      -Infinity                  Infinity
   48.340425531973978        8.9395595047986252       0.33414815952826032       -9.2737076643268832     
   48.476595744740095        8.9572619707371555                      -Infinity                  Infinity
   48.612765957506220        8.9749527261325603                      -Infinity                  Infinity
   48.748936170272344        8.9926329083003509       0.33615658098127965       -9.3287894892816290     
   48.885106383038469        9.0103050163325875       0.33684177415806377       -9.3471467904906582     
   49.021276595804594        9.0279654964443292       0.33752018805734779       -9.3654856845016763     
   49.157446808570718        9.0456105151869206                      -Infinity                  Infinity
   49.293617021336843        9.0632445619306754                      -Infinity                  Infinity
   49.429787234102967        9.0808743494258177       0.33951637710117089       -9.4203907265269873     
   49.565957446869092        9.0985053234076947                      -Infinity                  Infinity
   49.702127659635217        9.1161413870377679       0.34078060299981600       -9.4569219900375856     
   49.838297872401334        9.1337860909421380                      -Infinity                  Infinity
   49.974468085167459        9.1514420540952948       0.34203271670430591       -9.4934747707996010     
   50.110638297933583        9.1691131891380770                      -Infinity                  Infinity
   50.246808510699708        9.1868019185206453       0.34331975174669233       -9.5301216702673344     
   50.382978723465833        9.2045077572399840                      -Infinity                  Infinity
   50.519148936231957        9.2222273501148972       0.34465026158152828       -9.5668776116964303     
   50.655319148998082        9.2399616715870216                      -Infinity                  Infinity
   50.791489361764206        9.2577149327185584                      -Infinity                  Infinity
   50.927659574530331        9.2754841542515294       0.34667959565828971       -9.6221637499098183     
   51.063829787296449        9.2932616758670772                      -Infinity                  Infinity
   51.200000000062573        9.3110440321911447       0.34800968102870561       -9.6590537132198513     
   51.336170212828698        9.3288329407836912                      -Infinity                  Infinity
   51.472340425594822        9.3466300811144567       0.34933750211400250       -9.6959675832284571     
   51.608510638360947        9.3644323640824148       0.35001207671667750       -9.7144444407990918     
   51.744680851127072        9.3822402096207664       0.35069271948981351       -9.7329329291105786     
   51.880851063893196        9.4000475641784522       0.35138072520941332       -9.7514282893878654     
   52.017021276659321        9.4178538431249148       0.35207366665079670       -9.7699275097757088     
   52.153191489425446        9.4356602767787869       0.35278203516733064       -9.7884423119461186     
   52.289361702191570        9.4534668308789644       0.35349338382794449       -9.8069602147069048     
   52.425531914957688        9.4712769667833356       0.35420838616330669       -9.8254853529466413     
   52.561702127723812        9.4890940621699649       0.35492701420307354       -9.8440210763730285     
   52.697872340489937        9.5069216066293123                      -Infinity                  Infinity
   52.834042553256062        9.5247596476215666       0.35634003844889600       -9.8810996860704616     
   52.970212766022186        9.5426054034333294       0.35704702865415833       -9.8996524320874926     
   53.106382978788311        9.5604562797925521       0.35775196784082341       -9.9182082476333786     
   53.242553191554435        9.5783095851686664       0.35845863738152767       -9.9367682225501959     
   53.378723404320560        9.5961649470857981       0.35917031498249946       -9.9553352620682940     
   53.514893617086685        9.6140229535698154                      -Infinity                  Infinity
   53.651063829852802        9.6318818169182823                      -Infinity                  Infinity
   53.787234042618927        9.6497389333294024       0.36129859360015260       -10.011037526929552     
   53.923404255385051        9.6675918871084772                      -Infinity                  Infinity
   54.059574468151176        9.6854384896717232                      -Infinity                  Infinity
   54.195744680917301        9.7032804019133962       0.36343160336974306       -10.066712005283140     
   54.331914893683425        9.7211188774668909                      -Infinity                  Infinity
   54.468085106449550        9.7389545190609024       0.36486000937107227       -10.103814528431972     
   54.604255319215675        9.7567919261939267       0.36559002457508027       -10.122381950769009     
   54.740425531981799        9.7746345917489190                      -Infinity                  Infinity
   54.876595744747917        9.7924846552980256       0.36702986116546199       -10.159514516463494     
   55.012765957514041        9.8103429489648146       0.36773674336235695       -10.178079692327174     
   55.148936170280166        9.8282040595351479                      -Infinity                  Infinity
   55.285106383046291        9.8460588015938928       0.36914411734509378       -10.215202918938985     
   55.421276595812415        9.8639014784636760       0.36986604262287948       -10.233767521086554     
   55.557446808578540        9.8817309170167089       0.37060202466339598       -10.252332941680105     
   55.693617021344664        9.8995464067800292       0.37135344448750046       -10.270899851267538     
   55.829787234110789        9.9173461078447271       0.37212591380661203       -10.289472021651338     
   55.965957446876914        9.9351314904565236                            NaN                       NaN
   56.102127659643038        9.9529069444044058       0.37372167270949169       -10.326628617113899     
   56.238297872409156        9.9706747576780046                      -Infinity                  Infinity
   56.374468085175280        9.9884375492569610                      -Infinity                  Infinity
   56.510638297941405        10.006200254711249       0.37616022429056295       -10.382360479001813     
   56.646808510707530        10.023968535729166                      -Infinity                  Infinity
   56.782978723473654        10.041746662559648       0.37773403216874452       -10.419480694728392     
   56.919148936239779        10.059538644690031                      -Infinity                  Infinity
   57.055319149005904        10.077342657472098                      -Infinity                  Infinity
   57.191489361772028        10.095155280826857                      -Infinity                  Infinity
   57.327659574538153        10.112978141999228                      -Infinity                  Infinity
   57.463829787304270        10.130815334798211       0.38151228908110196       -10.512327623879310     
   57.600000000070395        10.148670751289558       0.38225891637813403       -10.530929667667689     
   57.736170212836520        10.166548445927786                            NaN                       NaN
   57.872340425602644        10.184452666664400                            NaN                       NaN
   58.008510638368769        10.202384693229819       0.38450399763612964       -10.586888690865944     
   58.144680851134893        10.220339222031146                      -Infinity                  Infinity
   58.280851063901018        10.238314055308246       0.38598520551094717       -10.624299260819193     
   58.417021276667143        10.256309882705244                      -Infinity                  Infinity
   58.553191489433267        10.274324768073971       0.38743061400115653       -10.661755382075125     
   58.689361702199392        10.292355194566255                      -Infinity                  Infinity
   58.825531914965509        10.310399339606111                      -Infinity                  Infinity
   58.961702127731634        10.328456415045283                      -Infinity                  Infinity
   59.097872340497759        10.346525820167981       0.39032082880336455       -10.736846648971353     
   59.234042553263883        10.364606802511844                      -Infinity                  Infinity
   59.370212766030008        10.382695574691171                      -Infinity                  Infinity
   59.506382978796132        10.400790595012570                      -Infinity                  Infinity
   59.642553191562257        10.418887403339850                            NaN                       NaN
   59.778723404328382        10.436981984807554                            NaN                       NaN
   59.914893617094506        10.455073855303123                      -Infinity                  Infinity
   60.051063829860624        10.473163949378044                      -Infinity                  Infinity
   60.187234042626748        10.491259021569412                      -Infinity                  Infinity
   60.323404255392873        10.509365476781548                      -Infinity                  Infinity
   60.459574468158998        10.527483877577270                            NaN                       NaN
   60.595744680925122        10.545612662577220                      -Infinity                  Infinity
   60.731914893691247        10.563747784886910                            NaN                       NaN
   60.868085106457372        10.581882286697578                            NaN                       NaN
   61.004255319223496        10.600016748615884       0.39895620418765476       -10.998972952803536     
   61.140425531989621        10.618149167639492                      -Infinity                  Infinity
   61.276595744755745        10.636276301132195                      -Infinity                  Infinity
   61.412765957521863        10.654398518109764                      -Infinity                  Infinity
   61.548936170287988        10.672517117070784                      -Infinity                  Infinity
   61.685106383054112        10.690636903405926                            NaN                       NaN
   61.821276595820237        10.708761926203678                            NaN                       NaN
   61.957446808586361        10.726896836529640                      -Infinity                  Infinity
   62.093617021352486        10.745045231011623                            NaN                       NaN
   62.229787234118611        10.763210356569893                      -Infinity                  Infinity
   62.365957446884735        10.781391944777670                            NaN                       NaN
   62.502127659650860        10.799584640523779                            NaN                       NaN
   62.638297872416977        10.817784667998628                      -Infinity                  Infinity
   62.774468085183102        10.835993055592413                      -Infinity                  Infinity
   62.910638297949227        10.854209633836380                      -Infinity                  Infinity
   63.046808510715351        10.872432476105306                      -Infinity                  Infinity
   63.182978723481476        10.890656289804518                            NaN                       NaN
   63.319148936247601        10.908881957463368                            NaN                       NaN
   63.455319149013725        10.927113461506837                      -Infinity                  Infinity
   63.591489361779850        10.945353430559594                      -Infinity                  Infinity
   63.727659574545974        10.963604248934546                            NaN                       NaN
   63.863829787312099        10.981870385717194                      -Infinity                  Infinity
   64.000000000078217        11.000156141402652                      -Infinity                  Infinity
   64.136170212844348        11.018464233777078                            NaN                       NaN
   64.272340425610466        11.036796658445686                            NaN                       NaN
   64.408510638376598        11.055153266097930                            NaN                       NaN
   64.544680851142715        11.073531579729956                            NaN                       NaN
   64.680851063908833        11.091929111276949                            NaN                       NaN
   64.817021276674964        11.110342722293936                            NaN                       NaN
   64.953191489441082        11.128771609462344                            NaN                       NaN
   65.089361702207214        11.147219183777754                      -Infinity                  Infinity
   65.225531914973331        11.165684805675774                            NaN                       NaN
   65.361702127739463        11.184163898631414                            NaN                       NaN
   65.497872340505580        11.202654033425594                      -Infinity                  Infinity
   65.634042553271712        11.221150339151585                            NaN                       NaN
   65.770212766037830        11.239651563688842                      -Infinity                  Infinity
   65.906382978803947        11.258155932406435                            NaN                       NaN
   66.042553191570079        11.276663927853892                      -Infinity                  Infinity
   66.178723404336196        11.295177578842214                            NaN                       NaN
   66.314893617102328        11.313696375632350                            NaN                       NaN
   66.451063829868446        11.332217948030788                            NaN                       NaN
   66.587234042634577        11.350742557331893                            NaN                       NaN
   66.723404255400695        11.369272266479774                            NaN                       NaN
   66.859574468166826        11.387805583166276                            NaN                       NaN
   66.995744680932944        11.406339612584654                            NaN                       NaN
   67.131914893699076        11.424873393580755                            NaN                       NaN
   67.268085106465193        11.443408663854159                      -Infinity                  Infinity
   67.404255319231311        11.461947773014577                      -Infinity                  Infinity
   67.540425531997442        11.480491406381338                            NaN                       NaN
   67.676595744763560        11.499037299435923                            NaN                       NaN
   67.812765957529692        11.517583025595094                      -Infinity                  Infinity
   67.948936170295809        11.536129821580953                      -Infinity                  Infinity
   68.085106383061941        11.554677999327490                            NaN                       NaN
   68.221276595828058        11.573227689292318                            NaN                       NaN
   68.357446808594190        11.591780178622706                            NaN                       NaN
   68.493617021360308        11.610339504065813                            NaN                       NaN
   68.629787234126425        11.628908374259431                      -Infinity                  Infinity
   68.765957446892557        11.647488498493088                            NaN                       NaN
   68.902127659658674        11.666079977435663                            NaN                       NaN
   69.038297872424806        11.684681336556485                      -Infinity                  Infinity
   69.174468085190924        11.703295147094769                            NaN                       NaN
   69.310638297957055        11.721922556552713                            NaN                       NaN
   69.446808510723173        11.740560174847278                      -Infinity                  Infinity
   69.582978723489305        11.759201898178970                            NaN                       NaN
   69.719148936255422        11.777849054087719                            NaN                       NaN
   69.855319149021540        11.796504563361321                            NaN                       NaN
   69.991489361787671        11.815170425455365                            NaN                       NaN
   70.127659574553789        11.833844750289893                      -Infinity                  Infinity
   70.263829787319921        11.852526125723204                            NaN                       NaN
   70.400000000086038        11.871218083184081                            NaN                       NaN
   70.536170212852170        11.889927382997026                            NaN                       NaN
   70.672340425618287        11.908660751598989                            NaN                       NaN
   70.808510638384419        11.927418575137807                            NaN                       NaN
   70.944680851150537        11.946199735714151                            NaN                       NaN
   71.080851063916654        11.965006512598219                            NaN                       NaN
   71.217021276682786        11.983840509995327                            NaN                       NaN
   71.353191489448903        12.002698812961983                            NaN                       NaN
   71.489361702215035        12.021577912368800                            NaN                       NaN
   71.625531914981153        12.040471695376143                            NaN                       NaN
   71.761702127747284        12.059377037896693                            NaN                       NaN
   71.897872340513402        12.078290635276430                            NaN                       NaN
   72.034042553279534        12.097210233223809                            NaN                       NaN
   72.170212766045651        12.116135128500060                            NaN                       NaN
   72.306382978811769        12.135065950377404                            NaN                       NaN
   72.442553191577900        12.154001788689191                            NaN                       NaN
   72.578723404344018        12.172940898557515                            NaN                       NaN
   72.714893617110150        12.191882146884662                      -Infinity                  Infinity
   72.851063829876267        12.210827922434952                            NaN                       NaN
   72.987234042642399        12.229784636290484                            NaN                       NaN
   73.123404255408516        12.248757487245708                            NaN                       NaN
   73.259574468174648        12.267750622795226                            NaN                       NaN
   73.395744680940766        12.286759291070734                            NaN                       NaN
   73.531914893706897        12.305776191122684                            NaN                       NaN
   73.668085106473015        12.324795548631679                            NaN                       NaN
   73.804255319239132        12.343813133074379                            NaN                       NaN
   73.940425532005264        12.362826971637190                            NaN                       NaN
   74.076595744771382        12.381833875465224                            NaN                       NaN
   74.212765957537513        12.400827239215486                            NaN                       NaN
   74.348936170303631        12.419799791783557                            NaN                       NaN
   74.485106383069763        12.438748186507610                            NaN                       NaN
   74.621276595835880        12.457670343123620                            NaN                       NaN
   74.757446808602012        12.476562579442835                            NaN                       NaN
   74.893617021368129        12.495422784812616                            NaN                       NaN
   75.029787234134247        12.514249530105731                            NaN                       NaN
   75.165957446900379        12.533043394003363                            NaN                       NaN
   75.302127659666496        12.551804471345418                            NaN                       NaN
   75.438297872432628        12.570529037638881                            NaN                       NaN
   75.574468085198745        12.589219672558867                            NaN                       NaN
   75.710638297964877        12.607880864314033                            NaN                       NaN
   75.846808510730995        12.626518159600446                            NaN                       NaN
   75.982978723497126        12.645135069029095                            NaN                       NaN
   76.119148936263244        12.663739665365854                            NaN                       NaN
   76.255319149029361        12.682337611800707                            NaN                       NaN
   76.391489361795493        12.700930485025557                            NaN                       NaN
   76.527659574561611        12.719512713463688                            NaN                       NaN
   76.663829787327742        12.738078949813165                            NaN                       NaN
   76.800000000093860        12.756626740281485                            NaN                       NaN
   76.936170212859992        12.775152758977203                            NaN                       NaN
   77.072340425626109        12.793656191908839                            NaN                       NaN
   77.208510638392241        12.812138547002151                            NaN                       NaN
   77.344680851158358        12.830600624435116                            NaN                       NaN
   77.480851063924476        12.849041858776607                            NaN                       NaN
   77.617021276690608        12.867462866703608                            NaN                       NaN
   77.753191489456725        12.885869239151416                            NaN                       NaN
   77.889361702222857        12.904265540720562                            NaN                       NaN
   78.025531914988974        12.922653070881045                            NaN                       NaN
   78.161702127755106        12.941029112103415                            NaN                       NaN
   78.297872340521224        12.959394236127212                            NaN                       NaN
   78.434042553287355        12.977752998307519                            NaN                       NaN
   78.570212766053473        12.996106661823573                            NaN                       NaN
   78.706382978819605        13.014457461716729                            NaN                       NaN
   78.842553191585722        13.032809565936985                            NaN                       NaN
   78.978723404351840        13.051164429251482                            NaN                       NaN
   79.114893617117971        13.069520595365386                            NaN                       NaN
   79.251063829884089        13.087876882475440                            NaN                       NaN
   79.387234042650221        13.106231319358050                            NaN                       NaN
   79.523404255416338        13.124581927600161                            NaN                       NaN
   79.659574468182470        13.142927966153470                            NaN                       NaN
   79.795744680948587        13.161266892292890                            NaN                       NaN
   79.931914893714719        13.179597293048829                            NaN                       NaN
   80.068085106480837        13.197919559523715                            NaN                       NaN
   80.204255319246954        13.216235347245364                            NaN                       NaN
   80.340425532013086        13.234552193146346                            NaN                       NaN
   80.476595744779203        13.252873111784515                            NaN                       NaN
   80.612765957545335        13.271198855207526                            NaN                       NaN
   80.748936170311453        13.289532967496209                            NaN                       NaN
   80.885106383077584        13.307882677084480                            NaN                       NaN
   81.021276595843702        13.326247619429077                            NaN                       NaN
   81.157446808609834        13.344622991896903                            NaN                       NaN
   81.293617021375951        13.363004004364340                            NaN                       NaN
   81.429787234142069        13.381383862589699                            NaN                       NaN
   81.565957446908200        13.399755734686403                            NaN                       NaN
   81.702127659674318        13.418116374702121                            NaN                       NaN
   81.838297872440450        13.436467701810926                            NaN                       NaN
   81.974468085206567        13.454812860538990                            NaN                       NaN
   82.110638297972699        13.473151318441575                            NaN                       NaN
   82.246808510738816        13.491481639474669                            NaN                       NaN
   82.382978723504948        13.509803019788203                            NaN                       NaN
   82.519148936271066        13.528114298794668                            NaN                       NaN
   82.655319149037183        13.546418003168245                            NaN                       NaN
   82.791489361803315        13.564718526179588                            NaN                       NaN
   82.927659574569432        13.583021417181209                            NaN                       NaN
   83.063829787335564        13.601329150374035                            NaN                       NaN
   83.200000000101682        13.619640934803932                            NaN                       NaN
   83.336170212867813        13.637960032282610                            NaN                       NaN
   83.472340425633931        13.656286493133356                            NaN                       NaN
   83.608510638400062        13.674615931570035                            NaN                       NaN
   83.744680851166180        13.692945089757488                            NaN                       NaN
   83.880851063932312        13.711270292405866                            NaN                       NaN
   84.017021276698429        13.729589567553226                            NaN                       NaN
   84.153191489464547        13.747899126423619                            NaN                       NaN
   84.289361702230678        13.766194613420721                            NaN                       NaN
   84.425531914996796        13.784477240747833                            NaN                       NaN
   84.561702127762928        13.802749864831695                            NaN                       NaN
   84.697872340529045        13.821014012505120                            NaN                       NaN
   84.834042553295177        13.839270271255025                            NaN                       NaN
   84.970212766061294        13.857521182320426                            NaN                       NaN
