                    0                    0                    0                    0
  0.13617021276612387        1.1102481412992943E-002   5.6491455542683290E-002  -2.3316502959353627E-002   9.2915693059282858E-009   6.1623858592431473     
  0.27234042553224774        3.2859249085417201E-002   5.8192858981277830E-002  -6.8573143211928839E-002   1.7370452185442959E-008   6.6191110567206550     
  0.40851063829837164        5.3021347777251253E-002   6.0139056890413295E-002 -0.10985970593519610        2.1707966785691437E-008   6.7148696129046224     
  0.54468085106449549        7.0873636783602409E-002   6.1409953847466094E-002 -0.14581722642532391        2.3607780600362849E-008   6.4928011384897077     
  0.68085106383061933        8.6202477008074180E-002   6.1743698131513099E-002 -0.17611872451103261        2.4391947770994496E-008   6.1142374313249626     
  0.81702127659674328        9.9057278539603777E-002   6.1317809753727616E-002 -0.20101601667447738        2.4529278071525169E-008   5.7951043280177323     
  0.95319148936286713       0.10959725976498150        6.0435167436021009E-002 -0.22100295377347290        2.3838018239664509E-008   5.4859591445068601     
   1.0893617021289910       0.11803222755863847        5.9277369212796721E-002 -0.23666612866234593        2.2837083044801698E-008   5.2665498622463236     
   1.2255319148951149       0.12462026901241577        5.7949912316525923E-002 -0.24864506411848791        2.1814526453908663E-008   5.0806136713168000     
   1.3617021276612387       0.12963992249854026        5.6578619975605350E-002 -0.25754191158980844        2.0795075526541411E-008   4.9538041983774708     
   1.4978723404273626       0.13333380466739297        5.5255938607912274E-002 -0.26386335032862507        1.9760754844981654E-008   4.8718456512503838     
   1.6340425531934866       0.13592867319955865        5.4024111282844942E-002 -0.26809080505394123        1.8735405984540199E-008   4.8257821997386872     
   1.7702127659596103       0.13763220117089378        5.2898030828630288E-002 -0.27064048619623882        1.7979254560724049E-008   4.8432955092809351     
   1.9063829787257343       0.13861579049613357        5.1878652955438032E-002 -0.27182991950530461        1.7419082248267463E-008   4.8886999242737552     
   2.0425531914918582       0.13900938864927617        5.0970232475506298E-002 -0.27191625042059853        1.6724096695830498E-008   4.8959478077742267     
   2.1787234042579819       0.13890943519720617        5.0183743170439291E-002 -0.27110521499169427        1.6093732159889048E-008   4.9322283630190276     
   2.3148936170241057       0.13842319632942807        4.9499457215956964E-002 -0.26961535338322296        1.5478356596210390E-008   4.9683606201287809     
   2.4510638297902299       0.13761311662363407        4.8904173866286538E-002 -0.26757952295307397        1.4724907175421560E-008   4.9726140144984470     
   2.5872340425563536       0.13654639090623827        4.8414815611902667E-002 -0.26511015750114919        1.4124063668328049E-008   4.9943875873134207     
   2.7234042553224773       0.13529318540084997        4.7991313362823827E-002 -0.26232178186546445        1.3608139239771859E-008   4.9879151308798049     
   2.8595744680886015       0.13389793904488090        4.7623002870606147E-002 -0.25928369386804656        1.2974155156195460E-008   4.9582688664047350     
   2.9957446808547252       0.13240471772859591        4.7368311861299611E-002 -0.25607221926324825        1.2856504543920164E-008   4.9926244783513969     
   3.1319148936208490       0.13082318085528080        4.7247394378309999E-002 -0.25271491953028419        1.2805484369220088E-008   5.1223195334724476     
   3.2680851063869731       0.12914234397466870        4.7198607153577356E-002 -0.24922380249940937        1.2618217324529681E-008   5.2908789274999481     
   3.4042553191530969       0.12737727351473221        4.7123598205048002E-002 -0.24563801480382041        1.2049616858332088E-008   5.3276234180150235     
   3.5404255319192206       0.12556344794889476        4.7006125379141638E-002 -0.24200634178540364        1.1321433356696801E-008   5.2923778082445052     
   3.6765957446853443       0.12373923321694165        4.6893002990440892E-002 -0.23838622729653042        1.0947956085040706E-008   5.2376977308927080     
   3.8127659574514685       0.12191958957497037        4.6801854794089770E-002 -0.23479665870237770        1.0568654809876503E-008   5.2058202308032415     
   3.9489361702175922       0.12010790130865999        4.6777633590879171E-002 -0.23124015233118753        1.0225164224201955E-008   5.2240365339675545     
   4.0851063829837164       0.11830097578064969        4.6755046191532430E-002 -0.22772104574153662        9.9402282008166191E-009   5.2700348808705186     
   4.2212765957498402       0.11652196049095292        4.6697586502348690E-002 -0.22426486417055647        9.1899401485219373E-009   5.2459339864754426     
   4.3574468085159639       0.11479959005962019        4.6654266580968003E-002 -0.22091040962001907        8.5732573229064603E-009   5.1900668292587717     
   4.4936170212820876       0.11312693453333159        4.6607893935598076E-002 -0.21765580834075127        8.5190054193526532E-009   5.1641939327645892     
   4.6297872340482114       0.11149052590281393        4.6558488581246373E-002 -0.21448820943925712        8.7039517431525642E-009   5.1722516570154298     
   4.7659574468143351       0.10988463101922483        4.6543012789750385E-002 -0.21141232084245093        8.7578459784903894E-009   5.1950394256408945     
   4.9021276595804597       0.10828878843962331        4.6558983616956207E-002 -0.20839755042817951        8.6980199525787522E-009   5.2262994259866336     
   5.0382978723465834       0.10670655348190092        4.6563330469313581E-002 -0.20543723706969530        8.6532958667210415E-009   5.2485248292441593     
   5.1744680851127072       0.10514809654772049        4.6560428823393500E-002 -0.20253855574508234        8.1823390528068271E-009   5.2673724591788744     
   5.3106382978788309       0.10362935706347151        4.6544915497046271E-002 -0.19971762051935771        7.7298724364995822E-009   5.2657618129385950     
   5.4468085106449546       0.10217939442215850        4.6531900031303468E-002 -0.19701698259693390        7.2570125744035932E-009   5.2641416725362928     
   5.5829787234110784       0.10078404055585391        4.6565422871283943E-002 -0.19442553912340868        7.1354284619460721E-009   5.3671400081975644     
   5.7191489361772030        9.9428092307850088E-002   4.6593877047352551E-002 -0.19191768015972804        6.9463171702545066E-009   5.4095228307982612     
   5.8553191489433267        9.8120668535948280E-002   4.6602184985997414E-002 -0.18950044877274141        6.5081221419080456E-009   5.3488010969265627     
   5.9914893617094505        9.6869873065705658E-002   4.6650330727305345E-002 -0.18718236736083194        5.8423230174726972E-009   5.3155681984299097     
   6.1276595744755742        9.5669116797430814E-002   4.6761930733935121E-002 -0.18495544413575940        5.7435329582283974E-009   5.3317325497956736     
   6.2638297872416979        9.4520938180911618E-002   4.6848624245898848E-002 -0.18283949615393918        5.9271279759984134E-009   5.3575529277589489     
   6.4000000000078217        9.3424458531683588E-002   4.6950797330761039E-002 -0.18085838152457692        6.0725849343528936E-009   5.4553903684085148     
   6.5361702127739463        9.2378454416464917E-002   4.7012694406162576E-002 -0.17900488863490110        5.7238119871648536E-009   5.4462342710637079     
   6.6723404255400700        9.1388564477174208E-002   4.7051710985452931E-002 -0.17725582505930859        5.3963091301377582E-009   5.3428672349373736     
   6.8085106383061937        9.0441858983822274E-002   4.7129251479296655E-002 -0.17557448232168824        5.0270355206619467E-009   5.3552167910933077     
   6.9446808510723175        8.9526328241651923E-002   4.7169499894539127E-002 -0.17394673582146444        5.0059208703057139E-009   5.4204729473556501     
   7.0808510638384412        8.8660971797303645E-002   4.7172764324338284E-002 -0.17239155190916183        4.4173181934190193E-009   5.4271609908285416     
   7.2170212766045649        8.7848987969373141E-002   4.7199880658842279E-002 -0.17091205333742213        3.9543461648479587E-009   5.4150294204985041     
   7.3531914893706887        8.7087259521201457E-002   4.7244710640084946E-002 -0.16952062719413014        3.7628553285046114E-009   5.5120105707548523     
   7.4893617021368133        8.6400876848302582E-002   4.7194520585183176E-002 -0.16824101655747165        3.8326219601617721E-009   5.4234783532234632     
   7.6255319149029370        8.5788367350563444E-002   4.7194004348219451E-002 -0.16705117746442644        3.6804052338190273E-009   5.3889726985243431     
   7.7617021276690608        8.5199003939371215E-002   4.7252783859399995E-002 -0.16590386070866958        3.5860415394625915E-009   5.3846629839594842     
   7.8978723404351845        8.4629872488827584E-002   4.7300739482970554E-002 -0.16480579465938666        3.5501803317250834E-009   5.3916544998636500     
   8.0340425532013082        8.4097369064586300E-002   4.7319125185229412E-002 -0.16376691025857576        3.5092871504095279E-009   5.4013851752903363     
   8.1702127659674328        8.3603878627084446E-002   4.7342017835455871E-002 -0.16278514677622147        3.3962313416759644E-009   5.3929199623917325     
   8.3063829787335557        8.3130287990245133E-002   4.7392988605368377E-002 -0.16184069861452008        3.2999257624825894E-009   5.4236901468057326     
   8.4425531914996803        8.2677111820319990E-002   4.7412248945182908E-002 -0.16094095698565569        3.0019094496575231E-009   5.4374719691815496     
   8.5787234042658032        8.2243510877483564E-002   4.7396384359169458E-002 -0.16010363959129725        2.7561003834422894E-009   5.3697572009388628     
   8.7148936170319278        8.1814568664182907E-002   4.7398173632413110E-002 -0.15931381279529649        2.5931938751829126E-009   5.3282570287656679     
   8.8510638297980524        8.1392023786065387E-002   4.7454786215931834E-002 -0.15856107420343254        2.7432141851065144E-009   5.3337574386735866     
   8.9872340425641752        8.0976255764124330E-002   4.7518363273960224E-002 -0.15783307022209414        2.9403872485303006E-009   5.4063352714327335     
   9.1234042553302999        8.0586130893663510E-002   4.7577889791826193E-002 -0.15713826629094926        2.5981551298826418E-009   5.4453477348561998     
   9.2595744680964227        8.0229396130707731E-002   4.7606809514000988E-002 -0.15648921777793617        2.2693215976442279E-009   5.5005405080462131     
   9.3957446808625473        7.9906989285223828E-002   4.7587811339482679E-002 -0.15588089362614915        2.7716009080697074E-009   5.4779266162344467     
   9.5319148936286702        7.9618585202723052E-002   4.7534106592370173E-002 -0.15530479280697074        3.4340756639512001E-009   5.4846454459022960     
   9.6680851063947948        7.9350891361186698E-002   4.7497441917413077E-002 -0.15475198556908762        3.3153327643970947E-009   5.4536178791503449     
   9.8042553191609194        7.9092336618902692E-002   4.7462359797764989E-002 -0.15421158981987512        3.1900390704187636E-009   5.4231716602172924     
   9.9404255319270423        7.8840190484165532E-002   4.7449211525613544E-002 -0.15368251960515389        3.3823435502744656E-009   5.4059301581133719     
   10.076595744693167        7.8584694421918802E-002   4.7454496362194072E-002 -0.15315274751659372        3.7818924860540426E-009   5.4312962394402335     
   10.212765957459290        7.8316528693836721E-002   4.7481238485592769E-002 -0.15260897000900597        4.0708159048063385E-009   5.4724003651670241     
   10.348936170225414        7.8038532076502798E-002   4.7513163060987421E-002 -0.15206166544411809        3.7906020037283399E-009   5.4934056730151815     
   10.485106382991539        7.7738265886279828E-002   4.7549054037864143E-002 -0.15149293033039990        3.4602488073840308E-009   5.5007841034740377     
   10.621276595757662        7.7430519962864958E-002   4.7567514945221830E-002 -0.15092964616929497        3.6246813116499918E-009   5.5631296819373928     
   10.757446808523786        7.7130705887375764E-002   4.7544202942476139E-002 -0.15039096890831044        3.4161964391613436E-009   5.5570015424313555     
   10.893617021289909        7.6841043013550867E-002   4.7517237783964689E-002 -0.14987457898575191        3.3117339502547945E-009   5.5562648579941794     
   11.029787234056034        7.6570397254122735E-002   4.7467681033472604E-002 -0.14939322016820145        3.5975403849898285E-009   5.4876507982468299     
   11.165957446822157        7.6325137906957607E-002   4.7425248843187565E-002 -0.14895198867153317        4.2952048564102210E-009   5.4552923884924267     
   11.302127659588281        7.6093607077674402E-002   4.7429669562759354E-002 -0.14852934248839272        4.7382177861373578E-009   5.5156860909661996     
   11.438297872354406        7.5856423709951201E-002   4.7480773580009829E-002 -0.14809274643194903        4.9990807302295528E-009   5.5650103918636669     
   11.574468085120529        7.5615681106224381E-002   4.7526177827123685E-002 -0.14765209807946916        4.9806131797408670E-009   5.6017718884287770     
   11.710638297886653        7.5371447861321467E-002   4.7552020838254917E-002 -0.14722372913028436        4.5093259558957734E-009   5.7004758472099324     
   11.846808510652776        7.5133796800150685E-002   4.7515672419297349E-002 -0.14681560441249247        4.0475473130772868E-009   5.6379365950484823     
   11.982978723418901        7.4914577512441766E-002   4.7455684918699073E-002 -0.14643344379715267        3.7001882767701418E-009   5.6102623327554149     
   12.119148936185024        7.4698014079965153E-002   4.7445566756797994E-002 -0.14606039753400835        3.6153212686103907E-009   5.6337117679131774     
   12.255319148951148        7.4466617824856252E-002   4.7408192093809080E-002 -0.14566741852827203        3.7199980824956896E-009   5.6514621022179510     
   12.391489361717273        7.4228378031857084E-002   4.7367997606634474E-002 -0.14525582547086638        3.9968092670623212E-009   5.5511431654777468     
   12.527659574483396        7.3990780077648338E-002   4.7392926106154698E-002 -0.14483514114741522        4.2247561274611198E-009   5.5762571500459144     
   12.663829787249520        7.3739733718455561E-002   4.7444958516368388E-002 -0.14440154567867397        4.0982283633034843E-009   5.6734800044839364     
   12.800000000015643        7.3485261489025705E-002   4.7447492904650140E-002 -0.14397652146489331        3.7747902957234870E-009   5.6038156288925061     
   12.936170212781768        7.3230513067115935E-002   4.7426986158539040E-002 -0.14355903328503772        3.4063560535696870E-009   5.5707203376024417     
   13.072340425547893        7.2958079710794863E-002   4.7395768355808617E-002 -0.14312080761711576        2.9160586843791267E-009   5.5412693947710991     
   13.208510638314015        7.2699540581883451E-002   4.7364382357837756E-002 -0.14270300123536539        2.5837587539003520E-009   5.5855367756115264     
   13.344680851080140        7.2486162043879088E-002   4.7337302471590313E-002 -0.14233935956960378        2.1368535359747855E-009   5.6250219488171087     
   13.480851063846263        7.2333845962393228E-002   4.7350861393211589E-002 -0.14203760816346947        2.0448333690874430E-009   5.6459420740917379     
   13.617021276612387        7.2257170303538926E-002   4.7405786462335876E-002 -0.14182154059822200        2.2446272670963963E-009   5.7809313904200375     
   13.753191489378510        7.2238380822686035E-002   4.7454510234872745E-002 -0.14167517468680429        2.8259454255117183E-009   5.8175970171190556     
   13.889361702144635        7.2264937498364532E-002   4.7507801170166099E-002 -0.14159370935141813        3.3813812049165123E-009   5.8796886678847242     
   14.025531914910760        7.2309489747934191E-002   4.7582704315458184E-002 -0.14154609348764302        3.7066526200270508E-009   5.8854556479638882     
   14.161702127676882        7.2348474918659325E-002   4.7660349428327635E-002 -0.14149785494423736        4.2853111264951045E-009   5.9409580876229295     
   14.297872340443007        7.2369648229601652E-002   4.7720608297046316E-002 -0.14143659947455828        4.5665469139616018E-009   5.9234584344997341     
   14.434042553209130        7.2348728009857616E-002   4.7847032730047909E-002 -0.14133102084855165        4.4576443151920794E-009   5.9770034852576730     
   14.570212765975254        7.2266393351688565E-002   4.7933123548333637E-002 -0.14115345521586425        4.3182896190982560E-009   5.9885066832307992     
   14.706382978741377        7.2144223674035418E-002   4.7933449572675521E-002 -0.14092440021025493        4.4120909855317700E-009   5.9051549758801825     
   14.842553191507502        7.2025302247480605E-002   4.7891598851476702E-002 -0.14069190934810727        4.4855162538646855E-009   5.9074320213027089     
   14.978723404273627        7.1924675360513127E-002   4.7845257066070498E-002 -0.14048846129449488        4.2290716589494927E-009   5.8833618050673930     
   15.114893617039749        7.1832561313709686E-002   4.7824213338323894E-002 -0.14030461717583442        4.0359949860806784E-009   5.8613378605988986     
   15.251063829805874        7.1753803143086492E-002   4.7805619379995105E-002 -0.14015596960661270        3.7963498296393227E-009   5.8649380097923833     
   15.387234042571997        7.1686965445382111E-002   4.7864121209375637E-002 -0.14005430911151176        3.6623980296342400E-009   6.0456483683118467     
   15.523404255338122        7.1637460532561342E-002   4.7893617092899167E-002 -0.13999300676748555        3.8821179280379039E-009   6.0017829727360290     
   15.659574468104244        7.1621510531152566E-002   4.7904942378181714E-002 -0.13997208069718781        4.2695341743823628E-009   5.9637745925955876     
   15.795744680870369        7.1621077423852375E-002   4.7887095818121651E-002 -0.13996238863187732        4.5497704199728192E-009   6.0380493924277729     
   15.931914893636494        7.1621607215552177E-002   4.7855484126263552E-002 -0.13994959785934200        4.5330354832762449E-009   6.0360447990468664     
   16.068085106402616        7.1602378953852130E-002   4.7809935210097007E-002 -0.13990434343042119        4.3546628921967289E-009   5.9072163139745468     
   16.204255319168741        7.1565431398932927E-002   4.7725899892442331E-002 -0.13981748836618207        4.7085166525715630E-009   5.7952980006267483     
   16.340425531934866        7.1514936128444451E-002   4.7679856834817257E-002 -0.13969922364234050        4.9770503034150375E-009   5.7787294816336896     
   16.476595744700987        7.1438004489376886E-002   4.7645908318875455E-002 -0.13953916823099519        5.1243034300038865E-009   5.8370406741136822     
   16.612765957467111        7.1335764411853256E-002   4.7566260227986330E-002 -0.13934273076963966        4.9337978568228791E-009   5.7817218676008686     
   16.748936170233236        7.1223919371516509E-002   4.7483618001245738E-002 -0.13912993889215153        4.2864332201682675E-009   5.7735447467031529     
   16.885106382999361        7.1125919869104728E-002   4.7476293438624105E-002 -0.13893124338146051        3.4472444622555704E-009   5.8959196060798531     
   17.021276595765485        7.1048211739531492E-002   4.7462201662889003E-002 -0.13876703015113062        3.9952363814305253E-009   5.8145071690220611     
   17.157446808531606        7.0999368887323208E-002   4.7469892554799629E-002 -0.13865715284892355        4.2400810669707018E-009   5.9002275720104187     
   17.293617021297731        7.0972861668420748E-002   4.7461360127450711E-002 -0.13859466378909280        4.4237794950604600E-009   5.8389601285115988     
   17.429787234063856        7.0950194224672802E-002   4.7442748453074148E-002 -0.13854076968185552        4.4937869080340267E-009   5.9208546202166117     
   17.565957446829980        7.0918789244309027E-002   4.7371653169139633E-002 -0.13847391998207342        4.8136194242843862E-009   5.8830390914441626     
   17.702127659596105        7.0889420038738882E-002   4.7275170600042167E-002 -0.13841223570642780        4.9436658539835973E-009   5.8086469516794308     
   17.838297872362226        7.0842581000763641E-002   4.7236306190504784E-002 -0.13834140939085995        4.9203220656293879E-009   5.9255349326813871     
   17.974468085128350        7.0770751618505906E-002   4.7190601063501071E-002 -0.13825293130952254        4.7892456357599257E-009   5.8643639681879840     
   18.110638297894475        7.0688581040093026E-002   4.7106253581074592E-002 -0.13815797319459339        5.0905001673228530E-009   5.7876818911762991     
   18.246808510660600        7.0612274704008146E-002   4.7050364263814107E-002 -0.13807812739549902        5.5192233688078626E-009   5.6976710962781132     
   18.382978723426724        7.0527303853323647E-002   4.7065084616918128E-002 -0.13799391101492703        5.8044563802215608E-009   5.7323310208775027     
   18.519148936192845        7.0421725263242918E-002   4.7076013336676312E-002 -0.13789392728463334        5.6958374268979114E-009   5.7351622985752204     
   18.655319148958970        7.0327990620932229E-002   4.7025923915847999E-002 -0.13781716290339946        4.9908784589302203E-009   5.7304220641140180     
   18.791489361725095        7.0266376823543517E-002   4.6957047503413903E-002 -0.13778072639155683        4.4355340316498414E-009   5.7287248663775951     
   18.927659574491219        7.0251521453496085E-002   4.6856395939719152E-002 -0.13778751011539350        4.2681297685910370E-009   5.7765759547458488     
   19.063829787257340        7.0297419200660627E-002   4.6773524851356871E-002 -0.13784784047481757        3.8375146981612381E-009   6.0176432692165474     
   19.200000000023465        7.0378399410041148E-002   4.6722148913267224E-002 -0.13794260699059560        4.6572515176126934E-009   5.8515731368175299     
   19.336170212789590        7.0458348802537110E-002   4.6691551886631252E-002 -0.13803697180593572        6.0524637800227560E-009   5.9394266688995012     
   19.472340425555714        7.0518727605718798E-002   4.6634177142181404E-002 -0.13811669082990605        6.0455783852223071E-009   5.8628591749560748     
   19.608510638321839        7.0570655339479996E-002   4.6548499305808330E-002 -0.13819401448814839        5.6417721330337641E-009   5.7456761235807052     
   19.744680851087960        7.0611957152239127E-002   4.6466045696743952E-002 -0.13827106252445648        5.7339718515044136E-009   5.7068970201200617     
   19.880851063854085        7.0645932058160790E-002   4.6379899730274593E-002 -0.13833436485972928        5.7975900632199766E-009   5.7092537945978838     
   20.017021276620209        7.0664726842187234E-002   4.6303145394335748E-002 -0.13837758297064123        5.8775515100109723E-009   5.7730369299453699     
   20.153191489386334        7.0674277896784779E-002   4.6231820110428305E-002 -0.13843739604484490        6.0915010796723390E-009   5.7946047760510329     
   20.289361702152458        7.0685891092920727E-002   4.6128976428128861E-002 -0.13851701306808928        5.8822132198857771E-009   5.7803807575866060     
   20.425531914918579        7.0699985339020818E-002   4.6046517141238252E-002 -0.13858512543771356        5.1277966666557161E-009   5.7593378466367575     
   20.561702127684704        7.0712587283824013E-002   4.5979065937418365E-002 -0.13863935957717907        4.7849589071345763E-009   5.7325567647369491     
   20.697872340450829        7.0720742532935643E-002   4.5929565639845564E-002 -0.13869211311985383        4.5214895883141417E-009   5.7668854125090467     
   20.834042553216953        7.0749115969120063E-002   4.5819246242705954E-002 -0.13878435593708668        4.2829644298067375E-009   5.7082730850085150     
   20.970212765983078        7.0791368803165680E-002   4.5727918746729983E-002 -0.13888669290335770        4.2397913917552790E-009   5.6780652365575319     
   21.106382978749199        7.0832790607935153E-002   4.5680052369071446E-002 -0.13896757750539798        4.0184908096949117E-009   5.6572326412113485     
   21.242553191515324        7.0874080879200593E-002   4.5650138018129914E-002 -0.13904191161462320        4.5137369651745932E-009   5.6310101168827407     
   21.378723404281448        7.0917767667439041E-002   4.5597205023447447E-002 -0.13911216122306619        4.5319953265250740E-009   5.5774234939835123     
   21.514893617047573        7.0954836578204949E-002   4.5601883516464617E-002 -0.13915952003795862        4.5362152061126952E-009   5.5676575022821222     
   21.651063829813694        7.0964963243902002E-002   4.5650366275391818E-002 -0.13915832432532799        4.3914625127294299E-009   5.6170549462926651     
   21.787234042579819        7.0946939481842483E-002   4.5665218545066943E-002 -0.13911195103721685        4.4393782517323998E-009   5.5867469684487077     
   21.923404255345943        7.0919916501683083E-002   4.5634687421386565E-002 -0.13905740549182555        4.3890942791666282E-009   5.6123341431625864     
   22.059574468112068        7.0899934118422187E-002   4.5578948437839564E-002 -0.13902190543260726        3.7638240906518780E-009   5.6087953422369496     
   22.195744680878192        7.0875914937260046E-002   4.5549067972507788E-002 -0.13898281494664039        3.3590418002184118E-009   5.6634002566190382     
   22.331914893644313        7.0847884404873440E-002   4.5517712088496809E-002 -0.13894145527691998        3.5014904997500726E-009   5.6530281727983338     
   22.468085106410438        7.0818392132384389E-002   4.5544462094091513E-002 -0.13890557039507656        3.7474611024981212E-009   5.7394537364681311     
   22.604255319176563        7.0780073080742398E-002   4.5574614195122869E-002 -0.13884760005952113        4.2281042795336831E-009   5.8333608715196315     
   22.740425531942687        7.0740524505645053E-002   4.5561347315999805E-002 -0.13877827733722006        4.0891842680975755E-009   5.7174458870432305     
   22.876595744708812        7.0704618064978131E-002   4.5519383703289361E-002 -0.13871328423037455        4.1134296624488323E-009   5.7211740980502022     
   23.012765957474933        7.0682174016095223E-002   4.5420902176094839E-002 -0.13866986313264640        3.9885005295230288E-009   5.6214496140449439     
   23.148936170241058        7.0675855876142779E-002   4.5367954928448716E-002 -0.13864763625001705        3.8650793770694531E-009   5.5179203620487138     
   23.285106383007182        7.0678797172871163E-002   4.5367838260095703E-002 -0.13863816635507911        4.3159081267447775E-009   5.5327020172194077     
   23.421276595773307        7.0679321957847596E-002   4.5404138125644276E-002 -0.13863633274133055        4.5891555367038200E-009   5.6396545419006525     
   23.557446808539432        7.0668846868196689E-002   4.5430899109111529E-002 -0.13863322264495265        4.5578993187582100E-009   5.6349313363288154     
   23.693617021305553        7.0632587500208441E-002   4.5442963580710843E-002 -0.13860163057281683        5.1024442839860581E-009   5.5902979884684783     
   23.829787234071677        7.0561407974159260E-002   4.5420678256006632E-002 -0.13852178653288244        5.2299738852759654E-009   5.6184012258975944     
   23.965957446837802        7.0459398814715829E-002   4.5391056551401909E-002 -0.13838724379912615        4.9530051451207996E-009   5.5899906148639049     
   24.102127659603926        7.0342307821201294E-002   4.5336540651064107E-002 -0.13821823068987235        4.8959223742853897E-009   5.5438971355017532     
   24.238297872370048        7.0213170265268812E-002   4.5281247762657469E-002 -0.13802235998564197        5.2430932681002869E-009   5.4919279292403420     
   24.374468085136172        7.0062791891034412E-002   4.5275141990635211E-002 -0.13778167099038530        5.2498191029915170E-009   5.5199684243148353     
   24.510638297902297        6.9881374698453264E-002   4.5274866593594490E-002 -0.13749947626417008        4.9699836188711096E-009   5.6025865204365957     
   24.646808510668421        6.9695133559558878E-002   4.5238237178413514E-002 -0.13721481045273637        4.6401405766932191E-009   5.6806819659906465     
   24.782978723434546        6.9546522038776870E-002   4.5187720950880347E-002 -0.13698383071985487        4.3161906065731220E-009   5.5763605557224247     
   24.919148936200667        6.9432772265633144E-002   4.5224277068620866E-002 -0.13682845684362449        4.6135953173879908E-009   5.6633865913670949     
   25.055319148966792        6.9332210896163537E-002   4.5235193441852825E-002 -0.13671675291297469        4.4733708713395811E-009   5.6817220021521457     
   25.191489361732916        6.9254326783016129E-002   4.5225718701870886E-002 -0.13663915473337179        4.2063196324482563E-009   5.6413297242085694     
   25.327659574499041        6.9210284723617274E-002   4.5214125054866827E-002 -0.13660793739182830        3.9405827189975822E-009   5.6516389648335457     
   25.463829787265166        6.9201213741637194E-002   4.5235201254225720E-002 -0.13663625603998036        3.6408019383514382E-009   5.7237067794743517     
   25.600000000031287        6.9222150459446366E-002   4.5214885967194043E-002 -0.13670815123347518        3.5801483498046313E-009   5.6515535615853052     
   25.736170212797411        6.9270141695848442E-002   4.5158913601884162E-002 -0.13679747624045904        3.8889728417353810E-009   5.6119627711488658     
   25.872340425563536        6.9315512717758695E-002   4.5141502686183721E-002 -0.13687356654246768        4.5631723241799704E-009   5.6868372155594153     
   26.008510638329660        6.9353188446934846E-002   4.5119485873799207E-002 -0.13694192644011977        4.6426494269842079E-009   5.8009941393048159     
   26.144680851095785        6.9381051070897787E-002   4.5062306188990459E-002 -0.13700507870118223        4.8790114610212061E-009   5.8033794842381505     
   26.280851063861906        6.9404024589959548E-002   4.4992961311648115E-002 -0.13706471554926686        4.7449133573208356E-009   5.7314851612134596     
   26.417021276628031        6.9430588863206980E-002   4.4957047805454502E-002 -0.13710552019955580        4.8643163684045350E-009   5.6553585900292882     
   26.553191489394155        6.9441446974533430E-002   4.4970891250438488E-002 -0.13710419529737014        4.9905151596002598E-009   5.7590571041914371     
   26.689361702160280        6.9430141309773971E-002   4.4958605000341920E-002 -0.13706677646438337        4.9764028615379374E-009   5.7428642538695645     
   26.825531914926401        6.9429517579563962E-002   4.4944148546409553E-002 -0.13703447178335731        4.7110681187667678E-009   5.6749594080778891     
   26.961702127692526        6.9456700714060335E-002   4.4921188091458689E-002 -0.13702853359577494        4.5279191804989077E-009   5.6314188072056925     
   27.097872340458650        6.9494751889654358E-002   4.4915328526456973E-002 -0.13703807745203767        4.5514960913960551E-009   5.6033989351257141     
   27.234042553224775        6.9535708019981102E-002   4.4900965371980496E-002 -0.13706772030649012        5.0819610428454663E-009   5.5616470639124138     
   27.370212765990900        6.9583176723056264E-002   4.4868514289280598E-002 -0.13711755042267804        5.5371448363275946E-009   5.5508917945104326     
   27.506382978757021        6.9615475683626721E-002   4.4834219056792260E-002 -0.13714664260373033        5.4106377327155540E-009   5.5840470756274332     
   27.642553191523145        6.9623507778321991E-002   4.4788507430061714E-002 -0.13714686004161444        5.1061402026346972E-009   5.6108727629131918     
   27.778723404289270        6.9633197473767630E-002   4.4714528287591100E-002 -0.13715540602549053        5.2311591821368735E-009   5.5748126876270216     
   27.914893617055395        6.9659663052667131E-002   4.4655758305493780E-002 -0.13718485130898200        5.3660605828053016E-009   5.5708277240420463     
   28.051063829821519        6.9686303806378580E-002   4.4600313610866534E-002 -0.13721764717629698        5.6191465989386943E-009   5.5483727786290302     
   28.187234042587640        6.9711181273045597E-002   4.4524673993180934E-002 -0.13727059816282583        5.8103466525646802E-009   5.5286785608498068     
   28.323404255353765        6.9714327142809729E-002   4.4448343917124544E-002 -0.13731972311463381        5.8593992660127670E-009   5.5318700962997500     
   28.459574468119889        6.9673687590053560E-002   4.4399615044141520E-002 -0.13731455638116058        5.7778926597030943E-009   5.5295533536287813     
   28.595744680886014        6.9592878844888351E-002   4.4349071943845970E-002 -0.13723957165975251        5.6999867854280940E-009   5.5578685677528412     
   28.731914893652135        6.9500075758457805E-002   4.4265435018941396E-002 -0.13712733414616846        5.5890830844269275E-009   5.5229034223637008     
   28.868085106418260        6.9410054557877354E-002   4.4203447326565594E-002 -0.13699876107764689        5.4721764414104905E-009   5.4493702919190818     
   29.004255319184384        6.9319141362275294E-002   4.4206490150357845E-002 -0.13684811596112983        5.7664068935205429E-009   5.4741890858024655     
   29.140425531950509        6.9235627713018180E-002   4.4193656849957533E-002 -0.13668888173782923        6.0504477872719685E-009   5.4974353469852186     
   29.276595744716634        6.9162215984256203E-002   4.4160447691374283E-002 -0.13653254799515430        5.8877013024447731E-009   5.4391346070271469     
   29.412765957482755        6.9096245866368325E-002   4.4141035914203715E-002 -0.13639341741504041        5.5081494391666638E-009   5.4387965548686115     
   29.548936170248879        6.9022704888273695E-002   4.4116647964137820E-002 -0.13625347279797836        5.2966784941005465E-009   5.4716102727712785     
   29.685106383015004        6.8943207086162708E-002   4.4063671592555573E-002 -0.13610516843702278        4.8494026442017487E-009   5.4585970519986891     
   29.821276595781129        6.8865024710271880E-002   4.4010299504328824E-002 -0.13595899162601799        4.7010336476560392E-009   5.4566984559266665     
   29.957446808547253        6.8790371829088898E-002   4.3935009241159832E-002 -0.13582023626259127        4.5578622863317860E-009   5.4689876020840780     
   30.093617021313374        6.8721373534983865E-002   4.3865776161817770E-002 -0.13569339517762069        4.4690924815642054E-009   5.4820695046077788     
   30.229787234079499        6.8651574047355099E-002   4.3830518417771795E-002 -0.13556626475648559        4.2945552497046877E-009   5.5127411783748528     
   30.365957446845623        6.8583609032441997E-002   4.3828211416201912E-002 -0.13543848357320076        4.7061197304537041E-009   5.5285030094694392     
   30.502127659611748        6.8510714807184639E-002   4.3814483783650181E-002 -0.13529417128711327        5.1808072542836656E-009   5.5624125016390495     
   30.638297872377873        6.8424998360571129E-002   4.3790342557986639E-002 -0.13513124025695600        5.1147995566673285E-009   5.5394164962863508     
   30.774468085143994        6.8341451185285659E-002   4.3770538938957507E-002 -0.13498534310551008        5.1683494590274737E-009   5.5150763618749155     
   30.910638297910118        6.8278549058026591E-002   4.3733598850087076E-002 -0.13486965284812805        5.3335932402749180E-009   5.4988173519164238     
   31.046808510676243        6.8242090406699249E-002   4.3726401271014390E-002 -0.13477314717803390        5.4379057314904145E-009   5.5228208029097479     
   31.182978723442368        6.8218489000442778E-002   4.3762900280947141E-002 -0.13468185460378240        5.9002884075141575E-009   5.5353826928870360     
   31.319148936208489        6.8189499369267173E-002   4.3805058750856309E-002 -0.13458027677132547        6.1696415648970181E-009   5.5736715870388531     
   31.455319148974613        6.8161901175114351E-002   4.3819018014001579E-002 -0.13449144635484611        5.9214244921368345E-009   5.5913022089309115     
   31.591489361740738        6.8143041763578174E-002   4.3821140302566008E-002 -0.13442351768070779        5.8463780300320507E-009   5.6027221659062860     
   31.727659574506863        6.8123640496969742E-002   4.3830601474017628E-002 -0.13436416285259972        5.9048117867763253E-009   5.5908034025573592     
   31.863829787272987        6.8085092829061222E-002   4.3874084163459851E-002 -0.13429360043028282        6.0413447402757036E-009   5.6185417311677179     
   32.000000000039108        6.8014496051010231E-002   4.3913929944051903E-002 -0.13418563014272711        6.1163296674723682E-009   5.6299930868214849     
   32.136170212805233        6.7926625128412438E-002   4.3931041995359084E-002 -0.13405402826116947        6.1371669363200218E-009   5.6691834058107107     
   32.272340425571358        6.7827299995120813E-002   4.3954784071146703E-002 -0.13389550229978645        6.3413151013065556E-009   5.7259013196949242     
   32.408510638337482        6.7725055371201520E-002   4.3961628840601341E-002 -0.13372416244961205        6.4042611678346256E-009   5.7268023670026764     
   32.544680851103607        6.7629061028449761E-002   4.3933305333195644E-002 -0.13354987071263411        6.2047372763011098E-009   5.7162454821711606     
   32.680851063869731        6.7539953111655893E-002   4.3901541024285090E-002 -0.13337830728902772        6.1746793971839722E-009   5.7200179197952714     
   32.817021276635856        6.7471500509555860E-002   4.3839261199924852E-002 -0.13322870867893055        6.5251793577102107E-009   5.7140597786610465     
   32.953191489401974        6.7417015145734713E-002   4.3788600315956092E-002 -0.13310180052556742        7.0230845670660842E-009   5.7131277736434916     
   33.089361702168098        6.7360105951165816E-002   4.3748983336841560E-002 -0.13299880050139407        7.4252625454789406E-009   5.7091602573884819     
   33.225531914934223        6.7306335037519094E-002   4.3766795428150991E-002 -0.13291976774032169        7.1212336118360361E-009   5.7145599446292614     
   33.361702127700347        6.7246822207850152E-002   4.3807900659403570E-002 -0.13284102172661283        7.1991622735927802E-009   5.7801076996079681     
   33.497872340466472        6.7189581550890540E-002   4.3789626814924015E-002 -0.13277066922433856        7.3584748437478981E-009   5.7701134942900048     
   33.634042553232597        6.7150971813586591E-002   4.3744767522532271E-002 -0.13272639707396514        7.6237611219611300E-009   5.7500524848653125     
   33.770212765998721        6.7124247156443967E-002   4.3711011914627257E-002 -0.13268751950245311        7.7296328722479325E-009   5.7416771960626658     
   33.906382978764846        6.7102871094682714E-002   4.3662447726843329E-002 -0.13264396884887589        7.6891914085658689E-009   5.7168355358109109     
   34.042553191530970        6.7102343009024068E-002   4.3599697690339050E-002 -0.13261728557879182        7.6579321599770147E-009   5.7053418304553540     
   34.178723404297095        6.7116525624111509E-002   4.3554132809574785E-002 -0.13260548157845925        7.9416238766373326E-009   5.7271830323864448     
   34.314893617063213        6.7114133919685084E-002   4.3488434493455463E-002 -0.13256734827625094        8.3591638952985468E-009   5.7082442073330810     
   34.451063829829337        6.7084969023634991E-002   4.3440216322904179E-002 -0.13249084662080216        8.2177073596756223E-009   5.7039044178970295     
   34.587234042595462        6.7024865666142783E-002   4.3404407891683802E-002 -0.13237531275391956        8.0544845253969986E-009   5.7248186508745311     
   34.723404255361586        6.6952814820421383E-002   4.3359099491162192E-002 -0.13225221397642201        7.8174862021679487E-009   5.7009814760968922     
   34.859574468127711        6.6881539401754217E-002   4.3343293702170799E-002 -0.13213886475977443        7.6882754462781240E-009   5.6659850634905080     
   34.995744680893836        6.6815786961602855E-002   4.3369852410718453E-002 -0.13203078797939627        7.8423052184814281E-009   5.6718607715175597     
   35.131914893659960        6.6750656731299277E-002   4.3422389497062369E-002 -0.13191377754132494        8.0385570510474624E-009   5.7265187615703024     
   35.268085106426085        6.6693040985677257E-002   4.3464156699281983E-002 -0.13179590729870111        7.8057601302945604E-009   5.7149203870631622     
   35.404255319192210        6.6655344101621467E-002   4.3505683220926759E-002 -0.13170965321456235        7.3127560595215055E-009   5.7258965351206506     
   35.540425531958327        6.6634575668309645E-002   4.3541136882764099E-002 -0.13165807250309175        6.9613221813198840E-009   5.7300106895810439     
   35.676595744724452        6.6646419647396746E-002   4.3534016027827013E-002 -0.13165806146384487        7.0128992584284450E-009   5.6916347296274630     
   35.812765957490576        6.6692128997956415E-002   4.3546430173445165E-002 -0.13171484326710015        7.0672850622185143E-009   5.7542703990639179     
   35.948936170256701        6.6760504218194766E-002   4.3579252463652199E-002 -0.13182322303745325        7.3849766735592417E-009   5.7511985999536996     
   36.085106383022826        6.6847072760250134E-002   4.3597736016810343E-002 -0.13197402342651515        8.1122146963026407E-009   5.7277367789532976     
   36.221276595788950        6.6942303807709672E-002   4.3571152265089882E-002 -0.13214268152351649        8.4730767829498874E-009   5.6969034264308647     
   36.357446808555075        6.7031970535775171E-002   4.3530827690332077E-002 -0.13230066078786135        8.1801415197958514E-009   5.6466508350629514     
   36.493617021321199        6.7104998216338849E-002   4.3507478878563204E-002 -0.13243028344799229        7.6771383214470125E-009   5.6107375622363449     
   36.629787234087324        6.7169702761071218E-002   4.3499112948424998E-002 -0.13254928135822480        7.4025676276054403E-009   5.5932969331167817     
   36.765957446853449        6.7226209684064619E-002   4.3506043331250611E-002 -0.13266086667315635        7.2061398169606602E-009   5.5950833928135868     
   36.902127659619566        6.7266362411535816E-002   4.3492914050355928E-002 -0.13275958099553381        7.1136525282685915E-009   5.5845122388936925     
   37.038297872385691        6.7296862184875531E-002   4.3461447086704651E-002 -0.13285372822828828        7.1269935544313028E-009   5.5457718694121958     
   37.174468085151815        6.7337328864732218E-002   4.3401987464625029E-002 -0.13295638014696526        7.2615902397919932E-009   5.4464530784115448     
   37.310638297917940        6.7390671662429014E-002   4.3414528799594031E-002 -0.13306671929587469        7.2249366987762291E-009   5.5715664511121217     
   37.446808510684065        6.7427736659037021E-002   4.3421552115292125E-002 -0.13314115410382787        7.4628040248630019E-009   5.5464271323720622     
   37.582978723450189        6.7455883962098465E-002   4.3380637641218363E-002 -0.13318601604291727        7.7086439454129869E-009   5.4855877918899614     
   37.719148936216314        6.7482585605966608E-002   4.3337757966489455E-002 -0.13321974280254423        7.5477751044937797E-009   5.5218805401799607     
   37.855319148982439        6.7511251074835271E-002   4.3301509138700615E-002 -0.13325692952490464        7.1540848203640225E-009   5.5509223689251224     
   37.991489361748563        6.7547298315426135E-002   4.3230510691538819E-002 -0.13330298038240829        7.2195119915256159E-009   5.5497439632286074     
   38.127659574514681        6.7589767200807199E-002   4.3151193234510915E-002 -0.13335448901827673        7.1871769514639081E-009   5.5652538176367852     
   38.263829787280805        6.7634312390759455E-002   4.3094378493845426E-002 -0.13341874580345375        6.9995117597719864E-009   5.5688724115624195     
   38.400000000046930        6.7668361527375501E-002   4.3065872862124432E-002 -0.13347793439374836        6.8912565280514806E-009   5.6162102487462544     
   38.536170212813055        6.7687878729116288E-002   4.3032886404951273E-002 -0.13352149411501663        7.4338188932267696E-009   5.5192349126655209     
   38.672340425579179        6.7708685244256328E-002   4.3020272863110005E-002 -0.13355930107146999        8.0985762191761567E-009   5.5222119308977984     
   38.808510638345304        6.7708401250527753E-002   4.3054005928734110E-002 -0.13355927746568913        8.5380331955924549E-009   5.6567171044972575     
   38.944680851111428        6.7678379908235123E-002   4.3051394131533825E-002 -0.13351883979275081        8.4933377414929748E-009   5.6780695364463023     
   39.080851063877553        6.7629400905153667E-002   4.3028434585991690E-002 -0.13343954126106444        8.1071394919277934E-009   5.6800241413809687     
   39.217021276643678        6.7570579451990215E-002   4.3016559233288905E-002 -0.13333199683859248        7.8521416195460217E-009   5.7171734891129180     
   39.353191489409802        6.7517842346226778E-002   4.3013550320448700E-002 -0.13322775208685225        7.6489622524176371E-009   5.7686707882300610     
   39.489361702175920        6.7469812981485619E-002   4.3015703325442037E-002 -0.13312922755131976        7.7350502459842877E-009   5.7594974379602180     
   39.625531914942044        6.7429997661604485E-002   4.3005869679556559E-002 -0.13304054127249276        7.7026095704117751E-009   5.7031683567128928     
   39.761702127708169        6.7391633913846574E-002   4.2970226135893970E-002 -0.13294602608669476        7.6748128081514703E-009   5.6594399680691350     
   39.897872340474294        6.7349677362993243E-002   4.2924953039239218E-002 -0.13282679712217715        7.2171990578051761E-009   5.6438037078717693     
   40.034042553240418        6.7310903995493387E-002   4.2904847653213840E-002 -0.13270007842818582        6.9574640583937852E-009   5.6594180896932214     
   40.170212766006543        6.7280041705779309E-002   4.2888695869890969E-002 -0.13259297215540872        6.9049196595999667E-009   5.7078420997281141     
   40.306382978772668        6.7259833007716985E-002   4.2846853078913359E-002 -0.13251425205587419        6.6818628765817484E-009   5.7316619647719254     
   40.442553191538792        6.7265338682437073E-002   4.2773161061524720E-002 -0.13247568781337357        6.6305991004174495E-009   5.6650040445919316     
   40.578723404304917        6.7300705537358355E-002   4.2698824166445305E-002 -0.13247635106146954        6.7746986070973322E-009   5.6174393352500394     
   40.714893617071034        6.7358027371262050E-002   4.2642287866037895E-002 -0.13251814485235197        7.2042011545492319E-009   5.6065588900878351     
   40.851063829837159        6.7426269582002415E-002   4.2617733965716442E-002 -0.13259807794693154        7.4841801747102040E-009   5.7105816753259688     
   40.987234042603284        6.7487535942675800E-002   4.2589423776494426E-002 -0.13268574551852175        7.5535529157550832E-009   5.6776294844991257     
   41.123404255369408        6.7542040735509387E-002   4.2587575956325958E-002 -0.13276077831514971        7.7970887994092992E-009   5.6088393411480153     
   41.259574468135533        6.7591417570123477E-002   4.2603977131105003E-002 -0.13281138999879444        8.1923815851067230E-009   5.6328896234924315     
   41.395744680901657        6.7618557495143117E-002   4.2650658478064395E-002 -0.13282572056209235        8.2438251458240305E-009   5.7154928181168527     
   41.531914893667782        6.7624802470609147E-002   4.2677365602457627E-002 -0.13281700612039646        7.8720604720127000E-009   5.7483591523114113     
   41.668085106433907        6.7630421717698744E-002   4.2663318970344755E-002 -0.13280374448882232        7.2903598395337995E-009   5.7252604051466820     
   41.804255319200031        6.7636065676286550E-002   4.2614975288831729E-002 -0.13279420211362308        7.0339353844593306E-009   5.7081762758576433     
   41.940425531966156        6.7644213686400181E-002   4.2554440673171261E-002 -0.13279521675038677        6.7659100595193048E-009   5.7718212710154768     
   42.076595744732273        6.7651695078569982E-002   4.2492200361536822E-002 -0.13280502297361857        6.9956077880968380E-009   5.7380751894071746     
   42.212765957498398        6.7649481682638721E-002   4.2437594187371148E-002 -0.13280530190080531        7.7031198774337152E-009   5.6957919589955806     
   42.348936170264523        6.7629085325440277E-002   4.2401377115051417E-002 -0.13278165198270159        8.0409850063866921E-009   5.6751508618976167     
   42.485106383030647        6.7592086349492986E-002   4.2388946548125271E-002 -0.13274428070603556        8.2155561147935741E-009   5.6796155114502636     
   42.621276595796772        6.7536338073813457E-002   4.2369534767594454E-002 -0.13269194931458234        8.2566488439152632E-009   5.6861570531821801     
   42.757446808562896        6.7475156731314476E-002   4.2319268239023218E-002 -0.13262776123879688        8.0981051074692817E-009   5.6664358111897686     
   42.893617021329021        6.7420062392542543E-002   4.2262648777995813E-002 -0.13256121183894687        7.9053679810728719E-009   5.6366312646511005     
   43.029787234095146        6.7365503667252497E-002   4.2197422490188638E-002 -0.13249034168611615        8.0122024812438708E-009   5.6558306209820488     
   43.165957446861270        6.7307210120941013E-002   4.2121312782339042E-002 -0.13241746664531406        7.9147375746225430E-009   5.6787325121660546     
   43.302127659627388        6.7231188121304644E-002   4.2061977011378343E-002 -0.13232407317751746        7.6084149812224584E-009   5.7011330272614442     
   43.438297872393512        6.7135396392699567E-002   4.1996051909021836E-002 -0.13220205904595830        7.6072452747131982E-009   5.6801789492532233     
   43.574468085159637        6.7025854112482811E-002   4.1931069973713722E-002 -0.13205567836424009        7.6706594509931737E-009   5.6417069879707737     
   43.710638297925762        6.6905620262319471E-002   4.1856127930336107E-002 -0.13188362832252742        7.3817224329849936E-009   5.5629272436846700     
   43.846808510691886        6.6781433022551309E-002   4.1782183821660476E-002 -0.13169045721706846        7.3501540437047129E-009   5.4987987157864859     
   43.982978723458011        6.6657611163417563E-002   4.1703542091999876E-002 -0.13148039499595782        7.6230075916781782E-009   5.4837650263692366     
   44.119148936224136        6.6515883208102922E-002   4.1652903164748435E-002 -0.13123130018481000        7.5782618326520258E-009   5.5064435117067436     
   44.255319148990260        6.6341160217330497E-002   4.1609970461694505E-002 -0.13093663122259530        7.1840018756573507E-009   5.5200191481920777     
   44.391489361756385        6.6160676144517899E-002   4.1580563948992705E-002 -0.13064263339986143        6.6932936864213109E-009   5.5414798076719602     
   44.527659574522509        6.5998206036662815E-002   4.1560097727033243E-002 -0.13038322284637827        6.6287059998538512E-009   5.5602966745814051     
   44.663829787288627        6.5865097445044846E-002   4.1527464036025960E-002 -0.13017275280306656        6.7232767923658349E-009   5.5189106222373745     
   44.800000000054752        6.5757676990069971E-002   4.1512766247341938E-002 -0.13000124817505584        6.8790740928148813E-009   5.5017268743107115     
   44.936170212820876        6.5642924105551351E-002   4.1514847223982417E-002 -0.12981718822107804        6.9714685111180309E-009   5.5234253960981032     
   45.072340425587001        6.5502395707441735E-002   4.1507198396618546E-002 -0.12959621524538623        6.6258472423286536E-009   5.5453486151882707     
   45.208510638353125        6.5344199101985287E-002   4.1487960994881785E-002 -0.12935450229387097        6.0888745905553325E-009   5.5913992813870115     
   45.344680851119250        6.5186236085474802E-002   4.1441418375779755E-002 -0.12912309278418996        5.5160840647481397E-009   5.6089656606498419     
   45.480851063885375        6.5044083802888647E-002   4.1384617997866129E-002 -0.12892403015904946        5.2626402239393473E-009   5.5835279616630782     
   45.617021276651499        6.4923431361100847E-002   4.1349741517024037E-002 -0.12876635607027109        5.1179416961095135E-009   5.6106805931195165     
   45.753191489417624        6.4829275500842484E-002   4.1305068192118100E-002 -0.12865347477914546        5.2321027491539975E-009   5.5648189549862259     
   45.889361702183741        6.4768585657734912E-002   4.1247227151704383E-002 -0.12857644872333110        5.6888260477777260E-009   5.4923426289663757     
   46.025531914949866        6.4728007471643714E-002   4.1204573809459258E-002 -0.12850782546359657        6.2486798315227984E-009   5.4771689715475178     
   46.161702127715991        6.4699264439428694E-002   4.1180112766736138E-002 -0.12844079633253613        6.2445386559407872E-009   5.5004360232213516     
   46.297872340482115        6.4679560495909560E-002   4.1165668253582768E-002 -0.12837345775165548        6.0887101641063132E-009   5.5246727863403500     
   46.434042553248240        6.4688750069265083E-002   4.1128411103812115E-002 -0.12832911124947011        6.3586098886723627E-009   5.4903626702080484     
   46.570212766014365        6.4738185420946101E-002   4.1119444134732328E-002 -0.12832540172794504        6.1868229532122145E-009   5.5022235205739163     
   46.706382978780489        6.4804766971828215E-002   4.1141057360268241E-002 -0.12833588204192409        6.0977356272799951E-009   5.5050058063520551     
   46.842553191546614        6.4885398900128136E-002   4.1136545526100084E-002 -0.12836608416053061        6.4268336696893447E-009   5.4806937518448509     
   46.978723404312738        6.4990928702249859E-002   4.1090415562211956E-002 -0.12843677359091155        6.6965175056617812E-009   5.4481448236914423     
   47.114893617078863        6.5112659666081957E-002   4.1051258751482668E-002 -0.12853698457308999        6.8684537251667275E-009   5.4354939189270279     
   47.251063829844981        6.5232152921713943E-002   4.0995258108602793E-002 -0.12864358326352615        7.1999780845656456E-009   5.4386933505724828     
   47.387234042611105        6.5344038094715159E-002   4.0906374361782682E-002 -0.12874088088258301        7.2458182832501749E-009   5.4086551065005910     
   47.523404255377230        6.5443485334470891E-002   4.0836037840566802E-002 -0.12881904097929570        7.3648038230539948E-009   5.3957174691763923     
   47.659574468143354        6.5527836196452721E-002   4.0784057078543497E-002 -0.12888440993215725        7.9865411321621536E-009   5.3901664812259389     
   47.795744680909479        6.5604811099899296E-002   4.0752185390737987E-002 -0.12894872695216675        8.5309107356831126E-009   5.4139871549412373     
   47.931914893675604        6.5672834436487609E-002   4.0762070864299949E-002 -0.12901890814063557        8.5852673918333729E-009   5.4855696169486921     
   48.068085106441728        6.5726187897217736E-002   4.0786730021020852E-002 -0.12908619674878263        8.4340058570242679E-009   5.5331306424226332     
   48.204255319207853        6.5772207995143925E-002   4.0794524396371781E-002 -0.12913804385838162        8.4964209271350171E-009   5.5400494279441181     
   48.340425531973978        6.5818407854409525E-002   4.0770282098053071E-002 -0.12916798664120455        8.6665615949574425E-009   5.5205285062647391     
   48.476595744740095        6.5860836044305732E-002   4.0732524639255467E-002 -0.12918193987954296        8.7227284324723721E-009   5.5155427175357570     
   48.612765957506220        6.5888424504599946E-002   4.0680143023562855E-002 -0.12918373634664843        9.0108510425715063E-009   5.5054234178709356     
   48.748936170272344        6.5905756149537253E-002   4.0621570982990199E-002 -0.12918079290218257        9.2992515353226224E-009   5.5165551774970591     
   48.885106383038469        6.5915997457609829E-002   4.0566975892229629E-002 -0.12918572848813170        9.7511168894404422E-009   5.5233391286190106     
   49.021276595804594        6.5903971627975858E-002   4.0496067720698616E-002 -0.12916397996174117        9.9138424735643231E-009   5.5306905058496278     
   49.157446808570718        6.5868423983391031E-002   4.0443734572797513E-002 -0.12910318053582001        9.8319482297606234E-009   5.5492847977103565     
   49.293617021336843        6.5825432335871639E-002   4.0383854552066112E-002 -0.12903871893064817        9.5976369310558321E-009   5.5857794247816273     
   49.429787234102967        6.5776703690704000E-002   4.0303121893922524E-002 -0.12897768048712810        9.5136382835682214E-009   5.5302028326381780     
   49.565957446869092        6.5740251688628321E-002   4.0214132346115657E-002 -0.12894478985340063        9.0365913276639130E-009   5.5467589436446065     
   49.702127659635217        6.5738356793787006E-002   4.0129459594950505E-002 -0.12895998215899751        8.9468285068830151E-009   5.6072786035938060     
   49.838297872401334        6.5778864655966510E-002   4.0020521682286890E-002 -0.12902261312594407        9.0643894471365888E-009   5.5324951809185308     
   49.974468085167459        6.5856631222648024E-002   3.9954915402891283E-002 -0.12912958329784513        9.8182318644887559E-009   5.4798555368163413     
   50.110638297933583        6.5946953272837380E-002   3.9961109626331946E-002 -0.12926798473743722        1.0150673761758919E-008   5.6199419369835271     
   50.246808510699708        6.6027008748946542E-002   3.9964709021914742E-002 -0.12940715784616416        9.8140193575278860E-009   5.6309739206774267     
   50.382978723465833        6.6104483923472707E-002   3.9936454564513682E-002 -0.12953619283463153        1.0179532845421827E-008   5.5964667725435246     
   50.519148936231957        6.6179764189437898E-002   3.9944277540760985E-002 -0.12965308984791837        1.0299942318000139E-008   5.6392728193647539     
   50.655319148998082        6.6236658859813349E-002   3.9976236516547532E-002 -0.12976291717559524        1.0597377515067103E-008   5.7602114321121718     
   50.791489361764206        6.6286484350644034E-002   3.9954574619883311E-002 -0.12988435505046259        1.0127520814635752E-008   5.5957425446847280     
   50.927659574530331        6.6322329372206390E-002   3.9927240723892803E-002 -0.12998907661829268        9.8061731176808210E-009   5.6041860965213690     
   51.063829787296449        6.6342686929895131E-002   3.9894472750928264E-002 -0.13006071323640594        9.0104348430100291E-009   5.5959218948727383     
   51.200000000062573        6.6364487624387111E-002   3.9885408821139910E-002 -0.13012008067036440        8.0433494143031639E-009   5.5897552989007107     
   51.336170212828698        6.6392825461975571E-002   3.9890106507402406E-002 -0.13019227527470509        7.6636194346137593E-009   5.6004594464062993     
   51.472340425594822        6.6433766830870142E-002   3.9877088483390798E-002 -0.13029052762770885        7.8213035928082851E-009   5.6289844009353054     
   51.608510638360947        6.6489154726698529E-002   3.9866208129901902E-002 -0.13040065599331341        7.8572294619130138E-009   5.6664049530399074     
   51.744680851127072        6.6546108661769396E-002   3.9865663466965580E-002 -0.13049748111807619        7.7556962988166495E-009   5.7349037901844779     
   51.880851063893196        6.6591565268548952E-002   3.9871091871959613E-002 -0.13056016310216711        7.4931166447288540E-009   5.7351647080129009     
   52.017021276659321        6.6641312705613395E-002   3.9857691945490485E-002 -0.13061666369752045        7.7974902524290376E-009   5.6828715194040909     
   52.153191489425446        6.6700365632623035E-002   3.9867603656742301E-002 -0.13068483514500184        7.9987496757581840E-009   5.7744727442707307     
   52.289361702191570        6.6759490006373656E-002   3.9850210910336484E-002 -0.13074790680169837        8.2525925022214799E-009   5.8222727448234375     
   52.425531914957688        6.6813332449247184E-002   3.9816212246687813E-002 -0.13080900097336778        8.2565741725772412E-009   5.8165137931811532     
   52.561702127723812        6.6854181530156390E-002   3.9776992307062255E-002 -0.13087161248337675        8.2821593646573423E-009   5.7870075593686208     
   52.697872340489937        6.6894325636527918E-002   3.9747825848100764E-002 -0.13094264956570351        8.5333212654750653E-009   5.7314357034673264     
   52.834042553256062        6.6930231803016924E-002   3.9764246325128504E-002 -0.13101261299151284        8.4600752767324121E-009   5.7422596927353249     
   52.970212766022186        6.6956707962849485E-002   3.9798854058859426E-002 -0.13107211194684987        7.9553182632908126E-009   5.8451115750529699     
   53.106382978788311        6.6974634341034164E-002   3.9810290853643356E-002 -0.13111359264464958        7.3039353226932134E-009   5.8959862005373909     
   53.242553191554435        6.6992947847873366E-002   3.9773517348686373E-002 -0.13114138008564807        6.9705365412615899E-009   5.8641582861905075     
   53.378723404320560        6.7013798297946042E-002   3.9736510455563458E-002 -0.13115833271771218        6.8850443001375826E-009   5.8359207739712797     
   53.514893617086685        6.7025833346621114E-002   3.9710123005980875E-002 -0.13115995751142939        6.9292614927966434E-009   5.8504889674997402     
   53.651063829852802        6.7023160066239360E-002   3.9710965544776794E-002 -0.13114515633029145        7.4229902041146601E-009   5.8431603080058698     
   53.787234042618927        6.7017853881734563E-002   3.9726339860006468E-002 -0.13113279483494833        7.5480073321201228E-009   5.8634104106120928     
   53.923404255385051        6.7001513610636790E-002   3.9737817013017894E-002 -0.13110982898006121        7.3128342640060322E-009   5.9387378088125207     
   54.059574468151176        6.6977186796904925E-002   3.9700614589813069E-002 -0.13108110048394706        6.7011656636345378E-009   5.9481655922245311     
   54.195744680917301        6.6959711638047648E-002   3.9666947558472734E-002 -0.13106648857177169        6.1186019358171692E-009   5.9289684106507101     
   54.331914893683425        6.6950126182979519E-002   3.9612881777738668E-002 -0.13106864886290223        6.0737019047628956E-009   5.9492345081531068     
   54.468085106449550        6.6958003075466691E-002   3.9529816735045679E-002 -0.13109522253627726        5.8988830988881679E-009   5.9236515344326532     
   54.604255319215675        6.6981041993877194E-002   3.9492181625570347E-002 -0.13115020153423296        5.7649416611581787E-009   5.8695647409045550     
   54.740425531981799        6.7001788381178581E-002   3.9507335212777328E-002 -0.13121011610540223        5.8747696229093691E-009   5.9324592004163152     
   54.876595744747917        6.7014507722816585E-002   3.9527656878449606E-002 -0.13125557835430568        5.7559604931780266E-009   5.8877381518859764     
   55.012765957514041        6.7016259645080359E-002   3.9560394556835174E-002 -0.13128152556916939        6.1556912082317423E-009   5.9198280785616326     
   55.148936170280166        6.7005117194339062E-002   3.9589324928671621E-002 -0.13128010717367078        6.6228048984554973E-009   5.9971246680285173     
   55.285106383046291        6.6992643750558592E-002   3.9587497102922115E-002 -0.13125481648074125        6.9567349447362334E-009   6.0368199102103004     
   55.421276595812415        6.6992081915318233E-002   3.9566411946531148E-002 -0.13121810013191232        7.0020628352662620E-009   5.9585151499305340     
   55.557446808578540        6.6993367773872992E-002   3.9537242652485413E-002 -0.13116576737513175        7.4783817130336170E-009   6.0154155799345839     
   55.693617021344664        6.7002206910182993E-002   3.9489704495962556E-002 -0.13110809498417803        7.6239163845467714E-009   5.9591041071920294     
   55.829787234110789        6.7028258886056707E-002   3.9460226086117184E-002 -0.13107036610833478        8.0361820478941612E-009   5.9065395693606408     
   55.965957446876914        6.7058189905755045E-002   3.9451632860526484E-002 -0.13105041952936297        8.5303298395275967E-009   5.8855000303632030     
   56.102127659643038        6.7081493637766831E-002   3.9436037301039423E-002 -0.13105105748846049        8.6585318220578046E-009   5.8918330170545143     
   56.238297872409156        6.7097212278640309E-002   3.9426417059923079E-002 -0.13106257987296371        8.6744140340720708E-009   5.9035289219820664     
   56.374468085175280        6.7090611280758050E-002   3.9425159830181314E-002 -0.13106028364785707        8.7383062693547469E-009   5.8939797986515661     
   56.510638297941405        6.7064104125453036E-002   3.9405478855849926E-002 -0.13104979757368057        9.1015216520772804E-009   5.8800071971014649     
   56.646808510707530        6.7036970900714199E-002   3.9392464297700110E-002 -0.13105228452823894        9.3429250916662734E-009   5.9501933132231990     
   56.782978723473654        6.7016176417456788E-002   3.9393684469034476E-002 -0.13106946855010820        9.1651548275195142E-009   5.9841605859182767     
   56.919148936239779        6.7015861582737382E-002   3.9407947537128722E-002 -0.13111627981582397        9.1168016822340757E-009   5.9843299145136664     
   57.055319149005904        6.7037770543353262E-002   3.9390005976853451E-002 -0.13118687966483977        9.7187322769924973E-009   5.9652860962395096     
   57.191489361772028        6.7072526693160703E-002   3.9411281917338399E-002 -0.13125502008440498        9.6976200850149878E-009   5.9855368940825713     
   57.327659574538153        6.7109664285070092E-002   3.9474997454270473E-002 -0.13132589800330852        9.7805599160501100E-009   6.0732341397417526     
   57.463829787304270        6.7161782776874110E-002   3.9491001934371883E-002 -0.13142044293360261        9.7021352504655644E-009   5.9923702471920990     
   57.600000000070395        6.7248629311878430E-002   3.9512813751965095E-002 -0.13156036097790530        9.9529002074253269E-009   5.9674846105057524     
   57.736170212836520        6.7358075666155537E-002   3.9568573084398366E-002 -0.13174150041454863        1.0573807598037688E-008   5.9808321870549914     
   57.872340425602644        6.7475405350049186E-002   3.9620935027404186E-002 -0.13194885474915605        1.1356324895030150E-008   5.9124226320418041     
   58.008510638368769        6.7573068578855935E-002   3.9694417029744307E-002 -0.13213926324769151        1.1632078945425459E-008   5.9483920286458796     
   58.144680851134893        6.7630584309141539E-002   3.9758083865702690E-002 -0.13227674974335807        1.1955285333986790E-008   5.9789836042196773     
   58.280851063901018        6.7669223461036279E-002   3.9775640835827755E-002 -0.13238746742423330        1.1708363092661093E-008   5.9506018895691595     
   58.417021276667143        6.7714586381460010E-002   3.9796205319732575E-002 -0.13250742245981206        1.1219703485558352E-008   5.9605326151165494     
   58.553191489433267        6.7774214454255827E-002   3.9851380334042584E-002 -0.13264613015422771        1.0751881138231821E-008   5.9758532282311885     
   58.689361702199392        6.7834151224271638E-002   3.9918580425042156E-002 -0.13277735099155968        1.0466521738478589E-008   6.0022597659097876     
   58.825531914965509        6.7894217303712742E-002   3.9948106107068455E-002 -0.13290036349426657        1.0622363506678793E-008   5.9008501069515429     
   58.961702127731634        6.7954399010451652E-002   3.9987747062686693E-002 -0.13302472185975198        1.0346729546597511E-008   5.8975635036500700     
   59.097872340497759        6.7989609435571044E-002   4.0055518014146842E-002 -0.13311882461077906        9.9662726911854879E-009   5.9502848162790629     
   59.234042553263883        6.7997056857327279E-002   4.0081449911066346E-002 -0.13317598084729376        9.9387257426014534E-009   5.9128633927747494     
   59.370212766030008        6.7997165720441274E-002   4.0099762960045728E-002 -0.13321710109770829        9.6646570699732452E-009   5.9380467883212216     
   59.506382978796132        6.7997632845607447E-002   4.0144919451520940E-002 -0.13324983513478114        9.5164685922897084E-009   5.9439441533080810     
   59.642553191562257        6.7982284124448622E-002   4.0212625564921077E-002 -0.13325141824887915        9.5540409063560084E-009   5.9314486930087265     
   59.778723404328382        6.7933798964752393E-002   4.0286372943243415E-002 -0.13319985665548867        9.6732157660082478E-009   5.9294419647653358     
   59.914893617094506        6.7863476903692765E-002   4.0324983277373376E-002 -0.13311959259545902        9.5931899210074986E-009   5.9047340772122583     
   60.051063829860624        6.7787146364430326E-002   4.0348003547824238E-002 -0.13304389318215770        9.3342885881471177E-009   5.8201174302266478     
   60.187234042626748        6.7711734766878251E-002   4.0397528519841526E-002 -0.13299309676942384        8.9475782268149948E-009   5.8013603888239098     
   60.323404255392873        6.7641231558534479E-002   4.0447558837667284E-002 -0.13297039079736511        8.9019199723108125E-009   5.8273112815707826     
   60.459574468158998        6.7585667783516032E-002   4.0484719061774914E-002 -0.13296777462005255        8.7809536997447861E-009   5.8151211668224541     
   60.595744680925122        6.7547577536162196E-002   4.0535388828548277E-002 -0.13297553139813939        9.0302629281168185E-009   5.7833383449368130     
   60.731914893691247        6.7509990295587269E-002   4.0580531385591381E-002 -0.13296241290351105        9.2220934992880951E-009   5.8328283550297630     
   60.868085106457372        6.7465863280328747E-002   4.0578653698970166E-002 -0.13291870135465106        9.2259306252195875E-009   5.8791741464563225     
   61.004255319223496        6.7421278556989178E-002   4.0590258703985423E-002 -0.13286425680587569        9.2335737492445202E-009   5.8884715882344274     
   61.140425531989621        6.7368911618303398E-002   4.0599547753076441E-002 -0.13279855994503081        9.8545435024041786E-009   5.8104461202579110     
   61.276595744755745        6.7308502340920492E-002   4.0630216398318660E-002 -0.13272999380471251        9.5803806327144019E-009   5.8540513003223262     
   61.412765957521863        6.7234599133449993E-002   4.0662523467508940E-002 -0.13264995297417922        9.1220842640134042E-009   5.9153958725799534     
   61.548936170287988        6.7165496011645315E-002   4.0645380332188841E-002 -0.13257520186620847        8.8947189159410816E-009   5.8331069655394767     
   61.685106383054112        6.7135619716775105E-002   4.0626643089237732E-002 -0.13255295342545048        8.7138064640153560E-009   5.7921930934730099     
   61.821276595820237        6.7148723346664621E-002   4.0620830024590722E-002 -0.13258720388374912        8.7795289360840538E-009   5.7610817891724135     
   61.957446808586361        6.7202986735625816E-002   4.0595340023700986E-002 -0.13268028442059637        8.8898632179383495E-009   5.7189514277123514     
   62.093617021352486        6.7277357250878453E-002   4.0596579427280233E-002 -0.13281186004745771        8.9181211061978159E-009   5.7732645526673920     
   62.229787234118611        6.7351588030121992E-002   4.0613582960728485E-002 -0.13295665995012396        9.0015988072646224E-009   5.7780950805950262     
   62.365957446884735        6.7412586912253686E-002   4.0640948521269774E-002 -0.13308920088551413        9.2599794340485506E-009   5.7503481707118853     
   62.502127659650860        6.7439103302238956E-002   4.0691540975047014E-002 -0.13316787942020797        9.2564523311953803E-009   5.7973657531140921     
   62.638297872416977        6.7435503873864960E-002   4.0736891001260593E-002 -0.13319371562741977        9.0627900019037040E-009   5.7882684690329800     
   62.774468085183102        6.7428841999116196E-002   4.0776021332145883E-002 -0.13321143670383670        8.8382859454219363E-009   5.7765292746700512     
   62.910638297949227        6.7431973998310704E-002   4.0802388236436948E-002 -0.13324235735518358        8.8038136321240628E-009   5.7770676721382124     
   63.046808510715351        6.7444829798166364E-002   4.0822105069505663E-002 -0.13327669970636080        8.7679668801288293E-009   5.7541692054267930     
   63.182978723481476        6.7478892297304624E-002   4.0829386779270192E-002 -0.13332594881759041        8.8868883979840843E-009   5.7228576673132894     
   63.319148936247601        6.7536579480603737E-002   4.0850104795174202E-002 -0.13340688154909161        9.2588914116980847E-009   5.7705911017387503     
   63.455319149013725        6.7606928238872877E-002   4.0867584659489288E-002 -0.13351175692875022        9.5988387171652686E-009   5.7169292855107212     
   63.591489361779850        6.7684660545892880E-002   4.0892953624638594E-002 -0.13362766643038004        9.6427652300699098E-009   5.6863015844923446     
   63.727659574545974        6.7760748590096551E-002   4.0947456312515292E-002 -0.13375135156753454        9.6007807266303261E-009   5.7418104174036610     
   63.863829787312099        6.7838313127281100E-002   4.0986744798558593E-002 -0.13388729506397137        9.1639756603729920E-009   5.7304002697547398     
   64.000000000078217        6.7924417746996812E-002   4.1022165050839089E-002 -0.13404163427382815        8.8485465770191075E-009   5.7585304483768711     
   64.136170212844348        6.8024473441728725E-002   4.1065396276444906E-002 -0.13421817607434056        9.2804006715429336E-009   5.7212484883862667     
   64.272340425610466        6.8124780772832988E-002   4.1104833519552977E-002 -0.13439591871428147        9.7296037889653622E-009   5.7651450861143489     
   64.408510638376598        6.8208156387964541E-002   4.1124359290572871E-002 -0.13455373145719404        9.6707704997692355E-009   5.7400801504554417     
   64.544680851142715        6.8278961126921903E-002   4.1104873004279056E-002 -0.13470138428812389        9.5767549928353337E-009   5.7223417325522892     
   64.680851063908833        6.8342737280227925E-002   4.1066250652189482E-002 -0.13483806790816533        9.0283444016590501E-009   5.6705264802363704     
   64.817021276674964        6.8388148519569786E-002   4.1040624699208411E-002 -0.13494449002619441        8.7625703192884812E-009   5.6375853168225740     
   64.953191489441082        6.8430437752951809E-002   4.1037603573447830E-002 -0.13505034286162010        8.8051727389479238E-009   5.5816301929427805     
   65.089361702207214        6.8480865895185886E-002   4.1059547066180313E-002 -0.13517667838933639        9.1992978697873795E-009   5.5662695159654643     
   65.225531914973331        6.8541895763232732E-002   4.1078351210086225E-002 -0.13531164989792452        9.3310422808393566E-009   5.5790375832595425     
   65.361702127739463        6.8608873535084422E-002   4.1125073719765280E-002 -0.13544171606987854        9.1459897896757649E-009   5.6235575372160174     
   65.497872340505580        6.8673416279461538E-002   4.1181933480267198E-002 -0.13555961780937342        9.5225355811597070E-009   5.6300422799741190     
   65.634042553271712        6.8725440472455129E-002   4.1243129876495095E-002 -0.13565138206492733        9.5894859752553735E-009   5.6555240466219452     
   65.770212766037830        6.8764792754415188E-002   4.1319774122160993E-002 -0.13572499410713837        9.7341246455180762E-009   5.6823897588648515     
   65.906382978803947        6.8800411258092414E-002   4.1386533298099139E-002 -0.13579211279298325        9.4631995804361967E-009   5.6887373893141131     
   66.042553191570079        6.8825440442748478E-002   4.1455028673655921E-002 -0.13584299902690411        8.7880020599855925E-009   5.6835988025402644     
   66.178723404336196        6.8847835676887376E-002   4.1503773889158400E-002 -0.13588878532891349        8.0326355159389493E-009   5.6335140800538346     
   66.314893617102328        6.8870427287067479E-002   4.1537068655097521E-002 -0.13592364988786043        7.3847039899227278E-009   5.5694323456020420     
   66.451063829868446        6.8905331863024236E-002   4.1581967438793298E-002 -0.13596355520483569        7.2168498470672588E-009   5.5330026350307264     
   66.587234042634577        6.8970549454893781E-002   4.1641482015827506E-002 -0.13603786930370185        7.5193821671111438E-009   5.5346977417838152     
   66.723404255400695        6.9067729405604239E-002   4.1724419018907229E-002 -0.13615158038869105        8.1134432731290033E-009   5.5478547818910116     
   66.859574468166826        6.9167258041421084E-002   4.1800578675307357E-002 -0.13626482082453018        8.3854081144781850E-009   5.5725412740927300     
   66.995744680932944        6.9257476405266638E-002   4.1873804898838345E-002 -0.13636433347053506        8.2365756887313615E-009   5.5335821504484164     
   67.131914893699076        6.9351397227389699E-002   4.1953547134585566E-002 -0.13646631413165575        8.0401131975794570E-009   5.5549805146619562     
   67.268085106465193        6.9442424224356855E-002   4.2034157863682566E-002 -0.13656541703086583        7.9290670338224980E-009   5.5715108060051888     
   67.404255319231311        6.9538512686022944E-002   4.2089295835123990E-002 -0.13667908810310711        8.0940746074882413E-009   5.5745298048460308     
   67.540425531997442        6.9649014102299470E-002   4.2145519281092343E-002 -0.13681468819010806        8.1560093875980679E-009   5.5867868022777891     
   67.676595744763560        6.9753264143738739E-002   4.2226221420966679E-002 -0.13693519771784035        8.2993759245317478E-009   5.5903480757950934     
   67.812765957529692        6.9848194113383624E-002   4.2322490653359267E-002 -0.13703236151328241        8.3544006534858080E-009   5.6341770635761010     
   67.948936170295809        6.9933289229970649E-002   4.2425886300466911E-002 -0.13711547151008396        8.2948071855988093E-009   5.6820946064606073     
   68.085106383061941        7.0003864879637195E-002   4.2494771263206013E-002 -0.13718406582962836        8.0529910156713998E-009   5.6439236070921064     
   68.221276595828058        7.0072630967781421E-002   4.2545315441880914E-002 -0.13725257861450085        7.9945372713113179E-009   5.5839168318578558     
   68.357446808594190        7.0133416072694132E-002   4.2619200777705993E-002 -0.13732338476875805        8.1056354186570202E-009   5.6209463553743984     
   68.493617021360308        7.0191555919129303E-002   4.2668800728471790E-002 -0.13741498407029532        7.9521999109034216E-009   5.5848258411885485     
   68.629787234126425        7.0259584310632506E-002   4.2728883786231686E-002 -0.13753668499736696        7.7124348250597703E-009   5.5748959220039431     
   68.765957446892557        7.0343345425053147E-002   4.2788030085755067E-002 -0.13767605788227921        7.5662231067151628E-009   5.5895237989754305     
   68.902127659658674        7.0433166009601214E-002   4.2869421803311547E-002 -0.13781819334564055        7.5142650161556550E-009   5.6195168502704123     
   69.038297872424806        7.0500874036435179E-002   4.2949141654264687E-002 -0.13793510064695075        7.5567558935681043E-009   5.6506365827128775     
   69.174468085190924        7.0549450252199941E-002   4.2993613178854598E-002 -0.13803681545307328        7.1919680447954099E-009   5.6386727706431738     
   69.310638297957055        7.0579702468919772E-002   4.3024835970939451E-002 -0.13812467396319245        6.7339409696461156E-009   5.6309397358683411     
   69.446808510723173        7.0585074482765867E-002   4.3047158236499100E-002 -0.13817671182327035        6.2472507307536017E-009   5.6206865207162169     
   69.582978723489305        7.0585257991237826E-002   4.3056145066112647E-002 -0.13821432105850448        5.7499628539740428E-009   5.6015655130863360     
   69.719148936255422        7.0603410019715901E-002   4.3100977719123482E-002 -0.13827669397799935        5.4750120734715178E-009   5.6194489477727361     
   69.855319149021540        7.0631455257417833E-002   4.3161956556499841E-002 -0.13835620909062996        5.6788047661046487E-009   5.6083363271863833     
   69.991489361787671        7.0656979028016056E-002   4.3205944603612607E-002 -0.13843091121965945        5.9345873241730289E-009   5.5328696937945274     
   70.127659574553789        7.0669241192762605E-002   4.3287354223797030E-002 -0.13847941079603537        5.8932957707924124E-009   5.5457264961578980     
   70.263829787319921        7.0656160491952141E-002   4.3409841458725715E-002 -0.13849380489949242        5.9357466997193207E-009   5.6046566677343232     
   70.400000000086038        7.0627718355681615E-002   4.3490071485885580E-002 -0.13850021736676388        5.4826529058527921E-009   5.6243779924474842     
   70.536170212852170        7.0602653632982945E-002   4.3560444131133483E-002 -0.13852791366105474        4.7767024517789460E-009   5.6632960781262582     
   70.672340425618287        7.0595436952574322E-002   4.3615907380088859E-002 -0.13859204702162226        4.3414188496382741E-009   5.7163042850012182     
   70.808510638384419        7.0615398777724048E-002   4.3670048826846226E-002 -0.13868613027728866        4.3383116852711796E-009   5.6994427074517438     
   70.944680851150537        7.0647702770348361E-002   4.3763779966225533E-002 -0.13878795284380901        4.4896146120612409E-009   5.7989080867643050     
   71.080851063916654        7.0696621946748847E-002   4.3806317065811722E-002 -0.13891129059121793        4.3167160701213416E-009   5.7863951993721043     
   71.217021276682786        7.0768253462208872E-002   4.3818348838300422E-002 -0.13906263562040322        4.4416751568342456E-009   5.6945747887668503     
   71.353191489448903        7.0853021226698884E-002   4.3854503020915862E-002 -0.13922209192963964        4.6249581550801413E-009   5.6718631983436865     
   71.489361702215035        7.0936515049829132E-002   4.3916066018366895E-002 -0.13937167693657204        4.6510732995160149E-009   5.6764048012501078     
   71.625531914981153        7.0996260656189317E-002   4.3991185902716168E-002 -0.13948006162118304        4.8146166566840932E-009   5.7110546856599047     
   71.761702127747284        7.1036294725658519E-002   4.4042918719627663E-002 -0.13955401486047908        5.0882229787757347E-009   5.7066189491803314     
   71.897872340513402        7.1070108151270905E-002   4.4065223529357635E-002 -0.13961398697748156        5.4748618695240880E-009   5.6566191553642957     
   72.034042553279534        7.1098011631707356E-002   4.4086330765731818E-002 -0.13966182315835010        5.4603858795626786E-009   5.6242766971885381     
   72.170212766045651        7.1109294993197805E-002   4.4134001147855664E-002 -0.13969070400253403        5.3769717030868056E-009   5.6352825565895195     
   72.306382978811769        7.1106787873578894E-002   4.4159356219216281E-002 -0.13970741702546560        5.0672668723364191E-009   5.6254707575517751     
   72.442553191577900        7.1103940470111524E-002   4.4205236725971278E-002 -0.13972287629757540        4.3556596754666404E-009   5.6374858817108535     
   72.578723404344018        7.1108612700938531E-002   4.4274496656315096E-002 -0.13974159937978914        3.9172466149468754E-009   5.6546905273498407     
   72.714893617110150        7.1128764192683866E-002   4.4351500874879803E-002 -0.13977636853847406        3.5754669408244388E-009   5.6546282728529063     
   72.851063829876267        7.1159984791226483E-002   4.4439762796180053E-002 -0.13983611386566591        3.3721781217471913E-009   5.7290929713182024     
   72.987234042642399        7.1189153886864628E-002   4.4498627623860421E-002 -0.13991704909128599        3.4881660134866959E-009   5.8140000272004144     
   73.123404255408516        7.1228603929487405E-002   4.4484294380331794E-002 -0.14002196724046539        3.7346657995056622E-009   5.6713944123675324     
   73.259574468174648        7.1288464477975322E-002   4.4483916085042957E-002 -0.14014492120586494        3.6931913916959960E-009   5.6048602799453411     
   73.395744680940766        7.1346181325882302E-002   4.4545413331591205E-002 -0.14024741919452813        3.7219265018377376E-009   5.6372761206726381     
   73.531914893706897        7.1398861213220130E-002   4.4595528406599194E-002 -0.14032894152449121        4.1629175734135672E-009   5.6384163025894392     
   73.668085106473015        7.1444806550545123E-002   4.4620972645175325E-002 -0.14039353171188224        4.5829819350944821E-009   5.6386193648117109     
   73.804255319239132        7.1470659462585559E-002   4.4639315520727300E-002 -0.14043385239951689        4.8223685689425983E-009   5.6148521450548996     
   73.940425532005264        7.1465971218643870E-002   4.4661076389661443E-002 -0.14044213158374935        4.9444684064810956E-009   5.5730885261751375     
   74.076595744771382        7.1419775942483180E-002   4.4679923734986061E-002 -0.14039399478613951        4.5184337376365057E-009   5.6002630470781547     
   74.212765957537513        7.1347517109423789E-002   4.4682258214764597E-002 -0.14029661369510257        3.8852736313218491E-009   5.6254969461507107     
   74.348936170303631        7.1286125746343146E-002   4.4666996416437024E-002 -0.14018666975098523        3.5951653920922905E-009   5.6277550601422108     
   74.485106383069763        7.1260484286349263E-002   4.4630672442171455E-002 -0.14009715964473607        3.9709471625466815E-009   5.5767440670518482     
   74.621276595835880        7.1260306254882361E-002   4.4576351656348864E-002 -0.14002085193244229        4.5433001891945863E-009   5.5370820318383931     
   74.757446808602012        7.1252190954805131E-002   4.4588792836434750E-002 -0.13992531927332716        4.5596985251783801E-009   5.5126646510610842     
   74.893617021368129        7.1193089585593131E-002   4.4681533196066221E-002 -0.13976433236400651        4.5498216139860802E-009   5.5417685089110629     
   75.029787234134247        7.1077634952632016E-002   4.4752384196655802E-002 -0.13952792689430285        4.5381252038053485E-009   5.5818903008567453     
   75.165957446900379        7.0942292994874423E-002   4.4776644048844211E-002 -0.13926914801255527        4.3281376431077194E-009   5.5962206730400617     
   75.302127659666496        7.0805496998394862E-002   4.4764550564122395E-002 -0.13900533627237721        4.2370163607241034E-009   5.5496177820690251     
   75.438297872432628        7.0664591630824669E-002   4.4764838695789219E-002 -0.13872996261733175        4.3509808187139092E-009   5.4854795109182026     
   75.574468085198745        7.0525539624253369E-002   4.4796133223292477E-002 -0.13846956499114715        4.5974008632417365E-009   5.4910269815763995     
   75.710638297964877        7.0386182363127728E-002   4.4852424228255375E-002 -0.13822633436149312        4.7109611372742374E-009   5.4985521229044894     
   75.846808510730995        7.0249725189339501E-002   4.4898675491401002E-002 -0.13800132540212295        4.6078453679486639E-009   5.4920392316069782     
   75.982978723497126        7.0131439125237838E-002   4.4949249422368422E-002 -0.13781502573474727        4.4982713350770890E-009   5.4963333612301692     
   76.119148936263244        7.0034528692446488E-002   4.5024525495451231E-002 -0.13768320559921710        4.6947659059605136E-009   5.5352538165069429     
   76.255319149029361        6.9945823766592058E-002   4.5106113035025451E-002 -0.13758464303054713        5.0152432781043426E-009   5.5569284416595126     
   76.391489361795493        6.9848765456275483E-002   4.5182495074716313E-002 -0.13747853030276214        5.2070013257574608E-009   5.5955687042715399     
   76.527659574561611        6.9743498348124516E-002   4.5249559361271216E-002 -0.13734589671827857        4.9904082721871022E-009   5.5965681476580027     
   76.663829787327742        6.9631205887092623E-002   4.5291561066920581E-002 -0.13718080927917495        4.6811007298701691E-009   5.5722488544053403     
   76.800000000093860        6.9534786311242380E-002   4.5315599047408853E-002 -0.13701894802260592        4.6665728301018767E-009   5.5469920786939380     
   76.936170212859992        6.9454974841307845E-002   4.5357606636605111E-002 -0.13685994761450671        4.9195739474577094E-009   5.5472298735172254     
   77.072340425626109        6.9375441559976769E-002   4.5409087221042206E-002 -0.13669247295749171        4.9554510761622986E-009   5.5739607902926158     
   77.208510638392241        6.9281935114647669E-002   4.5468301410471104E-002 -0.13651847306217618        4.9392556311291499E-009   5.6101588459717773     
   77.344680851158358        6.9176681975159873E-002   4.5485754097446603E-002 -0.13634158519597173        5.1082258385061105E-009   5.5928807148683921     
   77.480851063924476        6.9074232036394498E-002   4.5470608995954835E-002 -0.13616360594667770        5.0961326554794039E-009   5.5611110195337927     
   77.617021276690608        6.8974940554283659E-002   4.5505982616966485E-002 -0.13599057802095627        4.7935699917716060E-009   5.5667614238191696     
   77.753191489456725        6.8889082604889754E-002   4.5549718219762302E-002 -0.13584821667670971        4.7735679976922884E-009   5.5598986392990639     
   77.889361702222857        6.8823944687426947E-002   4.5608297757908804E-002 -0.13574316292740002        4.4998639496892301E-009   5.5875664712303941     
   78.025531914988974        6.8770798805293271E-002   4.5712980358189666E-002 -0.13565487576762414        4.4947641761152392E-009   5.6028826442274964     
   78.161702127755106        6.8728383520712574E-002   4.5809317752093834E-002 -0.13557111553238410        4.6874784131176927E-009   5.6255958744196723     
   78.297872340521224        6.8701071203876640E-002   4.5888657214443865E-002 -0.13550736093892479        4.7736777062683731E-009   5.6600040086919510     
   78.434042553287355        6.8695452534984616E-002   4.5921002133480771E-002 -0.13547999447504955        4.7661700532998244E-009   5.6230383387674419     
   78.570212766053473        6.8694819535608673E-002   4.5951781097333423E-002 -0.13546526958400823        4.7697097578233716E-009   5.6078121246054380     
   78.706382978819605        6.8689387075754796E-002   4.6024163167009045E-002 -0.13545496587652278        4.5988675642384331E-009   5.6710769228741835     
   78.842553191585722        6.8693058935758000E-002   4.6084478820571456E-002 -0.13546303914176347        4.6786176417576057E-009   5.6605590416565477     
   78.978723404351840        6.8716833110033931E-002   4.6140304045389068E-002 -0.13549515088201328        4.6381646582341622E-009   5.7023650498519380     
   79.114893617117971        6.8755300116441792E-002   4.6181584288081348E-002 -0.13554071368878678        4.9741370715548778E-009   5.7505423024898068     
   79.251063829884089        6.8805619592669995E-002   4.6204781156425435E-002 -0.13558939657187491        5.4518052218267459E-009   5.7301530075690801     
   79.387234042650221        6.8848720792502496E-002   4.6257906877714965E-002 -0.13562238854925526        5.6294339681320932E-009   5.7217322388797411     
   79.523404255416338        6.8870760564359201E-002   4.6292690993730422E-002 -0.13562860870173216        5.6891098201876588E-009   5.6646804177997501     
   79.659574468182470        6.8885034925394037E-002   4.6321146227540577E-002 -0.13562734098730050        5.3895655519608683E-009   5.5862343007714026     
   79.795744680948587        6.8895423654997345E-002   4.6355564431541256E-002 -0.13562035040775453        5.3627455235326876E-009   5.6084842909131227     
   79.931914893714719        6.8912250889427110E-002   4.6386461681867872E-002 -0.13560864869847067        5.3562456547949384E-009   5.6193317339134872     
   80.068085106480837        6.8935160612694404E-002   4.6412204080938796E-002 -0.13559673053795290        5.4514240605879572E-009   5.6083942375586986     
   80.204255319246954        6.8959620982111197E-002   4.6438760538263832E-002 -0.13559722997251294        5.4142362686600570E-009   5.6198557818674173     
   80.340425532013086        6.8996253408206754E-002   4.6460557803418824E-002 -0.13563456412856295        5.0758969294012693E-009   5.6247291924902409     
   80.476595744779203        6.9038795637362121E-002   4.6461556462694065E-002 -0.13568731899824896        5.1269321898304009E-009   5.6291329680849973     
   80.612765957545335        6.9085679583479970E-002   4.6416217930633968E-002 -0.13574564753582480        5.2065141954768446E-009   5.5754733474130793     
   80.748936170311453        6.9133330897226036E-002   4.6410029565674582E-002 -0.13581721780439115        5.2881676008864593E-009   5.5548153995560048     
   80.885106383077584        6.9172406104186193E-002   4.6413294791760741E-002 -0.13590087761263270        5.6058457811309840E-009   5.5611538776418632     
   81.021276595843702        6.9218293683892040E-002   4.6393634373152734E-002 -0.13599957113897793        5.9025872400418281E-009   5.5670231504339842     
   81.157446808609834        6.9272144917324557E-002   4.6362096778762650E-002 -0.13609946304603265        6.1405526697267570E-009   5.5307382070435356     
   81.293617021375951        6.9303586261365471E-002   4.6363165028666005E-002 -0.13616393981494054        6.1692764140347752E-009   5.5183201026162347     
   81.429787234142069        6.9289438827869448E-002   4.6400966425475067E-002 -0.13615950974850094        6.0140815455689999E-009   5.5259359639084051     
   81.565957446908200        6.9240765141776378E-002   4.6428112113382707E-002 -0.13609739917682967        5.9377280562504622E-009   5.5029340318512494     
   81.702127659674318        6.9188375585418557E-002   4.6440681023449767E-002 -0.13602373690196143        6.0334894592314819E-009   5.4944472135654614     
   81.838297872440450        6.9144044577926972E-002   4.6461608037197323E-002 -0.13596429104069871        5.9945440626137867E-009   5.5009983546483969     
   81.974468085206567        6.9097351199526355E-002   4.6477770004189525E-002 -0.13590670505001196        5.7655925351234529E-009   5.4970979988748097     
   82.110638297972699        6.9051205803829910E-002   4.6456201205963187E-002 -0.13584301531375659        5.8546756418584196E-009   5.4401572917427012     
   82.246808510738816        6.9008770679225867E-002   4.6437792475461974E-002 -0.13577682579202899        5.8789995371402944E-009   5.4538911032140502     
   82.382978723504948        6.8958731259947059E-002   4.6430422168519649E-002 -0.13568841261617642        5.9721560791528489E-009   5.5101602538330612     
   82.519148936271066        6.8912971607225149E-002   4.6376405348306615E-002 -0.13558932858890166        5.6757869386306272E-009   5.4962338204870917     
   82.655319149037183        6.8890619815126675E-002   4.6327866143986339E-002 -0.13551981793950207        5.5408818574168481E-009   5.4308357253131261     
   82.791489361803315        6.8892256524829595E-002   4.6300525598046878E-002 -0.13549297620638662        5.6939637543134859E-009   5.4100106832745469     
   82.927659574569432        6.8904968999424984E-002   4.6328415945173708E-002 -0.13550250758167259        5.7995999998464444E-009   5.4212042631802140     
   83.063829787335564        6.8913320162801606E-002   4.6370018219868026E-002 -0.13552173204799101        5.9088155878876002E-009   5.4552349785590408     
   83.200000000101682        6.8912308486263771E-002   4.6390662701365194E-002 -0.13553878793543750        6.1544645331169485E-009   5.4873563135582311     
   83.336170212867813        6.8910960809205848E-002   4.6376650421818287E-002 -0.13556570643762372        6.3687139840739869E-009   5.4666243404385328     
   83.472340425633931        6.8904642048547141E-002   4.6391711923396188E-002 -0.13558778368320715        6.4760583134037653E-009   5.4678385474913647     
   83.608510638400062        6.8882758153941195E-002   4.6440481290585284E-002 -0.13558026635875067        6.4228515989527295E-009   5.5061718343288852     
   83.744680851166180        6.8847001877115399E-002   4.6481901541137828E-002 -0.13554382929602665        6.2512238670127505E-009   5.5214819117637290     
   83.880851063932312        6.8801200199205437E-002   4.6521791520419589E-002 -0.13549666083948256        5.9214755091125375E-009   5.5535714609484730     
   84.017021276698429        6.8734738166608744E-002   4.6541921241302131E-002 -0.13542638593907297        5.9436790871872904E-009   5.5301745946589103     
   84.153191489464547        6.8648702116020602E-002   4.6562425726511182E-002 -0.13531803082421712        5.9712232081093381E-009   5.5590010425934473     
   84.289361702230678        6.8560858012964382E-002   4.6561172420278976E-002 -0.13519272899816959        6.1000544965263874E-009   5.5806181238678354     
   84.425531914996796        6.8487127209944945E-002   4.6511821852800721E-002 -0.13508320403452434        6.0807860223951074E-009   5.5135702624924461     
   84.561702127762928        6.8419695962543881E-002   4.6508241882364847E-002 -0.13498601117686260        6.0707777755973701E-009   5.5198420800301484     
   84.697872340529045        6.8343531771615645E-002   4.6490780419008136E-002 -0.13488010035520070        6.2148570965056645E-009   5.5458292395282243     
   84.834042553295177        6.8266294322652868E-002   4.6478915482794037E-002 -0.13477447698567641        5.9939491471131017E-009   5.5329324592757070     
   84.970212766061294        6.8177877269170933E-002   4.6528049761294758E-002 -0.13466050018598053        5.6834150390756973E-009   5.5902852159194021     
