                    0                    0                    0                    0
  0.25196850393700804        6.7772849093976819E-003   2.0577257818215237E-002  -6.2027948445777231E-003  -6.4540374992085666E-009   2.9311528462541103     
  0.50393700787401607        2.0798066881737805E-002   2.0144611960063095E-002  -1.9497556447191554E-002  -2.1328859450814675E-008   2.9612008254496933     
  0.75590551181102406        3.4381936448125171E-002   1.9659609812308618E-002  -3.2337262468978403E-002  -3.5683349753262262E-008   3.0401631695083404     
   1.0078740157480321        4.7161716646308596E-002   1.9247617065900720E-002  -4.4230025112384649E-002  -4.9094289017718254E-008   3.1570034144547678     
   1.2598425196850402        5.8868265277806822E-002   1.9027736992949705E-002  -5.4792005622377279E-002  -5.9363048754358856E-008   3.2801179570314041     
   1.5118110236220481        6.9333666784063622E-002   1.9062540279183030E-002  -6.3772926366648705E-002  -6.4179450116640857E-008   3.3793844562258162     
   1.7637795275590562        7.8484648770871565E-002   1.9373598412945180E-002  -7.1075350313200669E-002  -6.4137259256099313E-008   3.4714979735562319     
   2.0157480314960643        8.6318727236710607E-002   1.9982558344010120E-002  -7.6751786524378654E-002  -6.1455412901161875E-008   3.5978643162296824     
   2.2677165354330722        9.2847629841741955E-002   2.0872328363451674E-002  -8.0946133729076733E-002  -5.6743546027345945E-008   3.7705243964051021     
   2.5196850393700805        9.8100980104344801E-002   2.1950274635241879E-002  -8.3895633055263999E-002  -5.1041098785454054E-008   3.9535087825027087     
   2.7716535433070884       0.10221159408800609        2.3103930469549231E-002  -8.5994038545540316E-002  -4.5360719720967854E-008   4.0888329612240506     
   3.0236220472440962       0.10534168739140953        2.4279323835766912E-002  -8.7605859712229089E-002  -4.0723125812680027E-008   4.2177200796899132     
   3.2755905511811045       0.10759390153414314        2.5453437338916980E-002  -8.8851739896487619E-002  -3.5743775947192082E-008   4.2910133406387034     
   3.5275590551181124       0.10906021487336937        2.6613431758466019E-002  -8.9754528741289669E-002  -3.0757453908803967E-008   4.3937289246298574     
   3.7795275590551207       0.10985056971846253        2.7743821886307588E-002  -9.0280967522417571E-002  -2.8741442759628866E-008   4.5575237950603427     
   4.0314960629921286       0.11010666983222496        2.8757665923310919E-002  -9.0375620705779314E-002  -2.7635748836365473E-008   4.4900973113463225     
   4.2834645669291369       0.10994615077038672        2.9742587280235152E-002  -9.0051961394007701E-002  -2.5079413189391718E-008   4.5573042706394595     
   4.5354330708661443       0.10942773474670481        3.0745948728045206E-002  -8.9400673868376024E-002  -2.4237831800649050E-008   4.6545921417609959     
   4.7874015748031526       0.10858614705496279        3.1738772616792595E-002  -8.8483730567967878E-002  -2.3931509310613164E-008   4.6488643501336124     
   5.0393700787401610       0.10752427176762200        3.2769711848618162E-002  -8.7529232878535229E-002  -2.3317826255467726E-008   4.8134085464404368     
   5.2913385826771684       0.10633946863725487        3.3761841935183987E-002  -8.6607707103755760E-002  -2.2415320608097932E-008   4.9069459295690168     
   5.5433070866141767       0.10506511556787118        3.4712836441703150E-002  -8.5638490414006604E-002  -2.2278475792638462E-008   5.0621479711788053     
   5.7952755905511850       0.10371184348094248        3.5587479520131200E-002  -8.4708981621199733E-002  -2.1493724521267598E-008   5.0405536063635195     
   6.0472440944881924       0.10228745043718637        3.6423236728427684E-002  -8.3880744844684052E-002  -2.0098330467934383E-008   5.0641316563183567     
   6.2992125984252008       0.10086034001000203        3.7199560180912826E-002  -8.3091339070758330E-002  -1.9465233553677232E-008   5.1322830454324055     
   6.5511811023622091        9.9507854363214271E-002   3.7930535934140627E-002  -8.2434794757904564E-002  -1.9134009969750906E-008   5.1352052961790271     
   6.8031496062992174        9.8245342550421069E-002   3.8654246881103693E-002  -8.1926083717014792E-002  -1.8441413634003197E-008   5.1875598793334250     
   7.0551181102362248        9.7066038231001087E-002   3.9304161439367949E-002  -8.1425456248947856E-002  -1.8257224740986571E-008   5.3184388282557347     
   7.3070866141732331        9.5986911484354273E-002   3.9919823605592993E-002  -8.0843581402358797E-002  -1.7310661125408108E-008   5.3489399720061552     
   7.5590551181102414        9.4898468577057735E-002   4.0498464489201837E-002  -8.0063702526248740E-002  -1.6828879316506175E-008   5.3555089950220616     
   7.8110236220472489        9.3814896104766746E-002   4.0976806533753955E-002  -7.9099523123409191E-002  -1.7164845046236305E-008   5.3340880054364916     
   8.0629921259842572        9.2851642682795693E-002   4.1389221190523670E-002  -7.8207517855564068E-002  -1.7385040641532566E-008   5.3684600718335407     
   8.3149606299212646        9.1999967686594977E-002   4.1745582121540212E-002  -7.7424344513032678E-002  -1.7492901357071753E-008   5.4519684655814515     
   8.5669291338582738        9.1212899050813590E-002   4.2036912410502551E-002  -7.6789636374216055E-002  -1.6274831981713112E-008   5.3403836727991933     
   8.8188976377952812        9.0460389606357536E-002   4.2340159191226703E-002  -7.6340936050782085E-002  -1.4579382250501865E-008   5.2379369833578444     
   9.0708661417322887        8.9641581742408924E-002   4.2544626360862613E-002  -7.5925765392280825E-002  -1.4494222193998221E-008   5.2149946980882209     
   9.3228346456692979        8.8760457233438436E-002   4.2636718522391780E-002  -7.5485088502130968E-002  -1.4214807654629494E-008   5.1744299651115817     
   9.5748031496063053        8.7931132019980401E-002   4.2685588667109191E-002  -7.5038086916534630E-002  -1.3990431274586246E-008   5.1095940201158099     
   9.8267716535433127        8.7118674569486881E-002   4.2737145158027068E-002  -7.4459602148655990E-002  -1.3884494311718220E-008   5.1550956963235102     
   10.078740157480322        8.6361428059296100E-002   4.2688141066468240E-002  -7.3707124679251973E-002  -1.4334657864678037E-008   5.1278132943660664     
   10.330708661417329        8.5682884135906134E-002   4.2654999421255758E-002  -7.3001672430038536E-002  -1.3837784550062051E-008   5.0719656830262574     
   10.582677165354337        8.5053015522282782E-002   4.2662127521591743E-002  -7.2305459018509835E-002  -1.3381970981623353E-008   5.0124808649942771     
   10.834645669291346        8.4473149820171387E-002   4.2732369167696606E-002  -7.1666369633182847E-002  -1.3584166479761912E-008   5.0070011298639567     
   11.086614173228353        8.3996396995844283E-002   4.2786104758284954E-002  -7.1277518499600498E-002  -1.3719660832015022E-008   5.0156360922911896     
   11.338582677165361        8.3588579817032521E-002   4.2754633722227903E-002  -7.0967106982901346E-002  -1.3402480540020706E-008   4.9262660163528009     
   11.590551181102370        8.3219173843835384E-002   4.2630643113226875E-002  -7.0710615495493317E-002  -1.3389666298924479E-008   4.9327066704037437     
   11.842519685039377        8.2893693168436033E-002   4.2519293274453043E-002  -7.0474225044871955E-002  -1.3926562053595775E-008   4.9573989297034897     
   12.094488188976385        8.2662873293226080E-002   4.2347067736809706E-002  -7.0293913125050261E-002  -1.4131590894022961E-008   4.9890976073243234     
   12.346456692913394        8.2587261273722873E-002   4.2061791039812980E-002  -7.0349118044587586E-002  -1.4158641221115904E-008   4.9557641691018040     
   12.598425196850402        8.2579813906958746E-002   4.1807330426006109E-002  -7.0525135898066527E-002  -1.3692060211322516E-008   4.9266385121219125     
   12.850393700787411        8.2592113706254217E-002   4.1575016685420775E-002  -7.0681538431709379E-002  -1.3206879258849930E-008   4.9047212424990319     
   13.102362204724418        8.2596130890380551E-002   4.1320837302589682E-002  -7.0762687570579394E-002  -1.3288211621905616E-008   4.9339064240265058     
   13.354330708661426        8.2565202644757932E-002   4.1015038292721781E-002  -7.0908017422308761E-002  -1.3229113991654026E-008   4.9353911883136963     
   13.606299212598435        8.2479255694705142E-002   4.0663185864642494E-002  -7.1220373755132863E-002  -1.2983448149851931E-008   4.8935060476655501     
   13.858267716535442        8.2382114780328891E-002   4.0251166504779855E-002  -7.1474200564671728E-002  -1.2898957592731992E-008   4.9008274559458256     
   14.110236220472450        8.2241557325864675E-002   3.9857157271547532E-002  -7.1529817082100433E-002  -1.2961838408436844E-008   4.8953458331878545     
   14.362204724409459        8.1985423806320956E-002   3.9543112434124887E-002  -7.1447856758136627E-002  -1.3380377917645989E-008   4.9448448771442539     
   14.614173228346466        8.1639875144538104E-002   3.9159192260557439E-002  -7.1215780739205592E-002  -1.3408873807568578E-008   4.8534390228357678     
   14.866141732283474        8.1284752687814696E-002   3.8844173514341600E-002  -7.0971821493283752E-002  -1.3502327738443597E-008   4.8553730965283739     
   15.118110236220483        8.1011164974433614E-002   3.8444264033592621E-002  -7.0928686210091088E-002  -1.3497195214815161E-008   4.7677625352636621     
   15.370078740157490        8.0849353176165775E-002   3.7957860509935222E-002  -7.0977109015057230E-002  -1.3698390258436629E-008   4.7635845629588243     
   15.622047244094498        8.0749150206977038E-002   3.7430774585893091E-002  -7.0912056732548523E-002  -1.4346977172107139E-008   4.7939704293687520     
   15.874015748031507        8.0580981455688455E-002   3.6930661546484403E-002  -7.0619788571986475E-002  -1.4985684793984489E-008   4.7983098325064129     
   16.125984251968514        8.0275396863414131E-002   3.6466690915800161E-002  -7.0129407292561161E-002  -1.5034304215836246E-008   4.7871406123849622     
   16.377952755905522        7.9952760686943042E-002   3.6048066836907464E-002  -6.9671636664913522E-002  -1.5236817866756782E-008   4.7968975712282260     
   16.629921259842529        7.9637382167311477E-002   3.5633142620539598E-002  -6.9279587654197061E-002  -1.5641429236689678E-008   4.8086925473869373     
   16.881889763779540        7.9268455296202495E-002   3.5250918466832863E-002  -6.8880885604211184E-002  -1.5463527531560969E-008   4.8202376770021411     
   17.133858267716548        7.8826940158830364E-002   3.4876110867657809E-002  -6.8534591824818858E-002  -1.5701864697952409E-008   4.8148686269080425     
   17.385826771653555        7.8336529051364609E-002   3.4569282411454974E-002  -6.8182248328076192E-002  -1.5624759939137366E-008   4.8094091737274747     
   17.637795275590562        7.7806527914873802E-002   3.4234314462497938E-002  -6.7778925488307676E-002  -1.5110846624960376E-008   4.7284827901672442     
   17.889763779527570        7.7267350182388617E-002   3.4018947848211155E-002  -6.7361052405099750E-002  -1.5035559503093298E-008   4.7920735309653972     
   18.141732283464577        7.6736110126820994E-002   3.3764164476277787E-002  -6.7012807326297635E-002  -1.4824912368210654E-008   4.7885129954202057     
   18.393700787401588        7.6250136138128199E-002   3.3429223208902570E-002  -6.6762844362893994E-002  -1.5190967781282881E-008   4.7863955921605088     
   18.645669291338596        7.5815477656983113E-002   3.3017751753948887E-002  -6.6584522293152121E-002  -1.5547217308187263E-008   4.7174601804585059     
   18.897637795275603        7.5422560977635097E-002   3.2691270262281920E-002  -6.6458574473394746E-002  -1.6021003553935750E-008   4.6935521577475088     
   19.149606299212611        7.5051766241426232E-002   3.2458395767760863E-002  -6.6301132153206974E-002  -1.6724166040942212E-008   4.7439394365579517     
   19.401574803149618        7.4674745951333235E-002   3.2272245135369207E-002  -6.6149490255371812E-002  -1.7320804405345798E-008   4.7580354475037270     
   19.653543307086625        7.4272153781932526E-002   3.2137156053744856E-002  -6.6033772775724808E-002  -1.7497614719805368E-008   4.8193156337400076     
   19.905511811023636        7.3869108994860599E-002   3.1972249417608470E-002  -6.5926599756910301E-002  -1.7368341042277472E-008   4.8516549661526582     
   20.157480314960644        7.3471084511154888E-002   3.1808371825982285E-002  -6.5799155608993784E-002  -1.7117229309315039E-008   4.8464186006332870     
   20.409448818897651        7.3042698554853749E-002   3.1689012958429262E-002  -6.5591713045671199E-002  -1.6950874154842133E-008   4.8873942905828107     
   20.661417322834659        7.2660595429833205E-002   3.1487237903800834E-002  -6.5377489319580415E-002  -1.7239315279229236E-008   4.8915475718051322     
   20.913385826771666        7.2415718262692844E-002   3.1235948915692403E-002  -6.5243178710738592E-002  -1.7170818466401259E-008   4.9144604362184658     
   21.165354330708674        7.2284256380937495E-002   3.0989039158943507E-002  -6.5199050797256658E-002  -1.6717798520176948E-008   4.8504693387868105     
   21.417322834645685        7.2186423044657111E-002   3.0852881445898202E-002  -6.5130507661831524E-002  -1.6056380122949463E-008   4.8206997119822095     
   21.669291338582692        7.2055317109858574E-002   3.0794330925307898E-002  -6.4972821011365992E-002  -1.6330080786074968E-008   4.9497478771686065     
   21.921259842519699        7.1959008050860446E-002   3.0699745249484340E-002  -6.4842961408480310E-002  -1.6977006346714900E-008   4.9334772123690769     
   22.173228346456707        7.1977299209931234E-002   3.0550836238145359E-002  -6.4866925357560473E-002  -1.5569915011105676E-008   4.8582577034812218     
   22.425196850393714        7.2050915295333445E-002   3.0425021615474800E-002  -6.5036447652289900E-002  -1.5043201048180666E-008   4.8935464416958672     
   22.677165354330722        7.2109355565592850E-002   3.0308816874892650E-002  -6.5206054102291314E-002  -1.3867666690958067E-008   4.9086949558644202     
   22.929133858267733        7.2121430656979332E-002   3.0138521135022373E-002  -6.5287816913033300E-002  -1.3362838360397314E-008   4.8926746466675253     
   23.181102362204740        7.2057059184261391E-002   2.9946052516210960E-002  -6.5272617325960403E-002  -1.3706664711651136E-008   4.8533669263918666     
   23.433070866141748        7.1923726314835609E-002   2.9763144879208843E-002  -6.5214268782182561E-002  -1.4222474943423160E-008   4.8216769227907630     
   23.685039370078755        7.1759982787399285E-002   2.9592133451566114E-002  -6.5087527958793537E-002  -1.4772860971881868E-008   4.8357527093679487     
   23.937007874015762        7.1565750822953050E-002   2.9439595533728113E-002  -6.4844732185741424E-002  -1.5435150439231046E-008   4.8409624925516397     
   24.188976377952770        7.1351268976745388E-002   2.9307068144471749E-002  -6.4552925052526716E-002  -1.6768862373383064E-008   4.9061426511569843     
   24.440944881889781        7.1166969555516310E-002   2.9151658758596405E-002  -6.4349589633185558E-002  -1.7045002528049639E-008   4.8656055281233312     
   24.692913385826788        7.1021301311609372E-002   2.9053773865117150E-002  -6.4202590140290589E-002  -1.6667580428745207E-008   4.9053083774028474     
   24.944881889763796        7.0895106979701389E-002   2.8950579504887920E-002  -6.4049661035228217E-002  -1.6216721335671745E-008   4.9161632722239039     
   25.196850393700803        7.0797630319954674E-002   2.8858417319948072E-002  -6.3979137029965577E-002  -1.6931512914550637E-008   4.9859289318891538     
   25.448818897637810        7.0747841903212885E-002   2.8771621931597571E-002  -6.4002228626031069E-002  -1.7963265565351686E-008   5.0975237127120385     
   25.700787401574821        7.0679124038429561E-002   2.8658845612680946E-002  -6.4066992340135978E-002  -1.7588472716002244E-008   5.0972949011501845     
   25.952755905511829        7.0586513160827771E-002   2.8575715380434723E-002  -6.4116356326093402E-002  -1.6436750781649597E-008   5.1008623099240280     
   26.204724409448836        7.0484906591855162E-002   2.8495966332496125E-002  -6.4084811921063231E-002  -1.5684390100913760E-008   5.0453266508183967     
   26.456692913385844        7.0375001881661889E-002   2.8373680220969335E-002  -6.4012589207219861E-002  -1.5427485808534693E-008   5.0258788758690729     
   26.708661417322851        7.0227974193555906E-002   2.8233791327118077E-002  -6.3852927047379562E-002  -1.5619454334516179E-008   4.9692012680187538     
   26.960629921259859        7.0010908896072616E-002   2.8164155005703205E-002  -6.3549537552983329E-002  -1.5388715435021753E-008   4.9282585833477937     
   27.212598425196870        6.9740264542772962E-002   2.8129929530979196E-002  -6.3148109423871612E-002  -1.5121813364791959E-008   4.9483449733866376     
   27.464566929133877        6.9426044901687675E-002   2.8110492776223791E-002  -6.2710486573844079E-002  -1.5559851701768177E-008   4.9748214898143228     
   27.716535433070884        6.9111280179868964E-002   2.8108291560540666E-002  -6.2335960784936029E-002  -1.6337383956856995E-008   5.0489769631408974     
   27.968503937007892        6.8873123343074383E-002   2.8083254510557577E-002  -6.2139709896633949E-002  -1.6045919374535623E-008   4.9824414116717968     
   28.220472440944899        6.8723383448476658E-002   2.8097105810800611E-002  -6.2068473493742296E-002  -1.5538457329916041E-008   5.0580525423828275     
   28.472440944881907        6.8625799829831344E-002   2.8068050666856220E-002  -6.1976796101643833E-002  -1.4547176883941602E-008   5.0729903098323694     
   28.724409448818918        6.8550172514269467E-002   2.8013070162439528E-002  -6.1761600150749704E-002  -1.4630533401233357E-008   5.0251298743818582     
   28.976377952755925        6.8499789475192072E-002   2.7957122590787552E-002  -6.1446367496731547E-002  -1.4662516805237853E-008   5.0334704038393916     
   29.228346456692933        6.8475609736168702E-002   2.7895348340132367E-002  -6.1143889778295157E-002  -1.5458726842185277E-008   5.0811530346629219     
   29.480314960629940        6.8419537428187113E-002   2.7827216465884354E-002  -6.0878668332776539E-002  -1.5614436527030491E-008   5.1233674023300866     
   29.732283464566947        6.8330377416917915E-002   2.7747135939336719E-002  -6.0682962834511800E-002  -1.6064422520577588E-008   5.1092489233197211     
   29.984251968503955        6.8224622498858231E-002   2.7702043750322272E-002  -6.0592204796708224E-002  -1.6633921422902682E-008   5.1215017703341106     
   30.236220472440966        6.8096159507546675E-002   2.7672153478171244E-002  -6.0588008459534673E-002  -1.5837118984291317E-008   5.0782606420676721     
   30.488188976377973        6.7939266083220692E-002   2.7669802837050710E-002  -6.0647203627706425E-002  -1.5991227507569122E-008   5.1634179239186917     
   30.740157480314981        6.7773052156990532E-002   2.7656551006535808E-002  -6.0802172299310259E-002  -1.5699779559622671E-008   5.1228637511583042     
   30.992125984251988        6.7633987250620142E-002   2.7623023766809151E-002  -6.1031718873145485E-002  -1.5491550432863928E-008   5.1587828008453345     
   31.244094488188995        6.7575344064186707E-002   2.7581456187130565E-002  -6.1293964741687565E-002  -1.5777809073642817E-008   5.1642847302892205     
   31.496062992126003        6.7591855672387235E-002   2.7552359397017407E-002  -6.1556595886516283E-002  -1.5144510057617736E-008   5.1722139410609236     
   31.748031496063014        6.7645118189910980E-002   2.7548351496175735E-002  -6.1731409357993428E-002  -1.4718692871673565E-008   5.1950649365581656     
   32.000000000000021        6.7699308399271740E-002   2.7575848005039205E-002  -6.1782097132884004E-002  -1.5529625952603008E-008   5.2603357645135160     
   32.251968503937029        6.7740738754789920E-002   2.7565326163581705E-002  -6.1760815861216109E-002  -1.5395026600568784E-008   5.2157280011373492     
   32.503937007874036        6.7806552711637338E-002   2.7544150266018502E-002  -6.1823147549299115E-002  -1.5113724923133584E-008   5.2248486770883105     
   32.755905511811044        6.7857372589537349E-002   2.7577491995394342E-002  -6.1872875290849366E-002  -1.4294104391550313E-008   5.2697416962534733     
   33.007874015748051        6.7887852838312515E-002   2.7594784993711239E-002  -6.1942719193679802E-002  -1.3045592586663227E-008   5.2484256998786938     
   33.259842519685058        6.7967185513459830E-002   2.7636294339192593E-002  -6.2090930607512848E-002  -1.2916839543986903E-008   5.2616728932582832     
   33.511811023622066        6.8040992660106395E-002   2.7741398158435689E-002  -6.2154143378721327E-002  -1.2145491537550989E-008   5.3644657161973965     
   33.763779527559080        6.8092541066338649E-002   2.7816390782061926E-002  -6.2106142969790640E-002  -1.1050749744857052E-008   5.3809001161238115     
   34.015748031496088        6.8122524274943280E-002   2.7835101021697350E-002  -6.1978328345764958E-002  -1.0288068361299881E-008   5.4049657588312972     
   34.267716535433095        6.8120790960233921E-002   2.7810552305848227E-002  -6.1855797038288959E-002  -9.9688713973648774E-009   5.4698073013338098     
   34.519685039370103        6.8096746980756406E-002   2.7834220335209978E-002  -6.1759548958593063E-002  -9.5433422820201703E-009   5.4817808138200350     
   34.771653543307110        6.8063579255620413E-002   2.7900440477231534E-002  -6.1599089409622929E-002  -9.8143455268971544E-009   5.5680436978627812     
   35.023622047244118        6.8005931001143619E-002   2.7930709591319228E-002  -6.1365239577913011E-002  -8.7583884701289823E-009   5.5157069476418199     
   35.275590551181125        6.7917842759664476E-002   2.7885435567183915E-002  -6.1105663246021374E-002  -8.0736926452337180E-009   5.4654660856413662     
   35.527559055118132        6.7777356202664812E-002   2.7862602732071629E-002  -6.0878581972453175E-002  -7.7409771467306561E-009   5.4808992174395570     
   35.779527559055140        6.7589645242546750E-002   2.7813937834053792E-002  -6.0669607037062617E-002  -7.8568717024710144E-009   5.5076009330736895     
   36.031496062992147        6.7392560262071161E-002   2.7763077758258654E-002  -6.0505299346184011E-002  -9.2953670671029090E-009   5.5154256850676120     
   36.283464566929155        6.7209590332613658E-002   2.7724920804424239E-002  -6.0393619132870391E-002  -9.7042475824493978E-009   5.5348435141108601     
   36.535433070866162        6.7001836204593587E-002   2.7706786011013389E-002  -6.0212817956999010E-002  -7.7050280045419851E-009   5.5174213036131210     
   36.787401574803177        6.6784568783239157E-002   2.7702598224250304E-002  -6.0082624756488359E-002  -7.0064890881324335E-009   5.5126668561514993     
   37.039370078740184        6.6583583035219343E-002   2.7715132255511817E-002  -6.0043468866933930E-002  -6.7887058775420598E-009   5.5100045556738007     
   37.291338582677191        6.6383169518979310E-002   2.7787417017261135E-002  -5.9963863065790185E-002  -7.2669561117502237E-009   5.5930889503267966     
   37.543307086614199        6.6213421317876858E-002   2.7795869888213830E-002  -5.9901314932661015E-002  -7.0508922620676802E-009   5.6054380364367944     
   37.795275590551206        6.6118173411427533E-002   2.7717906298178645E-002  -5.9929540341794485E-002  -7.6462932653693411E-009   5.6134371200348792     
   38.047244094488214        6.6057630420427282E-002   2.7654933476670019E-002  -5.9968519797242187E-002  -8.6441500010317401E-009   5.6427143836253206     
   38.299212598425221        6.6002770820290768E-002   2.7619302993029511E-002  -5.9985636836289130E-002  -8.3979505400702808E-009   5.5582346845173323     
   38.551181102362229        6.5924054038220423E-002   2.7677769410539666E-002  -5.9949437144891746E-002  -8.4319274645925677E-009   5.6259683880807208     
   38.803149606299236        6.5825490956695432E-002   2.7766582897815466E-002  -5.9837724772658127E-002  -9.4520310219395570E-009   5.7201260940265461     
   39.055118110236243        6.5765872069307535E-002   2.7775230074252526E-002  -5.9755222180384246E-002  -9.3029982376455886E-009   5.6277504673565550     
   39.307086614173251        6.5710809769985529E-002   2.7800964282723141E-002  -5.9687170265283820E-002  -8.1094206611960593E-009   5.6221644927300813     
   39.559055118110258        6.5660354975037041E-002   2.7823318433314811E-002  -5.9601802678773505E-002  -7.7872261018654343E-009   5.6250227734055445     
   39.811023622047273        6.5659317592796876E-002   2.7869737552298955E-002  -5.9505060467939533E-002  -8.2476022365642098E-009   5.6803670537417670     
   40.062992125984280        6.5689565978280434E-002   2.7893153861909110E-002  -5.9449986386535439E-002  -8.0215198671173652E-009   5.6505305580248324     
   40.314960629921288        6.5666257879986145E-002   2.7968957293349705E-002  -5.9380321061867830E-002  -8.3895460906384052E-009   5.7667307903145266     
   40.566929133858295        6.5601844404559115E-002   2.7988823960990835E-002  -5.9292131258235903E-002  -8.5476506329187370E-009   5.7814622042950718     
   40.818897637795303        6.5585525891375701E-002   2.7984722762700490E-002  -5.9342613214575457E-002  -8.1354886479249785E-009   5.8250272147768962     
   41.070866141732310        6.5598020095622891E-002   2.7965329197999073E-002  -5.9439003126779605E-002  -9.1276102873600654E-009   5.9036645936748799     
   41.322834645669317        6.5635034202453063E-002   2.7883851386872532E-002  -5.9468357549313053E-002  -8.8743247841316218E-009   5.8609481409040232     
   41.574803149606325        6.5685585984756947E-002   2.7765426654756450E-002  -5.9557977603608453E-002  -6.9401542751874892E-009   5.7885666243924554     
   41.826771653543332        6.5686817342477180E-002   2.7662282308863809E-002  -5.9682658615418868E-002  -7.5360980751943476E-009   5.8511928735157799     
   42.078740157480340        6.5647310710243323E-002   2.7539151434101117E-002  -5.9696638939967725E-002  -7.6876354328810451E-009   5.7445218432454093     
   42.330708661417347        6.5584703130067867E-002   2.7429948101806441E-002  -5.9612473687088191E-002  -7.4596788284762986E-009   5.7409615187782421     
   42.582677165354362        6.5489041107782017E-002   2.7353381377775560E-002  -5.9445618560455230E-002  -7.8781594540149062E-009   5.7499885609796095     
   42.834645669291369        6.5302252140230554E-002   2.7384606175193484E-002  -5.9217080402213240E-002  -8.9891832131611359E-009   5.7745898528502551     
   43.086614173228377        6.5133977752408201E-002   2.7439697970895106E-002  -5.9058796793597296E-002  -9.5597028559070800E-009   5.8447444252856267     
   43.338582677165384        6.5076090281370708E-002   2.7453654635565181E-002  -5.9034410661576248E-002  -9.3166932173208343E-009   5.8756997634351578     
   43.590551181102391        6.5044897005774802E-002   2.7403356775602628E-002  -5.8968622895355510E-002  -8.2209388010540729E-009   5.8115401267594136     
   43.842519685039399        6.4985482899252225E-002   2.7390954560536217E-002  -5.8811766300128437E-002  -7.3206839612855303E-009   5.9084852160073300     
   44.094488188976406        6.4892078092448832E-002   2.7345109583260446E-002  -5.8582915878849784E-002  -8.1963968319552396E-009   5.8791806979192289     
   44.346456692913414        6.4851377546335048E-002   2.7265022032448145E-002  -5.8428856648651467E-002  -7.7677343118334475E-009   5.8047441750701285     
   44.598425196850421        6.4913181804420697E-002   2.7226663504162332E-002  -5.8417023715920585E-002  -6.4375447227495273E-009   5.7409531972023427     
   44.850393700787428        6.4960334592903929E-002   2.7244871946250686E-002  -5.8392985648177048E-002  -6.9352154722102045E-009   5.7938056628640862     
   45.102362204724436        6.4939677721739295E-002   2.7203086739251949E-002  -5.8362700773930368E-002  -7.6950066460557547E-009   5.7222255584746051     
   45.354330708661443        6.4942344494957741E-002   2.7166272502498989E-002  -5.8462043638381436E-002  -8.0992502654342338E-009   5.8320367558013420     
   45.606299212598458        6.4974115982545363E-002   2.7190392719172944E-002  -5.8665089849129631E-002  -7.9193985830057887E-009   5.7415570958991529     
   45.858267716535465        6.5014088167793624E-002   2.7231181769471743E-002  -5.8834757472141883E-002  -8.3304516073509035E-009   5.7509513629746349     
   46.110236220472473        6.5068983249689086E-002   2.7275147221087349E-002  -5.8956157767255948E-002  -7.9949343217815353E-009   5.7494488102923658     
   46.362204724409480        6.5152826688220519E-002   2.7297301772023115E-002  -5.9139417565847452E-002  -7.6981446433263427E-009   5.7758948898079909     
   46.614173228346488        6.5239476097128532E-002   2.7335058685637310E-002  -5.9329936444834780E-002  -9.2703469510164265E-009   5.7714076695846090     
   46.866141732283495        6.5355943768330760E-002   2.7382302248564871E-002  -5.9515489883124287E-002  -9.9692387361299916E-009   5.7878830418744425     
   47.118110236220502        6.5439566391785539E-002   2.7463240450240713E-002  -5.9668937231551075E-002  -8.7146660188828393E-009   5.7784216873569614     
   47.370078740157510        6.5485002594843189E-002   2.7613914444896331E-002  -5.9856483950213563E-002  -8.3546575022581032E-009   5.8629724470474791     
   47.622047244094517        6.5584387547162060E-002   2.7772604708724787E-002  -6.0123914938701506E-002  -8.8756544291237673E-009   6.0053641853227857     
   47.874015748031525        6.5736589743804960E-002   2.7844361210706534E-002  -6.0362448018563858E-002  -8.5849033662540893E-009   5.9915176642874934     
   48.125984251968532        6.5915098816597142E-002   2.7822085898871047E-002  -6.0590626410545342E-002  -8.1773088978393317E-009   5.9431873342384192     
   48.377952755905540        6.6088155498066514E-002   2.7780926615335252E-002  -6.0741926769715932E-002  -7.3271836670809718E-009   5.7779314342681838     
   48.629921259842554        6.6198171453224153E-002   2.7832512538633700E-002  -6.0768035428648476E-002  -7.4262876562154778E-009   5.8342649497827574     
   48.881889763779562        6.6265024685930651E-002   2.7897976831700623E-002  -6.0765733580831455E-002  -7.5023361097161242E-009   5.8941034052414345     
   49.133858267716569        6.6339727037285717E-002   2.7956023534500846E-002  -6.0751021332748664E-002  -7.0173854701034838E-009   5.8598265099901168     
   49.385826771653576        6.6393297411131452E-002   2.8058480018412074E-002  -6.0646504732537174E-002  -6.0666375630147383E-009   5.9272329664765309     
   49.637795275590584        6.6395179973054413E-002   2.8129619382845961E-002  -6.0505944790522806E-002  -6.7182568461730474E-009   6.0458673623858878     
   49.889763779527591        6.6368775546171710E-002   2.8140615229967383E-002  -6.0359646532057817E-002  -6.8672690627133484E-009   6.0039132315365791     
   50.141732283464599        6.6336229385718190E-002   2.8157430991266563E-002  -6.0238946295900722E-002  -6.9302714464472059E-009   6.1716021261588754     
   50.393700787401606        6.6306998606699322E-002   2.8129187222173137E-002  -6.0195072467625163E-002  -8.9573624108673435E-009   6.1329203556814145     
   50.645669291338614        6.6293708677986424E-002   2.8088681593286015E-002  -6.0233320380483721E-002  -9.2033788425371457E-009   6.0459621132544514     
   50.897637795275621        6.6305659394375605E-002   2.8072584746335658E-002  -6.0298570908718374E-002  -1.0361890892168249E-008   5.9984418032999711     
   51.149606299212628        6.6331609724733079E-002   2.8072454769903016E-002  -6.0328185278526861E-002  -1.0802532563992314E-008   6.4439796965157026     
   51.401574803149643        6.6325944908768392E-002   2.7973801312024354E-002  -6.0305031120477040E-002  -1.1322539474441790E-008   6.2541644934940317     
   51.653543307086650        6.6299784790046640E-002   2.7879319940028763E-002  -6.0298322295967904E-002  -1.2036932512641570E-008   6.2775100964589594     
   51.905511811023658        6.6280411008214954E-002   2.7870687008564685E-002  -6.0259125064420174E-002  -1.0998590343104832E-008   6.2692143277692081     
   52.157480314960665        6.6272931726945469E-002   2.7879062729169998E-002  -6.0173250755745533E-002  -1.0931583707033323E-008   6.3421687096548292     
   52.409448818897673        6.6260401710336578E-002   2.7834436501843179E-002  -6.0144874863596265E-002  -9.5867786241929027E-009   6.2325438987082311     
   52.661417322834680        6.6286994145211858E-002   2.7841316596207442E-002  -6.0257710749390084E-002  -8.2630147306811768E-009   6.2386563397234882     
   52.913385826771687        6.6298169760860323E-002   2.7909954888780612E-002  -6.0294767037604668E-002  -8.3842386911380609E-009   6.2841573879528232     
   53.165354330708695        6.6310071958870315E-002   2.7938022584939649E-002  -6.0216323532220992E-002  -1.0535287665597175E-008   6.3336671270272049     
   53.417322834645702        6.6312149155624750E-002   2.7950896586582206E-002  -6.0118578117703783E-002  -1.1053901959344519E-008   6.4379208125972873     
   53.669291338582710        6.6283286006464728E-002   2.7917384722686320E-002  -6.0052954470297251E-002  -1.0974083934646759E-008   6.4245033604962360     
   53.921259842519717        6.6238024593876302E-002   2.7931254436781971E-002  -6.0045201632511550E-002  -1.0447172077783639E-008   6.5179540070247048     
   54.173228346456725        6.6199751417669261E-002   2.7956366987432996E-002  -6.0079107252531821E-002  -8.7401932724769064E-009   6.5043760187898165     
   54.425196850393739        6.6156653579470495E-002   2.7973729567549867E-002  -6.0111819914752534E-002  -7.8326582968126613E-009   6.5291779509767531     
   54.677165354330747        6.6065715094099489E-002   2.8010668304878857E-002  -6.0086252457961481E-002  -6.7550266590621525E-009   6.4600998476814793     
   54.929133858267754        6.5980089109183626E-002   2.8038266450812404E-002  -6.0107512420869758E-002  -6.6025587141955662E-009   6.4395869456939803     
   55.181102362204761        6.5963487343527541E-002   2.8126741644045845E-002  -6.0204998376183580E-002  -6.2438278630192439E-009   6.5998416377615561     
   55.433070866141769        6.5979858003077679E-002   2.8217052322272996E-002  -6.0226023426989989E-002  -4.9265751907969129E-009   6.4478958237932931     
   55.685039370078776        6.5978623325890856E-002   2.8301430770282972E-002  -6.0162722602186455E-002  -5.4110285974642965E-009   6.4677779866044043     
   55.937007874015784        6.6000513816424342E-002   2.8323793337202637E-002  -6.0180243538180092E-002  -6.4747609245013255E-009   6.4546332251309737     
   56.188976377952791        6.6068632059851570E-002   2.8353818040423761E-002  -6.0201724911086135E-002  -6.7259332150454661E-009   6.4479748061218611     
   56.440944881889799        6.6193391679223515E-002   2.8282943239734730E-002  -6.0273063498416588E-002  -4.4371082623201604E-009   6.2418371121043803     
   56.692913385826806        6.6345130007624487E-002   2.8286534048927871E-002  -6.0367083753508077E-002  -3.5520935989736907E-009   6.3317251640873762     
   56.944881889763813        6.6453132084383165E-002   2.8304354191844527E-002  -6.0356876818381575E-002  -3.1602257036655957E-009   6.4632968552163828     
   57.196850393700828        6.6573076412179605E-002   2.8313232021429300E-002  -6.0336540933062358E-002  -4.6298663537745868E-009   6.4724453860408842     
   57.448818897637835        6.6715909403586141E-002   2.8318722348330921E-002  -6.0331710126109286E-002  -3.9066574268978901E-009   6.4094194177506365     
   57.700787401574843        6.6875935422509414E-002   2.8342609139243212E-002  -6.0341800909341325E-002  -3.8328111438651989E-009   6.3957826536649209     
   57.952755905511850        6.6976866105705052E-002   2.8341871254589382E-002  -6.0253835896672436E-002  -3.9129349340413872E-009   6.3925480245222408     
   58.204724409448858        6.7041340456699586E-002   2.8315709331478880E-002  -6.0071045374783458E-002  -4.0381883211895648E-009   6.2954831638072850     
   58.456692913385865        6.7050414120397167E-002   2.8345577418365783E-002  -5.9885989878266127E-002  -4.4045091750692928E-009   6.3329444953229963     
   58.708661417322872        6.6978770103888696E-002   2.8467093523614845E-002  -5.9690253439917101E-002  -5.2408584338049600E-009   6.4000487102310446     
   58.960629921259880        6.6859272015582186E-002   2.8620582381326910E-002  -5.9514863885521949E-002  -6.8152685535093830E-009   6.4304153946002049     
   59.212598425196887        6.6738275663422511E-002   2.8720372517339901E-002  -5.9433035352327940E-002  -7.5396682511000900E-009   6.4032139994586617     
   59.464566929133895        6.6637065680690055E-002   2.8767569525484055E-002  -5.9512350714379186E-002  -7.4646244038532079E-009   6.4292797381653566     
   59.716535433070902        6.6562837337863959E-002   2.8836117974651878E-002  -5.9742006260257510E-002  -8.3424435624890536E-009   6.5093183211052290     
   59.968503937007910        6.6557685505716266E-002   2.8920318375768340E-002  -6.0018872679010390E-002  -7.9132271742127428E-009   6.4313715529838404     
   60.220472440944924        6.6589996404569779E-002   2.9034482595018500E-002  -6.0299862373599203E-002  -8.1042119096995851E-009   6.5162648316950174     
   60.472440944881932        6.6682170854981238E-002   2.9034988299816607E-002  -6.0628956639526541E-002  -7.9123512290285928E-009   6.5858718830579637     
   60.724409448818939        6.6801200535314270E-002   2.9122104070723631E-002  -6.0823528372369262E-002  -8.7636869496341449E-009   6.7125920333924647     
   60.976377952755946        6.6901021890716825E-002   2.9193266199194812E-002  -6.0855643034009699E-002  -9.2316999034676237E-009   6.6525377133353834     
   61.228346456692954        6.7033085976427501E-002   2.9102342979518806E-002  -6.0916972130455993E-002  -7.3049145003189881E-009   6.4872846967841395     
   61.480314960629961        6.7190796755088072E-002   2.8974480440221596E-002  -6.1021403577631445E-002  -4.6712089446840383E-009   6.4238088717560462     
   61.732283464566969        6.7274474685460786E-002   2.8914102399256514E-002  -6.1017502337409810E-002  -4.2569338708681457E-009   6.4742531237370251     
   61.984251968503976        6.7267825844733883E-002   2.8784863078574325E-002  -6.0907004070606494E-002  -5.3952779786999551E-009   6.4179530792975061     
   62.236220472440984        6.7236069836442688E-002   2.8728337647140324E-002  -6.0851811606328812E-002  -5.4603513975033415E-009   6.3129899756795060     
   62.488188976377991        6.7209445832171283E-002   2.8759094375680333E-002  -6.0853530273339659E-002  -5.6869519236820671E-009   6.4285713940520299     
   62.740157480314998        6.7141486646449672E-002   2.8771727073247853E-002  -6.0825657337454903E-002  -4.9534093905415483E-009   6.4312369552547590     
   62.992125984252006        6.7030129440132633E-002   2.8700859578741390E-002  -6.0806957315173216E-002  -4.1327702466935284E-009   6.3625709302649298     
   63.244094488189020        6.6920091088469233E-002   2.8642193423679439E-002  -6.0776340314189631E-002  -3.5915430345547487E-009   6.3168824673655566     
   63.496062992126028        6.6757613484204198E-002   2.8605243044379444E-002  -6.0596539006384231E-002  -2.7648532353843003E-009   6.2596036368746537     
   63.748031496063035        6.6476853426365182E-002   2.8571567062050673E-002  -6.0168628581308864E-002  -4.1016008559366755E-009   6.3271558416982261     
   64.000000000000043        6.6195886794329306E-002   2.8483506068522627E-002  -5.9664564055192867E-002  -4.0988088119518353E-009   6.2742969874574070     
   64.251968503937050        6.5973239301125960E-002   2.8364991794049027E-002  -5.9238188023962940E-002  -4.3934699228742026E-009   6.3400358512040196     
   64.503937007874057        6.5755789468237832E-002   2.8303008748791551E-002  -5.8820877771573604E-002  -4.8998588150957142E-009   6.3708880813798912     
   64.755905511811065        6.5466026226426985E-002   2.8261314847330878E-002  -5.8312695351050950E-002  -5.0233453863022801E-009   6.3831947149699095     
   65.007874015748072        6.5152520316944004E-002   2.8212587538946066E-002  -5.7847441459574225E-002  -5.6840850367268527E-009   6.4211965010693195     
   65.259842519685080        6.4817521618543303E-002   2.8148669707617539E-002  -5.7435889759393899E-002  -5.6330570440581845E-009   6.4401237920888201     
   65.511811023622087        6.4450765036115354E-002   2.8071478750506841E-002  -5.7090520115999077E-002  -5.2576010030577029E-009   6.3058309767817571     
   65.763779527559095        6.4025519582319820E-002   2.8090624211822963E-002  -5.6730790573950696E-002  -3.8471577146086592E-009   6.4210867398817664     
   66.015748031496102        6.3574652146323768E-002   2.8113047461138133E-002  -5.6406156228308357E-002  -4.3318230849311484E-009   6.5192684210863368     
   66.267716535433109        6.3223254011973165E-002   2.8079987777152628E-002  -5.6272476335784666E-002  -5.4067666704720850E-009   6.4448436059201812     
   66.519685039370117        6.2988826966598507E-002   2.8041129765857865E-002  -5.6323174327796446E-002  -5.1001977089300470E-009   6.4276656318056915     
   66.771653543307124        6.2888784250817883E-002   2.8006859938594683E-002  -5.6544811848303705E-002  -3.6183647858952183E-009   6.3750992230757255     
   67.023622047244132        6.2895321548283728E-002   2.8003619223829181E-002  -5.6825534927706464E-002  -2.2699318568778285E-009   6.5382898802959613     
   67.275590551181139        6.2902394611469875E-002   2.7970560636913219E-002  -5.7117966927167918E-002  -1.6307683808868112E-009   6.6238416641410076     
   67.527559055118161        6.2861401903445732E-002   2.8002714038270548E-002  -5.7330425900283852E-002  -3.6458461937416042E-010   6.6752241055729185     
   67.779527559055168        6.2760230535107819E-002   2.8045948744388736E-002  -5.7409630176231435E-002   1.0285503352916251E-009   6.7061469968705483     
   68.031496062992176        6.2658979635159165E-002   2.8007080961383636E-002  -5.7425615811016698E-002  -5.4928039845937188E-011   6.6079419038378999     
   68.283464566929183        6.2588827612268583E-002   2.7922719024704040E-002  -5.7338367423968015E-002  -1.8157513185523088E-009   6.5221868021885276     
   68.535433070866191        6.2564289636337006E-002   2.7850860912017928E-002  -5.7206288410425382E-002  -2.1014342288627171E-009   6.4724966788461167     
   68.787401574803198        6.2578513010150563E-002   2.7829418312742493E-002  -5.7182489564545122E-002  -4.4977985152776539E-010   6.4674139217247300     
   69.039370078740205        6.2580758827522620E-002   2.7765167870015629E-002  -5.7125846849686052E-002   5.3574169962526183E-010   6.4476493958419212     
   69.291338582677213        6.2556394544832250E-002   2.7706934844596354E-002  -5.6971266239251681E-002   1.2762028435535640E-009   6.4237644348769711     
   69.543307086614220        6.2487822893473294E-002   2.7668783648169562E-002  -5.6822145374865615E-002   6.4410332544007053E-010   6.4468511229882859     
   69.795275590551228        6.2382449636163254E-002   2.7675230865102617E-002  -5.6767890665835638E-002   1.6729584822841449E-010   6.2990246776430130     
   70.047244094488235        6.2280921456843781E-002   2.7770340134215980E-002  -5.6763041630690542E-002   3.1080381738146042E-010   6.4995418925065032     
   70.299212598425243        6.2260596477441206E-002   2.7828191275443486E-002  -5.6796880636137304E-002   2.2362106645065555E-011   6.5624770811075823     
   70.551181102362250        6.2325463900913994E-002   2.7795150574851282E-002  -5.6954934357053164E-002   1.9642060814737204E-009   6.4771344814534189     
   70.803149606299257        6.2420347469917203E-002   2.7743276649217077E-002  -5.7130624197228308E-002   1.0242121588767822E-009   6.4454720185396539     
   71.055118110236265        6.2498104131108616E-002   2.7723544315340028E-002  -5.7179269731805676E-002   7.9770860132440777E-010   6.5379309534889911     
   71.307086614173272        6.2575326025078079E-002   2.7611793295975066E-002  -5.7188596942558359E-002  -3.1278829777159956E-010   6.4390461483592594     
   71.559055118110280        6.2660209448577836E-002   2.7578352053661583E-002  -5.7282341861145114E-002  -1.5157197714570499E-010   6.5669222335968680     
   71.811023622047287        6.2721159857873229E-002   2.7554920898203366E-002  -5.7386143779062204E-002   1.2017637839365038E-009   6.6186696156710445     
   72.062992125984294        6.2755438300946917E-002   2.7467862870537429E-002  -5.7404372086155273E-002   2.3448685148840993E-009   6.5175341628876753     
   72.314960629921302        6.2807789776632664E-002   2.7330423674532738E-002  -5.7385741971154994E-002   3.6721529445094035E-009   6.5529625539953322     
   72.566929133858309        6.2893020358696677E-002   2.7206094763276813E-002  -5.7395812601010801E-002   3.6602681582627142E-009   6.5849295404882939     
   72.818897637795317        6.2927796638573189E-002   2.7131495657279490E-002  -5.7380487454971971E-002   3.7342599010957395E-009   6.6160747699943769     
   73.070866141732324        6.2870474155695730E-002   2.7017741651143394E-002  -5.7344296657848737E-002   3.0206718216007478E-009   6.6362282195862319     
   73.322834645669346        6.2826024735007549E-002   2.6910386693871989E-002  -5.7359459037603908E-002   1.8104057691848463E-009   6.6342371398326545     
   73.574803149606353        6.2804590234889671E-002   2.6817106449218114E-002  -5.7367647465987687E-002   1.6408787440295820E-009   6.5165554656627336     
   73.826771653543361        6.2743826463704910E-002   2.6793496304677446E-002  -5.7274675531249555E-002   7.8232315522282564E-010   6.6445411058420101     
   74.078740157480368        6.2668548591281514E-002   2.6776565577888770E-002  -5.7100437242653360E-002   2.9520615181729177E-009   6.6679252075907280     
   74.330708661417376        6.2599909586463276E-002   2.6813486501795377E-002  -5.6864903488612090E-002   3.8405935996845900E-009   6.7288004306521589     
   74.582677165354383        6.2533401448750067E-002   2.6793154457812871E-002  -5.6624672994581585E-002   2.0673758156466195E-009   6.7520635161067331     
   74.834645669291390        6.2499906770223781E-002   2.6773696356887394E-002  -5.6400229118846318E-002   2.2159551099267608E-009   6.6808908713061577     
   75.086614173228398        6.2468809614665104E-002   2.6739832678208005E-002  -5.6140618874346182E-002   3.9230307967725568E-009   6.5800517699853946     
   75.338582677165405        6.2445331075418456E-002   2.6743020340933850E-002  -5.5872085569826480E-002   3.8453688815984756E-009   6.6158108941466054     
   75.590551181102413        6.2458413172870611E-002   2.6725585323244719E-002  -5.5746813981894627E-002   3.0177812262110833E-009   6.5453227401958385     
   75.842519685039420        6.2494850270061152E-002   2.6731626744350156E-002  -5.5742416449131624E-002   3.1764050625667610E-009   6.4935384670740914     
   76.094488188976428        6.2548624463332050E-002   2.6745301225759216E-002  -5.5763261038990014E-002   3.9312192814688086E-009   6.5436964526105861     
   76.346456692913435        6.2611665944755701E-002   2.6770804685845997E-002  -5.5858680261788418E-002   4.2292178542661651E-009   6.5231011419242453     
   76.598425196850442        6.2574897175139255E-002   2.6875074767175624E-002  -5.5962481310028026E-002   3.3199906410442731E-009   6.4419387372925847     
   76.850393700787450        6.2470062333170095E-002   2.6960064087937986E-002  -5.6091051999508673E-002   3.4774665368656405E-009   6.4591387156208144     
   77.102362204724457        6.2394983984704333E-002   2.7017685150670188E-002  -5.6289509408069774E-002   4.0173076439793925E-009   6.4709138455844517     
   77.354330708661465        6.2361779547723241E-002   2.7099696760775251E-002  -5.6457204787160709E-002   3.5586421363115756E-009   6.6427991406894158     
   77.606299212598472        6.2384716236290480E-002   2.7056716620378826E-002  -5.6660351838951101E-002   4.1116939407918005E-009   6.6651419585951039     
   77.858267716535480        6.2498037024051552E-002   2.6969067061675484E-002  -5.7022162110644620E-002   7.6393970118580284E-009   6.5748214269715897     
   78.110236220472487        6.2561643565200095E-002   2.6939820476752318E-002  -5.7358345418670062E-002   8.3271345825700015E-009   6.5297508394010126     
   78.362204724409494        6.2545697670077949E-002   2.6920442760657120E-002  -5.7573168683957537E-002   6.1104790151233889E-009   6.6212262772151185     
   78.614173228346502        6.2493395701658107E-002   2.6909717779510917E-002  -5.7634088053372751E-002   4.4324981960755851E-009   6.6445312911396490     
