                    0                    0                    0                    0
  0.25196850393700804        7.3517749742176407E-003   2.1331477820478954E-002  -1.4129059883615323E-002   8.4417941379117183E-009   2.9119323222796241     
  0.50393700787401607        2.2098577316284056E-002   2.1512469671645967E-002  -4.2896644198021860E-002   1.6862944669931512E-008   2.9322065043251349     
  0.75590551181102406        3.6426610427271938E-002   2.2001284141257717E-002  -7.0808546875397116E-002   2.2798330066478742E-008   2.9678638122606698     
   1.0078740157480321        5.0093408180232543E-002   2.2809550276574175E-002  -9.7255124826541139E-002   2.6739451954887678E-008   3.0139211056303767     
   1.2598425196850402        6.2944524933236365E-002   2.3951076850240449E-002 -0.12181279021104319        2.9418417719808267E-008   3.0638069111328181     
   1.5118110236220481        7.4894407201478538E-002   2.5420750267953571E-002 -0.14422807398554216        3.1142998277393313E-008   3.1329242832365787     
   1.7637795275590562        8.5893947228542461E-002   2.7231084156116664E-002 -0.16437859599941401        3.1350952504178487E-008   3.2321413816960032     
   2.0157480314960643        9.5885667949042561E-002   2.9434270336424997E-002 -0.18220439518575315        2.9949971697426872E-008   3.3577515434252772     
   2.2677165354330722       0.10474912595440718        3.2077950752905073E-002 -0.19759675579614913        2.7553085677673490E-008   3.4979582780933223     
   2.5196850393700805       0.11230632715342560        3.5127094964520891E-002 -0.21040730725777040        2.5035738147083628E-008   3.6238083612940151     
   2.7716535433070884       0.11842914963047187        3.8449432433773863E-002 -0.22064074371847797        2.2765612752657343E-008   3.7521740944970920     
   3.0236220472440962       0.12307751507058998        4.1844893819152774E-002 -0.22841920246199951        2.1290502261269432E-008   3.9749115273033713     
   3.2755905511811045       0.12633606317179866        4.5119757693409007E-002 -0.23392996470594180        1.8656499749895638E-008   4.1025642604142769     
   3.5275590551181124       0.12836590100544906        4.8312796750886823E-002 -0.23742611587881843        1.5222516834875591E-008   4.1484776829932759     
   3.7795275590551207       0.12942017191450750        5.1445950454577241E-002 -0.23927074163297002        1.1801387497268051E-008   4.2692140339450546     
   4.0314960629921286       0.12983771895867061        5.4470221835652775E-002 -0.23994438879089558        9.5066394863750842E-009   4.3543362988917158     
   4.2834645669291369       0.12984034014676574        5.7590529027661028E-002 -0.23978649091715246        7.8403105650782353E-009   4.5425952491200112     
   4.5354330708661443       0.12945479562503359        6.0661346531072989E-002 -0.23888253037173840        6.4384188155521724E-009   4.6271334176466823     
   4.7874015748031526       0.12868856354195771        6.3605314743855099E-002 -0.23727471059692051        5.3061273457929244E-009   4.6854678600476527     
   5.0393700787401610       0.12751931065670877        6.6552886588971072E-002 -0.23504358242433077        4.7467304326028494E-009   4.9070503188111516     
   5.2913385826771684       0.12607123017075397        6.9167899108883157E-002 -0.23241069880800885        3.6194742992902052E-009   4.8421874530647235     
   5.5433070866141767       0.12449174072173576        7.1653399645623422E-002 -0.22955685628960693        2.5492964940780151E-009   4.8442439540605573     
   5.7952755905511850       0.12271470534068522        7.4110796921182095E-002 -0.22642654882162772        2.0477217229495237E-009   4.9179174240967196     
   6.0472440944881924       0.12069415602968869        7.6226653484078408E-002 -0.22298160646687507        1.8074470317603855E-009   4.8620825876566922     
   6.2992125984252008       0.11862934094924574        7.8128056465423881E-002 -0.21948968095924776        1.7193718893329832E-009   4.8282791288186191     
   6.5511811023622091       0.11658091396852398        8.0077528099084319E-002 -0.21608876833173823        1.4639901322361899E-009   4.8575415241082140     
   6.8031496062992174       0.11456460138382735        8.1988909818515726E-002 -0.21280994393424840        1.0475628192290158E-009   4.8213020399837845     
   7.0551181102362248       0.11270662021305432        8.3793630933011717E-002 -0.20977265844405540        9.1623462493979953E-010   4.7949067006061510     
   7.3070866141732331       0.11113024156634975        8.5410564733056471E-002 -0.20711715305070402        1.1675813802158970E-009   4.8062982931337688     
   7.5590551181102414       0.10973323462786673        8.6635363905927881E-002 -0.20463170320492446        1.2571992614434818E-009   4.7130498529558311     
   7.8110236220472489       0.10853026908612430        8.7650870089612254E-002 -0.20234516519089105        1.2929079626193423E-009   4.6317077685010233     
   8.0629921259842572       0.10749576751002732        8.8516175062868879E-002 -0.20034741019282301        1.4959217122982774E-009   4.6053480978806807     
   8.3149606299212646       0.10657559086015728        8.9058313952281476E-002 -0.19857555854675224        1.5617895077137993E-009   4.5690608417787786     
   8.5669291338582738       0.10563616172741112        8.9610490939585993E-002 -0.19684906077822473        1.6200970254573956E-009   4.5793211500632269     
   8.8188976377952812       0.10457984316193299        8.9887148897568159E-002 -0.19504023276829052        1.6015617183510473E-009   4.5388253127642777     
   9.0708661417322887       0.10335739809253702        9.0075289180646126E-002 -0.19299897983494596        1.5327386677138677E-009   4.5072219392799218     
   9.3228346456692979       0.10203582596474590        9.0133875652665146E-002 -0.19079628319818434        1.5518888246241529E-009   4.4685874022880467     
   9.5748031496063053       0.10082417712342617        9.0173959738818615E-002 -0.18875530914340657        1.5781395339610001E-009   4.4748099751704506     
   9.8267716535433127        9.9777746990317773E-002   8.9969324014309876E-002 -0.18689642155980465        1.5495868036993521E-009   4.4480956498366426     
   10.078740157480322        9.9015731439340227E-002   8.9597553884438783E-002 -0.18537715949863631        1.6959581081578279E-009   4.4118545197891637     
   10.330708661417329        9.8364095841773733E-002   8.9202936745967298E-002 -0.18404697997767988        1.7830516936419477E-009   4.3703019704974375     
   10.582677165354337        9.7800572026055729E-002   8.8717435793660135E-002 -0.18285358754833853        1.8647662401946056E-009   4.3230812311803470     
   10.834645669291346        9.7279930007159926E-002   8.8464235606063535E-002 -0.18175307982733130        1.9607673962787788E-009   4.3780748637494833     
   11.086614173228353        9.6715275492088068E-002   8.8056243203488330E-002 -0.18071167248793235        1.9874335027409175E-009   4.3390015365748047     
   11.338582677165361        9.6210052651163697E-002   8.7660520181673959E-002 -0.17979863246819622        2.0529063701901840E-009   4.3135660861391658     
   11.590551181102370        9.5727732192177450E-002   8.7050032057926580E-002 -0.17894690603601282        1.9801414577194325E-009   4.2703841110291956     
   11.842519685039377        9.5313161292000112E-002   8.6417014129044775E-002 -0.17820685446043616        1.8947611161575411E-009   4.2290540644392216     
   12.094488188976385        9.5031833461401899E-002   8.5856417481479069E-002 -0.17769470675462798        1.9817695061292827E-009   4.2309940104403774     
   12.346456692913394        9.4825404502858160E-002   8.5031783483890330E-002 -0.17741266577658105        2.0565267260886354E-009   4.2288479964429229     
   12.598425196850402        9.4634491915850966E-002   8.4160748892422768E-002 -0.17721430582280973        2.0003792482734849E-009   4.2261562858461277     
   12.850393700787411        9.4502688980799054E-002   8.3125393764465871E-002 -0.17709480268705327        2.1027082841605943E-009   4.1821075845548572     
   13.102362204724418        9.4429574210181708E-002   8.2158820080754619E-002 -0.17702570510056226        2.3449599932095413E-009   4.1711834559042593     
   13.354330708661426        9.4222387867207102E-002   8.1274095194009494E-002 -0.17678759051196502        2.5416631896805516E-009   4.1935748255085983     
   13.606299212598435        9.3738137634277421E-002   8.0359571733363513E-002 -0.17621739332898256        2.5765792867722264E-009   4.2099511952931170     
   13.858267716535442        9.3290028995986055E-002   7.9147780455154651E-002 -0.17567214377631496        2.5813720718535526E-009   4.1756950843077760     
   14.110236220472450        9.2953297569628918E-002   7.8175056251484076E-002 -0.17519485489549358        2.7520744144202576E-009   4.1917821380939486     
   14.362204724409459        9.2522990854505285E-002   7.7319645551581606E-002 -0.17450841466082623        2.8323944188418576E-009   4.1948909710722022     
   14.614173228346466        9.2063969549870617E-002   7.6330971641841106E-002 -0.17370384469440872        2.8658319051749858E-009   4.1866070503346124     
   14.866141732283474        9.1597683882345640E-002   7.5401786235605645E-002 -0.17288243657016034        2.9740757299510048E-009   4.1688641238031394     
   15.118110236220483        9.1093643738776139E-002   7.4465682832719857E-002 -0.17210480871320977        3.0858015345318982E-009   4.1605321493170297     
   15.370078740157490        9.0721597337274321E-002   7.3332474813866025E-002 -0.17157095051344010        3.0362821306804346E-009   4.1292714219751678     
   15.622047244094498        9.0586243681405554E-002   7.2325271738234512E-002 -0.17133539388838259        2.9775473638990289E-009   4.1246150561516162     
   15.874015748031507        9.0542174339390435E-002   7.1443870184148134E-002 -0.17112315579507889        3.0074288345058660E-009   4.1465297981776779     
   16.125984251968514        9.0421386434267101E-002   7.0661908454591763E-002 -0.17069678329768123        3.1090128364759406E-009   4.1846056997851431     
   16.377952755905522        9.0233884708972562E-002   6.9797800506076826E-002 -0.17018664539591560        3.0879589703318900E-009   4.1954631606848922     
   16.629921259842529        8.9995176680425892E-002   6.8803848650241473E-002 -0.16963255884773737        3.0845100217663526E-009   4.1564415021176444     
   16.881889763779540        8.9656024988193805E-002   6.8005442259731458E-002 -0.16892448028439630        3.1177147716095404E-009   4.1482422941455530     
   17.133858267716548        8.9119288492841869E-002   6.7329819109605074E-002 -0.16794622865167225        3.3224886398479629E-009   4.2101172204535162     
   17.385826771653555        8.8490809774653026E-002   6.6545985128186644E-002 -0.16682733882601763        3.1902400690739292E-009   4.2129268350484459     
   17.637795275590562        8.7834130341439928E-002   6.5742968886723749E-002 -0.16564065825631374        3.4559401737662725E-009   4.1935275651961694     
   17.889763779527570        8.7173647959677483E-002   6.5029197111073592E-002 -0.16444099814206609        3.6541627261874866E-009   4.2093739723764845     
   18.141732283464577        8.6459412927344353E-002   6.4315609413787181E-002 -0.16319552305416535        3.6998161662795991E-009   4.2131384559235556     
   18.393700787401588        8.5737427913362405E-002   6.3527718178612538E-002 -0.16198756405149062        3.6674284238577446E-009   4.1792293941638441     
   18.645669291338596        8.5046433020814105E-002   6.2737028368951259E-002 -0.16086191067779720        3.9313158969566069E-009   4.2031083293991349     
   18.897637795275603        8.4386547481875449E-002   6.1927418826681242E-002 -0.15980910845951055        4.1061338757336775E-009   4.2034667437429487     
   19.149606299212611        8.3802400329645491E-002   6.1160328092304726E-002 -0.15885416657107171        4.2454144407144459E-009   4.1918496919228998     
   19.401574803149618        8.3200001647294658E-002   6.0553830180727568E-002 -0.15787474759862791        4.3938235816495411E-009   4.1946354187332116     
   19.653543307086625        8.2510534788140244E-002   6.0027189746532060E-002 -0.15678268857007277        4.6018448104491124E-009   4.1894044187193762     
   19.905511811023636        8.1811618232810898E-002   5.9493196445033376E-002 -0.15568072722767151        4.7332039840114108E-009   4.1804399819146667     
   20.157480314960644        8.1143013413315992E-002   5.9037709123148402E-002 -0.15461409792447089        4.7404960677045734E-009   4.2069353463513384     
   20.409448818897651        8.0493684064036300E-002   5.8675109021666227E-002 -0.15353638261889005        4.6465286141299435E-009   4.2527854958662488     
   20.661417322834659        7.9943701540085996E-002   5.8256479991711983E-002 -0.15260429696991920        4.7372265020995605E-009   4.2937078837404190     
   20.913385826771666        7.9588257814647095E-002   5.7768970962835203E-002 -0.15200397607733995        4.8149664524258044E-009   4.2965975729774613     
   21.165354330708674        7.9369461964618332E-002   5.7350793584986307E-002 -0.15165371834555583        4.7518742186030750E-009   4.2913683758352095     
   21.417322834645685        7.9242338427482698E-002   5.7055730304037808E-002 -0.15142876147213979        4.7526999896381905E-009   4.3141088715729863     
   21.669291338582692        7.9137813208351157E-002   5.6838945789246559E-002 -0.15119313031820975        4.9524940580005932E-009   4.3405660453697426     
   21.921259842519699        7.9075054693240582E-002   5.6518134472592019E-002 -0.15103406274410103        5.2829671400776488E-009   4.3560041303325816     
   22.173228346456707        7.9087673062301994E-002   5.6217141168332332E-002 -0.15106497227223323        5.6507416992864550E-009   4.3881767657991650     
   22.425196850393714        7.9065382938376991E-002   5.5885175359495116E-002 -0.15111629823371042        5.8242894537542347E-009   4.3972727262753422     
   22.677165354330722        7.9012657028894387E-002   5.5508267253489570E-002 -0.15112201259448724        5.8957260166845645E-009   4.3941107235136219     
   22.929133858267733        7.8955044400925364E-002   5.5153179031784565E-002 -0.15107647505790470        6.0348944595389321E-009   4.3955664917567550     
   23.181102362204740        7.8841501042562379E-002   5.4827980721882975E-002 -0.15089856022682377        6.0536294904877556E-009   4.3555337407604133     
   23.433070866141748        7.8633183847488658E-002   5.4560984763500409E-002 -0.15055691016232425        6.1120086262013527E-009   4.3732308638113908     
   23.685039370078755        7.8432437616005032E-002   5.4240420662767998E-002 -0.15019242040340430        5.8464622776215773E-009   4.3653811862221508     
   23.937007874015762        7.8286769460164676E-002   5.4020824198745446E-002 -0.14985252028311774        6.0114058323943734E-009   4.3606161306742068     
   24.188976377952770        7.8149612900964061E-002   5.3886258727293669E-002 -0.14950088187770944        6.2463085986789728E-009   4.4206622587182745     
   24.440944881889781        7.7984349477847062E-002   5.3803205473845581E-002 -0.14915131903336337        6.0738544329619408E-009   4.4311730530445157     
   24.692913385826788        7.7840012482928156E-002   5.3662502185299540E-002 -0.14886131379453754        6.0943349646639427E-009   4.4048985720672524     
   24.944881889763796        7.7740552924174561E-002   5.3542302061146012E-002 -0.14863565990387595        5.9205036560027028E-009   4.3944373577957307     
   25.196850393700803        7.7616123609943771E-002   5.3350327222576113E-002 -0.14841375392989845        6.0350823929993700E-009   4.4047030257633182     
   25.448818897637810        7.7493455180394702E-002   5.3159480391925640E-002 -0.14824129708360759        5.9156710694860492E-009   4.4316269746302712     
   25.700787401574821        7.7291255736723144E-002   5.2999626547914479E-002 -0.14797037977515271        5.9645846568498809E-009   4.4542702348973693     
   25.952755905511829        7.7056669995562141E-002   5.2841483590492032E-002 -0.14764318315638991        6.1571641416088147E-009   4.4112479323215581     
   26.204724409448836        7.6885001262647093E-002   5.2760427580437204E-002 -0.14736990785450227        6.3319457718243524E-009   4.4528729791595829     
   26.456692913385844        7.6737414556103917E-002   5.2597925860887629E-002 -0.14711241643776579        6.4872044520929939E-009   4.4603086017651927     
   26.708661417322851        7.6603021339732250E-002   5.2343510507262075E-002 -0.14683099553328816        6.3032478929285569E-009   4.4227168538681028     
   26.960629921259859        7.6472280239161902E-002   5.2173921555878640E-002 -0.14648318913523450        6.5449693308520338E-009   4.4262069339634351     
   27.212598425196870        7.6332419661674311E-002   5.2100156982437099E-002 -0.14607268420444727        7.0644295781629141E-009   4.4668458597883660     
   27.464566929133877        7.6141603229531271E-002   5.2045250614950099E-002 -0.14556764813121895        7.3137222519122010E-009   4.4967528487070121     
   27.716535433070884        7.5886599574801900E-002   5.1951001775180528E-002 -0.14499787975467088        7.2253950865765771E-009   4.4747770219378289     
   27.968503937007892        7.5606536789514817E-002   5.1833461248727071E-002 -0.14447966013258920        7.0429598041139921E-009   4.4584808748127704     
   28.220472440944899        7.5378293403211019E-002   5.1778715270099154E-002 -0.14410167685168768        6.7135035823938200E-009   4.5149076763857074     
   28.472440944881907        7.5274803558018855E-002   5.1648420056498667E-002 -0.14390060338785021        6.7117495041362492E-009   4.4861365819358205     
   28.724409448818918        7.5338744877789229E-002   5.1478283816632546E-002 -0.14388891739205870        6.5619639427156204E-009   4.4820543137064570     
   28.976377952755925        7.5553211453652597E-002   5.1388675521036813E-002 -0.14405300092884465        6.7299205199990708E-009   4.4923587079546579     
   29.228346456692933        7.5807329694042247E-002   5.1341332592045666E-002 -0.14428293943021095        7.0752096008539443E-009   4.5065979388348838     
   29.480314960629940        7.5960406523597687E-002   5.1236773284562089E-002 -0.14437994395178480        7.4829807748403243E-009   4.5282297106029219     
   29.732283464566947        7.5977791999324029E-002   5.1043926351117049E-002 -0.14430816941624194        7.3596290067654451E-009   4.5099251167291365     
   29.984251968503955        7.5857040201008238E-002   5.0923645470040912E-002 -0.14408166269986647        7.3356458141010719E-009   4.5236666009436943     
   30.236220472440966        7.5604310555558676E-002   5.0828908874809953E-002 -0.14370047006310535        7.4550560904680811E-009   4.5224238801355394     
   30.488188976377973        7.5231328538734960E-002   5.0786893413461168E-002 -0.14317059462195564        7.5313518676891964E-009   4.5430862975918087     
   30.740157480314981        7.4743932014670805E-002   5.0793358134837895E-002 -0.14251698417166134        7.5329674401368596E-009   4.5432919512428258     
   30.992125984251988        7.4236255628094799E-002   5.0713021366538415E-002 -0.14187024287871494        7.4413625297550515E-009   4.5344862746279011     
   31.244094488188995        7.3856723386685849E-002   5.0692436911559169E-002 -0.14143206745087256        7.3327776910374423E-009   4.5705452840483760     
   31.496062992126003        7.3627115458258188E-002   5.0672048176405013E-002 -0.14121897113064541        7.4643886459390665E-009   4.5843295862134337     
   31.748031496063014        7.3558827021828532E-002   5.0644140102796317E-002 -0.14120394521173951        7.4297188889492251E-009   4.6265780486873815     
   32.000000000000021        7.3616519665659477E-002   5.0662461963584801E-002 -0.14131582806493120        7.5561028732246744E-009   4.6454408777068137     
   32.251968503937029        7.3720661648363731E-002   5.0702777238273572E-002 -0.14146140040315364        7.2795645000222700E-009   4.7193180508061916     
   32.503937007874036        7.3789957873975562E-002   5.0701635461888099E-002 -0.14159651058561290        7.0215410783465929E-009   4.7451185114501353     
   32.755905511811044        7.3841869888225331E-002   5.0721481230757655E-002 -0.14169924247776267        7.1986908021954254E-009   4.7362467061745841     
   33.007874015748051        7.3832986482945229E-002   5.0821250521102868E-002 -0.14172083932125773        7.3756626430393878E-009   4.7641914037464659     
   33.259842519685058        7.3843440419406811E-002   5.0886933820432988E-002 -0.14181062593286664        7.3526574774156620E-009   4.7860344675779487     
   33.511811023622066        7.3927841941491462E-002   5.0937187328471308E-002 -0.14196883460159787        7.3677824638543831E-009   4.8211627515150006     
   33.763779527559080        7.4078939162886659E-002   5.0969096288990982E-002 -0.14217148022922532        8.1493368026753111E-009   4.8402658946733332     
   34.015748031496088        7.4266720204121603E-002   5.1007254004887502E-002 -0.14238924447906487        8.6799958605729367E-009   4.8982963790020371     
   34.267716535433095        7.4385784882178882E-002   5.1070921095706059E-002 -0.14250657584241280        9.0237473386191975E-009   4.8698612987192869     
   34.519685039370103        7.4433945002919749E-002   5.1159126672529427E-002 -0.14253069198367616        9.0401775423698277E-009   4.8770585084477860     
   34.771653543307110        7.4528069101617897E-002   5.1199163231394437E-002 -0.14259164835723831        9.2129278200631033E-009   4.8890876916366688     
   35.023622047244118        7.4646622424374226E-002   5.1272587093699425E-002 -0.14265255342551786        9.6736955872621283E-009   4.9418938252149811     
   35.275590551181125        7.4730022273307578E-002   5.1195425414581656E-002 -0.14264786503297205        9.6836867030115399E-009   4.8988854077398498     
   35.527559055118132        7.4676130432876450E-002   5.1121926705118677E-002 -0.14245348663554125        9.8236355517439693E-009   4.8390633182397940     
   35.779527559055140        7.4509683448030883E-002   5.0939598562566607E-002 -0.14209932869057762        9.5934636921952159E-009   4.7848170330326054     
   36.031496062992147        7.4279821177958311E-002   5.0896788003640052E-002 -0.14167238144002947        9.0759785680878314E-009   4.8656428492662895     
   36.283464566929155        7.4025561532356926E-002   5.0747245641370106E-002 -0.14123515186497060        8.8270367281910551E-009   4.8388453325768541     
   36.535433070866162        7.3790854452188165E-002   5.0615230592803977E-002 -0.14079269065678174        9.0931068811654996E-009   4.8483376006521848     
   36.787401574803177        7.3486512809989954E-002   5.0645408059556030E-002 -0.14027108159322910        8.9923551081392499E-009   4.9519070249351698     
   37.039370078740184        7.3123697203504756E-002   5.0547618441894530E-002 -0.13970728023872409        9.0525099432098383E-009   4.9476397018251106     
   37.291338582677191        7.2802475972168434E-002   5.0396900146351425E-002 -0.13918564549114776        9.1051763956690125E-009   4.9494326831708237     
   37.543307086614199        7.2525527703092701E-002   5.0346786728052456E-002 -0.13873894902096956        9.1282393666605327E-009   4.9895536118984216     
   37.795275590551206        7.2306806481060582E-002   5.0143223186837407E-002 -0.13842497989248811        9.0645153477841955E-009   4.9327562553077886     
   38.047244094488214        7.2146741043612378E-002   4.9969198250619205E-002 -0.13820437146403966        8.5302034913614117E-009   4.9061537115492655     
   38.299212598425221        7.2019904804292406E-002   4.9901856493416025E-002 -0.13802267562458317        8.3828690281192895E-009   4.8968683895611838     
   38.551181102362229        7.1898670931549100E-002   4.9951805939729400E-002 -0.13782272496976952        8.2581168674454445E-009   4.9386777484023554     
   38.803149606299236        7.1813257140732736E-002   4.9957984874199300E-002 -0.13763874809742815        8.1437216290189258E-009   4.9517213201344292     
   39.055118110236243        7.1776521958230824E-002   4.9953009445988107E-002 -0.13754239402753837        8.0934393636975819E-009   4.9476876445326905     
   39.307086614173251        7.1734449274687237E-002   4.9963366390039066E-002 -0.13744525904467275        8.0090444823314867E-009   5.0202888070420180     
   39.559055118110258        7.1718907271300578E-002   4.9979025264060152E-002 -0.13737926224633762        7.9839837126350171E-009   5.0374879373358672     
   39.811023622047273        7.1813574717654219E-002   4.9949804806715146E-002 -0.13747289231045109        8.2704665401042890E-009   5.0253054531755534     
   40.062992125984280        7.1929145570025430E-002   4.9921566141790920E-002 -0.13761871154830585        8.6686905089755403E-009   5.0654139221766208     
   40.314960629921288        7.1952194698104460E-002   4.9757462925019681E-002 -0.13761845257809061        9.0036862063010334E-009   5.0445814180787885     
   40.566929133858295        7.1911557550882327E-002   4.9560241513018653E-002 -0.13751340195544143        9.1806103640466934E-009   4.9924202469792993     
   40.818897637795303        7.1828438568175945E-002   4.9495870561135108E-002 -0.13741396445955165        9.2408522115340516E-009   4.9721628028528331     
   41.070866141732310        7.1757037064466178E-002   4.9361205700524553E-002 -0.13735505716008906        8.9323371424902333E-009   4.9982182777953970     
   41.322834645669317        7.1801710855593073E-002   4.9229194888363831E-002 -0.13743674505804615        9.2492304288431771E-009   4.9467572061202425     
   41.574803149606325        7.1813194365905442E-002   4.9235901020440551E-002 -0.13749878035066238        9.9363865964502648E-009   5.0422672094082737     
   41.826771653543332        7.1690976069535492E-002   4.9156176823587368E-002 -0.13737779341201267        9.4830443659681043E-009   5.1346853218635822     
   42.078740157480340        7.1597982480518921E-002   4.9012543988409568E-002 -0.13724529319076223        9.1426626669943351E-009   5.0957255676259336     
   42.330708661417347        7.1556932573047544E-002   4.8899135619876334E-002 -0.13714163570311541        9.5055423805826173E-009   5.1204882043483524     
   42.582677165354362        7.1532463655108805E-002   4.8790202391622975E-002 -0.13702150476289082        9.8725570882110380E-009   5.0601554470562684     
   42.834645669291369        7.1387423878247869E-002   4.8824138431837541E-002 -0.13668967601847842        9.7558634236738009E-009   5.0945400055368681     
   43.086614173228377        7.1209158711219106E-002   4.8868123552980071E-002 -0.13634313646362731        9.2771492462965401E-009   5.0872206743985888     
   43.338582677165384        7.1117769901165168E-002   4.8883143802314379E-002 -0.13619386018253588        8.9017872617965849E-009   5.0769342588762072     
   43.590551181102391        7.1121171116194093E-002   4.8837347526543104E-002 -0.13616606812196891        9.0153797935035703E-009   5.1016445930083698     
   43.842519685039399        7.1159199498376013E-002   4.8791146817928371E-002 -0.13614468239762822        9.1688349443238275E-009   5.0813186857851438     
   44.094488188976406        7.1201240306047880E-002   4.8683822129566734E-002 -0.13609331839849670        8.9988613138928149E-009   5.0566640120625808     
   44.346456692913414        7.1273898444018630E-002   4.8589048627898423E-002 -0.13612527599035368        8.9407993993499661E-009   5.0596620068595630     
   44.598425196850421        7.1409339892920809E-002   4.8490684341820266E-002 -0.13632252169734149        9.0870218648290787E-009   5.0272552027607462     
   44.850393700787428        7.1527683537630810E-002   4.8410466198376988E-002 -0.13648801813053474        9.4162311851832983E-009   5.0284654691799897     
   45.102362204724436        7.1516654669548221E-002   4.8320341603782520E-002 -0.13645633239128752        9.7534248809348860E-009   4.9817809093365755     
   45.354330708661443        7.1422645351534045E-002   4.8318775119729297E-002 -0.13636498984649179        9.9773349278100370E-009   5.0414103712189950     
   45.606299212598458        7.1283142115961096E-002   4.8346642818954642E-002 -0.13625725809850647        9.8026155230806734E-009   5.1084355927272709     
   45.858267716535465        7.1193418863445365E-002   4.8258767713163502E-002 -0.13620750703123899        9.5415188183384246E-009   5.0761548513411654     
   46.110236220472473        7.1181808732122223E-002   4.8196579374249759E-002 -0.13625079198181131        9.2663092832268247E-009   5.0841070628253826     
   46.362204724409480        7.1166235810593587E-002   4.8199494782685537E-002 -0.13631906249881409        9.0997486445093080E-009   5.0678947188624734     
   46.614173228346488        7.1149015749422284E-002   4.8247419557637478E-002 -0.13638849184655083        9.0573740210091929E-009   5.1237745444848537     
   46.866141732283495        7.1196397653537233E-002   4.8269906734863033E-002 -0.13655234142186801        8.8695631820599306E-009   5.1140794871468662     
   47.118110236220502        7.1210195552020003E-002   4.8384406621869984E-002 -0.13664976194380554        9.4160434901504415E-009   5.0814388769713759     
   47.370078740157510        7.1113521239472816E-002   4.8643320117133328E-002 -0.13659852383431600        9.7944375111036428E-009   5.1263652083873090     
   47.622047244094517        7.1044860155622613E-002   4.8800689325514394E-002 -0.13662924770278467        9.6763157726245981E-009   5.1185998645871189     
   47.874015748031525        7.1110731469046062E-002   4.8921299675795976E-002 -0.13684732121285104        9.6600792153779234E-009   5.1322379936096096     
   48.125984251968532        7.1239571222648942E-002   4.8976249540472187E-002 -0.13715467003924608        9.8536115087241220E-009   5.1284335762571560     
   48.377952755905540        7.1434384226417097E-002   4.8936469280077395E-002 -0.13752253972448361        1.0096899489149561E-008   5.0160722772804416     
   48.629921259842554        7.1628307477799830E-002   4.9035622463364494E-002 -0.13782647893102398        1.0006251645193705E-008   5.0517217167197677     
   48.881889763779562        7.1764315791029848E-002   4.9099743045172645E-002 -0.13802934047696050        9.8523358404695822E-009   5.1121027897342826     
   49.133858267716569        7.1928432741822770E-002   4.9043705414042488E-002 -0.13826815977910850        9.6720634536354721E-009   5.1026178020010020     
   49.385826771653576        7.2140090089725731E-002   4.9083326247548596E-002 -0.13853338750085720        9.3669604002490320E-009   5.1418334741548737     
   49.637795275590584        7.2284415155586021E-002   4.9169730827795605E-002 -0.13867959512864042        9.2293554607651397E-009   5.2105701683007917     
   49.889763779527591        7.2377904560285602E-002   4.9185878945749557E-002 -0.13874668010645730        9.5206784775117829E-009   5.1676581435153484     
   50.141732283464599        7.2433512475535658E-002   4.9182061694152637E-002 -0.13876974186125385        9.5228350636314764E-009   5.2733419346335557     
   50.393700787401606        7.2418924745773480E-002   4.9230184933924753E-002 -0.13872592335247280        8.7873764442867657E-009   5.2861546709926648     
   50.645669291338614        7.2354096975489127E-002   4.9167286462448709E-002 -0.13864780565347556        8.3569531072457878E-009   5.3212722122249936     
   50.897637795275621        7.2312747880032835E-002   4.9103703657821969E-002 -0.13861840727440844        8.4906807450495636E-009   5.4759202121272175     
   51.149606299212628        7.2335034170939297E-002   4.9045790438220042E-002 -0.13866664389567238        8.7245199506584361E-009   5.4098592852110388     
   51.401574803149643        7.2346858697059743E-002   4.9121312827115092E-002 -0.13867280360582812        8.5655996162648079E-009   5.5075221349550141     
   51.653543307086650        7.2301247284125375E-002   4.9224727384655859E-002 -0.13860103207417201        7.3499436359292135E-009   5.5367851706012239     
   51.905511811023658        7.2301696952009734E-002   4.9292082557951956E-002 -0.13858210796022469        8.0312794891053388E-009   5.4448525536315966     
   52.157480314960665        7.2372612698145405E-002   4.9249686409777525E-002 -0.13864554442509086        8.7063278423505941E-009   5.3484078907233643     
   52.409448818897673        7.2375928557076891E-002   4.9341191864440283E-002 -0.13863633026741345        8.2140982647619503E-009   5.5190530821958941     
   52.661417322834680        7.2316277541033633E-002   4.9364352406463266E-002 -0.13860327168624548        8.1024463803147942E-009   5.4778078824136962     
   52.913385826771687        7.2301572484115978E-002   4.9329189072518605E-002 -0.13859974224497629        9.0934924888752965E-009   5.3682197594097678     
   53.165354330708695        7.2403820385519638E-002   4.9361248303031569E-002 -0.13871389234438997        9.0722424895259591E-009   5.3874022676830791     
   53.417322834645702        7.2505720193545717E-002   4.9439783152805110E-002 -0.13881786934917045        9.5825580121955806E-009   5.3731404415664334     
   53.669291338582710        7.2513617542632205E-002   4.9493860796092255E-002 -0.13879690354909693        9.6234092693907350E-009   5.4340270797344061     
   53.921259842519717        7.2430847555241054E-002   4.9560980109697166E-002 -0.13866887214911736        9.3065700928527133E-009   5.4098220220205322     
   54.173228346456725        7.2320395582806701E-002   4.9624170287704002E-002 -0.13852014700047596        9.3179770136347146E-009   5.3953336936739351     
   54.425196850393739        7.2201487244188456E-002   4.9649555613609973E-002 -0.13835814082365894        9.4620092232837299E-009   5.4564279626166012     
   54.677165354330747        7.2045177730237497E-002   4.9613772549208270E-002 -0.13811089282433697        9.3456992662649953E-009   5.4389251902507656     
   54.929133858267754        7.1852665797497495E-002   4.9538563484226888E-002 -0.13783275490668112        8.9591599344627422E-009   5.4426154258236821     
   55.181102362204761        7.1721976310871502E-002   4.9449352613148909E-002 -0.13768546365439904        8.9816492985147109E-009   5.4200727010063225     
   55.433070866141769        7.1733692579165370E-002   4.9428406062714238E-002 -0.13771355058224305        9.8879146509981446E-009   5.4507116858434621     
   55.685039370078776        7.1794524049595257E-002   4.9576590739590566E-002 -0.13777314737548613        1.0247920332578821E-008   5.5528132466399960     
   55.937007874015784        7.1820784094668591E-002   4.9651231643857478E-002 -0.13782129791109293        1.0188833263978899E-008   5.5682825464013721     
   56.188976377952791        7.1935539208617005E-002   4.9657677566847171E-002 -0.13800417126846859        1.0002653494923626E-008   5.5283790774535113     
   56.440944881889799        7.2113719860030442E-002   4.9737817890504271E-002 -0.13830711153925396        1.0002409854570914E-008   5.5101626121142768     
   56.692913385826806        7.2323176261740896E-002   4.9786282754438492E-002 -0.13866830626936538        1.0047844356775508E-008   5.5231412088710270     
   56.944881889763813        7.2549387350384756E-002   4.9774476849784186E-002 -0.13900251943476793        1.0175165950082649E-008   5.4845879849497612     
   57.196850393700828        7.2809611891296852E-002   4.9746711620514195E-002 -0.13938268830347644        9.8664493586432902E-009   5.4857919717173607     
   57.448818897637835        7.3100108681062995E-002   4.9783918187261841E-002 -0.13981601808464914        9.5463625523163511E-009   5.4958679976900244     
   57.700787401574843        7.3410069935677502E-002   4.9908679266006159E-002 -0.14028600535818692        9.1589820412563299E-009   5.5397535087999623     
   57.952755905511850        7.3699896314737667E-002   4.9890828773812707E-002 -0.14067676242044272        9.1075421018345650E-009   5.4706199878884005     
   58.204724409448858        7.4011635538615714E-002   4.9902363503926607E-002 -0.14105297599531530        9.0717209611214546E-009   5.4652977076576583     
   58.456692913385865        7.4214838362528207E-002   4.9913043972319958E-002 -0.14126525248292537        9.1533966158289596E-009   5.4005851569350849     
   58.708661417322872        7.4267286767860291E-002   5.0074822928203942E-002 -0.14124605687174899        9.4096814174494500E-009   5.4468208089881944     
   58.960629921259880        7.4203680145642423E-002   5.0204254737157325E-002 -0.14106295216122461        8.9574018443679194E-009   5.4613016825916887     
   59.212598425196887        7.4043515974517082E-002   5.0220440051961572E-002 -0.14078179163793958        8.9405156672256069E-009   5.3798973613763073     
   59.464566929133895        7.3761780647000924E-002   5.0310180825600424E-002 -0.14039884632769098        8.8282456214728628E-009   5.4157041338359839     
   59.716535433070902        7.3383668415470407E-002   5.0419641585587288E-002 -0.13994650575333437        8.6443505461034263E-009   5.4220069730004035     
   59.968503937007910        7.3096498332422141E-002   5.0536599843203835E-002 -0.13965418383813841        8.4291581796617675E-009   5.4399323700480764     
   60.220472440944924        7.2880130435540355E-002   5.0683443202809611E-002 -0.13947012684011012        8.1712265036437937E-009   5.4586692605465235     
   60.472440944881932        7.2735385070435934E-002   5.0742514316692862E-002 -0.13941755592541716        7.8057336143500732E-009   5.4338655334943384     
   60.724409448818939        7.2778872698259278E-002   5.0752339038611094E-002 -0.13958007323357355        8.1465873077722362E-009   5.3798622753767553     
   60.976377952755946        7.2946400747423951E-002   5.0818503651956871E-002 -0.13984742263814076        8.6107950796086870E-009   5.3959701621453320     
   61.228346456692954        7.3149199822399008E-002   5.0851956683255560E-002 -0.14018228579882652        8.5641575997967439E-009   5.4294054109031409     
   61.480314960629961        7.3360189932544700E-002   5.0729056707831933E-002 -0.14055098668763277        8.8279076720145195E-009   5.4033415388177408     
   61.732283464566969        7.3531447033511763E-002   5.0622887662839969E-002 -0.14080592171897255        9.0208684453073056E-009   5.4064430494036664     
   61.984251968503976        7.3628647618861273E-002   5.0585402108130437E-002 -0.14089647346359516        9.2747489399955736E-009   5.3283035567764392     
   62.236220472440984        7.3620328066556565E-002   5.0635428093555465E-002 -0.14085639790299925        9.6251243816181113E-009   5.3925340861387099     
   62.488188976377991        7.3565361391002906E-002   5.0650574239565614E-002 -0.14077480722317420        1.0108168077303621E-008   5.3307589207689876     
   62.740157480314998        7.3457315955444441E-002   5.0655100753106100E-002 -0.14059880260189411        1.0277773003024994E-008   5.2573861156635644     
   62.992125984252006        7.3253301565092049E-002   5.0610338371479470E-002 -0.14028343100522467        1.0214976029710089E-008   5.2186606205426385     
   63.244094488189020        7.3063841862748835E-002   5.0548547510703951E-002 -0.13998393295121808        9.6598432443016593E-009   5.2368540393499607     
   63.496062992126028        7.2918687962024165E-002   5.0559109364954100E-002 -0.13967630144622836        9.7819037974497412E-009   5.3194321324929215     
   63.748031496063035        7.2785078271421499E-002   5.0509930165772897E-002 -0.13926193169778667        9.5687251021329344E-009   5.3615234036794011     
   64.000000000000043        7.2727209533465745E-002   5.0343013926119916E-002 -0.13892309632779504        1.0025025003154015E-008   5.2598447025546395     
   64.251968503937050        7.2708290578288981E-002   5.0191375410797830E-002 -0.13868152987941496        1.0080165699551531E-008   5.2945908444541319     
   64.503937007874057        7.2690701164902061E-002   5.0082284744293291E-002 -0.13844649063313991        1.0099270890618392E-008   5.3147622817051019     
   64.755905511811065        7.2619357101803020E-002   4.9933107083900759E-002 -0.13808538332823000        1.0258213919169246E-008   5.3122050364503464     
   65.007874015748072        7.2457599174313783E-002   4.9865396478520591E-002 -0.13761011949125779        1.0643108640038779E-008   5.3470016072152342     
   65.259842519685080        7.2199153477692707E-002   4.9788344640150771E-002 -0.13701667509623600        1.0723471552708876E-008   5.3968755317048087     
   65.511811023622087        7.1811009956231631E-002   4.9629855111549263E-002 -0.13626177499234698        1.0452092450425443E-008   5.4079477385710080     
   65.763779527559095        7.1320248590688945E-002   4.9518102804763549E-002 -0.13534576817300875        1.0192206836500002E-008   5.4032821382210585     
   66.015748031496102        7.0743148064339179E-002   4.9503631250070450E-002 -0.13431780021066295        1.0332388134541943E-008   5.4710723337123532     
   66.267716535433109        7.0174031688161664E-002   4.9415162269509809E-002 -0.13339728570013482        1.0628013202219296E-008   5.4634516629499270     
   66.519685039370117        6.9654479605400568E-002   4.9354452410620947E-002 -0.13264330657199908        1.0247979459137728E-008   5.4885400398662298     
   66.771653543307124        6.9232756653332062E-002   4.9252804926428202E-002 -0.13212154090414996        9.8656815038442341E-009   5.3966188425431394     
   67.023622047244132        6.8965108168860992E-002   4.9215280474377406E-002 -0.13186042971714473        9.7883116846498173E-009   5.3974662162559994     
   67.275590551181139        6.8686822295771832E-002   4.9192519801901466E-002 -0.13158921690724171        9.9174295021785439E-009   5.3985730608379274     
   67.527559055118161        6.8392377906607613E-002   4.9203022518897591E-002 -0.13125377981005334        1.0570997350224906E-008   5.4729218824511223     
   67.779527559055168        6.8110830893984203E-002   4.9280217361535282E-002 -0.13087106142909202        1.0541069599020455E-008   5.5666658696278990     
   68.031496062992176        6.7892343459301632E-002   4.9214360410621570E-002 -0.13055132309446080        1.0117262582469298E-008   5.5473966463452893     
   68.283464566929183        6.7839287800569151E-002   4.9141579950697879E-002 -0.13042811541283772        1.0119948279618849E-008   5.5358332609928258     
   68.535433070866191        6.7922290862248630E-002   4.9123432176575693E-002 -0.13048658049858564        1.0628268721905737E-008   5.5559737341449758     
   68.787401574803198        6.7974536455756004E-002   4.9096740659777441E-002 -0.13055304946590657        1.0652232563375847E-008   5.5644610578626983     
   69.039370078740205        6.8035670805359189E-002   4.8951905163248835E-002 -0.13061642963288181        1.0641010317282385E-008   5.4578738492482746     
   69.291338582677213        6.8141522850412820E-002   4.8919133422900329E-002 -0.13069791739524506        1.1023421274239608E-008   5.5482846484285782     
   69.543307086614220        6.8153500412080972E-002   4.8891568615843935E-002 -0.13064132330555428        1.1247797807165536E-008   5.5195856586581922     
   69.795275590551228        6.7997008606490869E-002   4.8834299686347137E-002 -0.13037945824265412        1.1228475670696913E-008   5.4952499401635375     
   70.047244094488235        6.7798801282997020E-002   4.8690526365116657E-002 -0.13007972273984081        1.1143016499582550E-008   5.5062498581459431     
   70.299212598425243        6.7724312318745108E-002   4.8681569435424510E-002 -0.12998490879618632        1.1335904860134230E-008   5.5791859336059613     
   70.551181102362250        6.7695993444774824E-002   4.8639496675363429E-002 -0.13002145734568882        1.1866297560347755E-008   5.6373465644453029     
   70.803149606299257        6.7710070742606099E-002   4.8566328435592963E-002 -0.13013041821252330        1.1226886967840725E-008   5.6613332849368092     
   71.055118110236265        6.7816938530411555E-002   4.8394553625150639E-002 -0.13031504266152016        1.1198511816638126E-008   5.5245917901410984     
   71.307086614173272        6.7962055107597799E-002   4.8250719419935320E-002 -0.13053738113267588        1.1827108442805161E-008   5.5874501858124024     
   71.559055118110280        6.8038077036010558E-002   4.8141458137530353E-002 -0.13069828648458839        1.2396803588234906E-008   5.6887681025308821     
   71.811023622047287        6.8056175936684254E-002   4.7957657307398122E-002 -0.13077733579455747        1.2272708275321678E-008   5.6769020516044764     
   72.062992125984294        6.8106504515738561E-002   4.7814749809683733E-002 -0.13086194281668548        1.2670130599286873E-008   5.6442375212035190     
   72.314960629921302        6.8229837582110334E-002   4.7649112965879765E-002 -0.13103762735874300        1.3161313947067368E-008   5.6791240082920460     
   72.566929133858309        6.8390228116382554E-002   4.7465582984447120E-002 -0.13128324847507922        1.3235755511744654E-008   5.6318242535173111     
   72.818897637795317        6.8475105822174406E-002   4.7382572976379204E-002 -0.13140290246074759        1.3175376185086358E-008   5.7704587611475047     
   73.070866141732324        6.8396651653542723E-002   4.7184683938145289E-002 -0.13126712580923844        1.2521238833752117E-008   5.7130606661809917     
   73.322834645669346        6.8292590432411190E-002   4.6969680303716253E-002 -0.13111861516741874        1.2221017037339061E-008   5.6499507599808867     
   73.574803149606353        6.8241533003791655E-002   4.6810284394166853E-002 -0.13104612323868131        1.2292013505879275E-008   5.6477206525013646     
   73.826771653543361        6.8212977396160265E-002   4.6688080623424118E-002 -0.13095680385986519        1.2209052037085753E-008   5.6456135237335792     
   74.078740157480368        6.8236659939909669E-002   4.6638532817862129E-002 -0.13090520853119120        1.2139177837921694E-008   5.6673744854361372     
   74.330708661417376        6.8334915684314462E-002   4.6686456209070075E-002 -0.13093482527077774        1.2612995388359809E-008   5.6512662291509459     
   74.582677165354383        6.8442129902918550E-002   4.6687603209432577E-002 -0.13097553135166862        1.2964059982738711E-008   5.6989644526060834     
   74.834645669291390        6.8599584421601245E-002   4.6529948673437786E-002 -0.13109949119182501        1.2942774333917245E-008   5.6294525946737597     
   75.086614173228398        6.8797000354984025E-002   4.6400385040028143E-002 -0.13126580996964912        1.2872298502566050E-008   5.6236428565993366     
   75.338582677165405        6.9018576581010432E-002   4.6385025364448162E-002 -0.13146390765642890        1.2596553777408608E-008   5.6170224238134976     
   75.590551181102413        6.9170012363846595E-002   4.6409148706449146E-002 -0.13162842553671722        1.2349614680962540E-008   5.7019186441952474     
   75.842519685039420        6.9247284090990679E-002   4.6314108472199134E-002 -0.13174213436105184        1.2269883795277997E-008   5.6510973142326328     
   76.094488188976428        6.9333987887674087E-002   4.6202768729295338E-002 -0.13188261235100612        1.2914244311425575E-008   5.5191362263698567     
   76.346456692913435        6.9364651627722984E-002   4.6270953676999425E-002 -0.13197631757247869        1.3861217434673767E-008   5.6111303131554697     
   76.598425196850442        6.9187313040250484E-002   4.6336972137980187E-002 -0.13176221021538975        1.3390386343342813E-008   5.6264383132677951     
   76.850393700787450        6.8849072666831518E-002   4.6265862757515541E-002 -0.13131913500000161        1.3541888545264306E-008   5.5348469028549818     
   77.102362204724457        6.8500458561338892E-002   4.6207024988469486E-002 -0.13089544254604324        1.3636862092121861E-008   5.6157092621007516     
   77.354330708661465        6.8266354308285773E-002   4.6136178213954465E-002 -0.13062813385600902        1.3186998883368719E-008   5.5518860228161460     
   77.606299212598472        6.8109080633629859E-002   4.6120715867145397E-002 -0.13049379686992035        1.3189048287792548E-008   5.6176873093468078     
   77.858267716535480        6.7973911937458484E-002   4.5996883895555098E-002 -0.13047194896151004        1.3524262925405983E-008   5.6070552397381057     
   78.110236220472487        6.7764941711730128E-002   4.5940384236322081E-002 -0.13032658527693022        1.3641926990141614E-008   5.6057860582828258     
   78.362204724409494        6.7518226656198360E-002   4.5875146619199551E-002 -0.13006392432627631        1.3166304943590041E-008   5.6820500140319643     
   78.614173228346502        6.7352703349943463E-002   4.5758088729429505E-002 -0.12984609905160158        1.3228068249449158E-008   5.6912795955613600     
