           0           0           0           0
  0.10335917312655771        9.7249369629121979E-003   7.0073176183219663E-002  -1.9984526318985420E-002   1.4856647433883090E-008   4.7456729048984831     
  0.20671834625311541        2.9991738856893300E-002   7.3034230851320825E-002  -6.0871980206070611E-002   1.5908628373374652E-008   4.7861077078509977     
  0.31007751937967309        4.9897104877474494E-002   7.5974010561960847E-002 -0.10021206162683911        1.6480872397071032E-008   4.7962212005771860     
  0.41343669250623083        6.9028376129787947E-002   7.8638816319054658E-002 -0.13725228970562198        1.6620886650034088E-008   4.7551763865184205     
  0.51679586563278856        8.7064728715799622E-002   8.0894397723478534E-002 -0.17144852146674433        1.6451267258669273E-008   4.6682639981923382     
  0.62015503875934619       0.10377682780551464        8.2698454022218468E-002 -0.20246850928729626        1.6116177486255969E-008   4.5698461336387934     
  0.72351421188590392       0.11900703742699416        8.4049738006534910E-002 -0.23015244683087377        1.5694949958847215E-008   4.4801071387733327     
  0.82687338501246166       0.13266567299080756        8.4950400391314407E-002 -0.25448862720770565        1.5258662765784656E-008   4.3947260322451962     
  0.93023255813901939       0.14474300435628079        8.5427279084627356E-002 -0.27560424699252917        1.4839702538229183E-008   4.3136351667636115     
   1.0335917312655771       0.15529240441431733        8.5540910819003974E-002 -0.29371291081899753        1.4448846750495164E-008   4.2388128261071607     
   1.1369509043921349       0.16439787570606959        8.5377170719442855E-002 -0.30906360170688740        1.4086473973381823E-008   4.1738326666920313     
   1.2403100775186924       0.17216791990867550        8.5041039875098867E-002 -0.32192692489659824        1.3763613642541849E-008   4.1192774194796042     
   1.3436692506452501       0.17871995476113706        8.4596940662770029E-002 -0.33257378384681613        1.3485383657923856E-008   4.0826370059104322     
   1.4470284237718078       0.18416847097370254        8.4105714543303067E-002 -0.34125969468493911        1.3196968096674549E-008   4.0569857052905762     
   1.5503875968983656       0.18863309669459849        8.3626027059201594E-002 -0.34823814553017407        1.2878588328435525E-008   4.0453992704347757     
   1.6537467700249233       0.19222379420933797        8.3184336230735206E-002 -0.35373202057261333        1.2522522929198606E-008   4.0375438471902232     
   1.7571059431514811       0.19504391328936896        8.2780411316109678E-002 -0.35793762594814538        1.2150380400837605E-008   4.0326909865396052     
   1.8604651162780388       0.19719673479765620        8.2412374320212964E-002 -0.36104229717547975        1.1775085351305560E-008   4.0265806373840469     
   1.9638242894045965       0.19877798171997924        8.2087438826183773E-002 -0.36321630696306662        1.1409761573196615E-008   4.0226229057360845     
   2.0671834625311543       0.19987954723491161        8.1813768483251142E-002 -0.36461232270050037        1.1066938714317743E-008   4.0266416919212800     
   2.1705426356577120       0.20058246160851079        8.1585011332377444E-002 -0.36536195151041923        1.0758961736448245E-008   4.0435551771373142     
   2.2739018087842697       0.20095215385091461        8.1406656954909395E-002 -0.36557621945398100        1.0470297174729261E-008   4.0620502197172774     
   2.3772609819108275       0.20104516278778423        8.1292428014377999E-002 -0.36534772686532579        1.0216896892663755E-008   4.0760723076601471     
   2.4806201550373848       0.20090388939420389        8.1251920253486862E-002 -0.36474800987184153        9.9752227751890102E-009   4.0936338767401406     
   2.5839793281639425       0.20055748430935122        8.1290856799613120E-002 -0.36383101080190217        9.7194914590694162E-009   4.1148828431596156     
   2.6873385012905002       0.20003138021080519        8.1383442888865468E-002 -0.36264367285989529        9.4696456184064885E-009   4.1283959791305627     
   2.7906976744170580       0.19935090041123063        8.1515725143420315E-002 -0.36122589498426338        9.2024132489836404E-009   4.1455564422046702     
   2.8940568475436157       0.19854051977205531        8.1707253952510966E-002 -0.35961445600737180        8.9159999818045215E-009   4.1701323338105922     
   2.9974160206701734       0.19762488532780167        8.1936252588800593E-002 -0.35784745263305029        8.6609331919825031E-009   4.1948779335162518     
   3.1007751937967312       0.19663103736082058        8.2181508128758018E-002 -0.35596651121059097        8.4109191895534177E-009   4.2092017733860132     
   3.2041343669232889       0.19558602607932776        8.2440846112868574E-002 -0.35400798188839588        8.1819623010882765E-009   4.2156289403661900     
   3.3074935400498466       0.19451139924880573        8.2718299251721639E-002 -0.35199804305410043        7.9848945103413321E-009   4.2172976589173521     
   3.4108527131764044       0.19341526671116474        8.3045248702139196E-002 -0.34994997459619415        7.7881637775114995E-009   4.2223212589013901     
   3.5142118863029621       0.19229090745813174        8.3396509171739422E-002 -0.34786042615731960        7.6417827060140597E-009   4.2309424758449108     
   3.6175710594295198       0.19114892900731753        8.3703538382142867E-002 -0.34574923342967390        7.5014439822642333E-009   4.2297478923987128     
   3.7209302325560776       0.19000598855451437        8.3971109668783392E-002 -0.34364443373832193        7.3545404699114527E-009   4.2187101286211091     
   3.8242894056826353       0.18887144422205121        8.4237370772311748E-002 -0.34156180725915886        7.2174070777820414E-009   4.2059788462365075     
   3.9276485788091930       0.18774627744327776        8.4524269095551774E-002 -0.33950496074493308        7.0878549109187440E-009   4.2018185103994101     
   4.0310077519357508       0.18662903123516308        8.4825840726245730E-002 -0.33746962337601671        6.9867817359953234E-009   4.2108477258491446     
   4.1343669250623085       0.18552556444220583        8.5109857064046848E-002 -0.33545947952735256        6.9300124632882782E-009   4.2147901534156844     
   4.2377260981888663       0.18443001947132162        8.5385190976859787E-002 -0.33347212663012582        6.8267061791386699E-009   4.2128199030757116     
   4.3410852713154240       0.18334100328986233        8.5667596197078769E-002 -0.33151337958988147        6.7075507392682227E-009   4.2100042972492657     
   4.4444444444419817       0.18226361709729477        8.5939683481726203E-002 -0.32959115600521022        6.6496237030017425E-009   4.2237837623274608     
   4.5478036175685395       0.18120902524130084        8.6195830698070408E-002 -0.32771960273384643        6.6163779692237842E-009   4.2233158420041050     
   4.6511627906950972       0.18018448495855288        8.6461359274719513E-002 -0.32590709298996134        6.6016327033879330E-009   4.2178047672745569     
   4.7545219638216549       0.17918516215829672        8.6732162987171346E-002 -0.32414632727314197        6.6095352786820634E-009   4.2230370584416015     
   4.8578811369482127       0.17820725048579830        8.6995012625096707E-002 -0.32243225324812252        6.5740964445914299E-009   4.2214013036714189     
   4.9612403100747695       0.17724890098155541        8.7256369424681970E-002 -0.32075935096401875        6.5107166293645488E-009   4.2117598376619281     
   5.0645994832013272       0.17630387603529007        8.7512347334876825E-002 -0.31911639966085836        6.4600190258941412E-009   4.2080074836975099     
   5.1679586563278850       0.17538089304670845        8.7728081858153867E-002 -0.31750996945641019        6.4369202197021479E-009   4.2149830106584742     
   5.2713178294544427       0.17449444214503643        8.7892922129719053E-002 -0.31595543777110313        6.3785310423112898E-009   4.2189805930532343     
   5.3746770025810005       0.17365521753147847        8.8017495758407921E-002 -0.31446171988482374        6.3241441015789899E-009   4.2168512868353876     
   5.4780361757075582       0.17287404145284790        8.8094880416524413E-002 -0.31304100912523114        6.3096978882220246E-009   4.2028323901989184     
   5.5813953488341159       0.17215500759429617        8.8142791842816023E-002 -0.31169922365186142        6.3369013984532193E-009   4.1794823933593879     
   5.6847545219606737       0.17148233423796536        8.8222736586041614E-002 -0.31041643318671264        6.3554176554749344E-009   4.1732514587990561     
   5.7881136950872314       0.17083446599147156        8.8351644030199392E-002 -0.30917154100434102        6.3534621201815228E-009   4.1782199714012913     
   5.8914728682137891       0.17019493590356005        8.8487348250345266E-002 -0.30795004362562728        6.3213810472280721E-009   4.1757143336542457     
   5.9948320413403469       0.16955744538895695        8.8606040732226346E-002 -0.30674752520661380        6.2764386143648113E-009   4.1677099742644836     
   6.0981912144669046       0.16892741027272037        8.8701457871832631E-002 -0.30557225931673848        6.2498625605759324E-009   4.1618118086265410     
   6.2015503875934623       0.16831569561631324        8.8741738135855217E-002 -0.30443476431235095        6.2627648656567025E-009   4.1586879538528860     
   6.3049095607200201       0.16773630255481006        8.8731942446340487E-002 -0.30334873678524760        6.2893309689267367E-009   4.1551246317953909     
   6.4082687338465778       0.16719463081650274        8.8733923280507776E-002 -0.30232016450733767        6.3178326740147112E-009   4.1650124186131592     
   6.5116279069731355       0.16667974807475630        8.8778584525385867E-002 -0.30133773604320246        6.3624000332622992E-009   4.1909818851446232     
   6.6149870800996933       0.16617845493436761        8.8851383427916250E-002 -0.30038534844251763        6.3762049631026479E-009   4.1995443151940552     
   6.7183462532262510       0.16568091174093175        8.8930939511033910E-002 -0.29945260826106845        6.4067973069255612E-009   4.1898415859691944     
   6.8217054263528087       0.16518594630233915        8.9005071738950295E-002 -0.29854050455772341        6.4112031899971949E-009   4.1865889856911416     
   6.9250645994793665       0.16469262205257451        8.9061389517521281E-002 -0.29764657367538117        6.4098568902089161E-009   4.1796011080495967     
   7.0284237726059242       0.16420992795077222        8.9090478932438211E-002 -0.29678212195944337        6.3944323661403978E-009   4.1563251984562575     
   7.1317829457324819       0.16374406077574982        8.9127578009223399E-002 -0.29595405250499518        6.3265873979378348E-009   4.1433097509404320     
   7.2351421188590397       0.16329128692123554        8.9202534126363697E-002 -0.29515626232488035        6.2497704481964255E-009   4.1430048383280980     
   7.3385012919855974       0.16285213489662312        8.9287347304622858E-002 -0.29439050483626705        6.1867131680453998E-009   4.1395772940167292     
   7.4418604651121552       0.16243223714219893        8.9370690834916805E-002 -0.29366489121663164        6.1323221095596147E-009   4.1280934573933079     
   7.5452196382387129       0.16204072645470527        8.9442670641133815E-002 -0.29298829328555576        6.1040565157285377E-009   4.1250635208696700     
   7.6485788113652706       0.16168202398770190        8.9499597028935549E-002 -0.29236405260167414        6.0948584303576034E-009   4.1088441851238731     
   7.7519379844918284       0.16135680965254318        8.9555443193558945E-002 -0.29179008507106119        6.0958577081877751E-009   4.0892747294901595     
   7.8552971576183861       0.16105455547292599        8.9636935844195062E-002 -0.29124969588286009        6.0868063450484378E-009   4.0903127043415539     
   7.9586563307449438       0.16075992425580049        8.9728589136926287E-002 -0.29072802287394139        6.0311196499731386E-009   4.0986363990299868     
   8.0620155038715016       0.16047493739918928        8.9789688825648334E-002 -0.29022901938278645        6.0001887646850472E-009   4.0855218947354173     
   8.1653746769980593       0.16020725563534874        8.9806423108621442E-002 -0.28975616961381101        5.9777185335181189E-009   4.0573695580569202     
   8.2687338501246170       0.15996526593792845        8.9820349784355949E-002 -0.28931608596675867        5.9822179190322771E-009   4.0351408090248526     
   8.3720930232511748       0.15974937834188971        8.9842103342184801E-002 -0.28891337817682966        5.9815504523906488E-009   4.0166552689128290     
   8.4754521963777325       0.15955812348979448        8.9849865896393544E-002 -0.28854815608680939        5.9599666149051058E-009   4.0081313266362830     
   8.5788113695042902       0.15939854650683383        8.9844694340232498E-002 -0.28822736758851919        5.8828613557758624E-009   3.9993260910817017     
   8.6821705426308480       0.15927052205912359        8.9851821036005544E-002 -0.28794801145623455        5.8214453550101785E-009   3.9891123397883215     
   8.7855297157574057       0.15916903701410648        8.9860276957602320E-002 -0.28770646683350010        5.8150880659846353E-009   3.9812504486833182     
   8.8888888888839634       0.15908755746591213        8.9869352518118076E-002 -0.28749854149865928        5.8525961527083505E-009   3.9840145219724006     
   8.9922480620105212       0.15901355271127632        8.9885549879456073E-002 -0.28731128661145305        5.9138261080956771E-009   3.9958937811381432     
   9.0956072351370789       0.15894159599101154        8.9869303225447089E-002 -0.28713880384602330        5.9550343977688371E-009   3.9986342526181251     
   9.1989664082636367       0.15886934151173521        8.9854915084579698E-002 -0.28697379873654849        5.9633559480687321E-009   3.9838044007024034     
   9.3023255813901944       0.15879360870237824        8.9831722349718285E-002 -0.28681315812195618        5.9943980629315032E-009   3.9832149868147630     
   9.4056847545167521       0.15871698297267425        8.9773852395117842E-002 -0.28666132039504599        5.9978600615697837E-009   3.9768655568526570     
   9.5090439276433099       0.15864164867370409        8.9705513412340454E-002 -0.28651978348020685        5.9222909463352732E-009   3.9683524794240848     
   9.6124031007698676       0.15856701434094517        8.9649308294491206E-002 -0.28638829088738860        5.8118505183747218E-009   3.9577745636012551     
   9.7157622738964253       0.15850065687094456        8.9548413370521607E-002 -0.28627677018047254        5.7755679658590222E-009   3.9379852906298716     
   9.8191214470229831       0.15846309981319026        8.9403327668361093E-002 -0.28620914888501719        5.7539538396668126E-009   3.9195811246276393     
   9.9224806201495390       0.15845131197616341        8.9320802377013009E-002 -0.28617763167636373        5.7100231482318521E-009   3.9270527991409399     
   10.025839793276097       0.15844190694736196        8.9302594524817910E-002 -0.28615204371590613        5.6819040382303747E-009   3.9418760455191038     
   10.129198966402654       0.15842400903772264        8.9292891665720367E-002 -0.28611834702360628        5.6398357636590127E-009   3.9401075253481923     
   10.232558139529212       0.15840312662780887        8.9290404456843414E-002 -0.28607943442231099        5.6273052173395017E-009   3.9363496018401323     
   10.335917312655770       0.15838067337547085        8.9302170010519433E-002 -0.28603708633234715        5.6419399549520690E-009   3.9370357034082146     
   10.439276485782328       0.15835145211129678        8.9331909223672581E-002 -0.28598252681501612        5.6725578574945883E-009   3.9509486714401785     
   10.542635658908885       0.15831405414206010        8.9378987146337505E-002 -0.28591337601005040        5.6857605396548055E-009   3.9587842923780197     
   10.645994832035443       0.15826268531518708        8.9423024409032811E-002 -0.28582087836155223        5.6957717593565081E-009   3.9667384576311475     
   10.749354005162001       0.15820296828530292        8.9451894132129284E-002 -0.28570741989461468        5.7092235747557482E-009   3.9712006641035389     
   10.852713178288559       0.15814414232524368        8.9478172180678647E-002 -0.28558679260933456        5.7172874682151464E-009   3.9679141843983898     
   10.956072351415116       0.15808857854706676        8.9530230389581800E-002 -0.28546814709818424        5.7242574313811395E-009   3.9620547920450786     
   11.059431524541674       0.15802952031693754        8.9584825289598519E-002 -0.28534788441911096        5.7584091703961471E-009   3.9670200686785817     
   11.162790697668232       0.15796643298414856        8.9612635504452434E-002 -0.28522517625938282        5.7846511092388438E-009   3.9634969024151063     
   11.266149870794790       0.15790759936581739        8.9616013674644404E-002 -0.28510801359358451        5.7869608776831616E-009   3.9543043805130886     
   11.369509043921347       0.15785660529075571        8.9617419682283761E-002 -0.28499918828307252        5.7736245483422593E-009   3.9475657201899939     
   11.472868217047905       0.15781263762877179        8.9628403377098709E-002 -0.28489779471531462        5.7331018498107388E-009   3.9419974579792103     
   11.576227390174463       0.15776536471819153        8.9660239633531397E-002 -0.28479257235771405        5.6976521327057246E-009   3.9419129642216877     
   11.679586563301021       0.15771811331271290        8.9665950407363679E-002 -0.28468756139035956        5.7215385981019721E-009   3.9459971996916314     
   11.782945736427578       0.15767874056676237        8.9624219924556658E-002 -0.28459169206782819        5.7645486411275804E-009   3.9493369486657417     
   11.886304909554136       0.15764819437240596        8.9571427131757905E-002 -0.28450865585105983        5.7995411203518020E-009   3.9407961232388291     
   11.989664082680694       0.15762763380808714        8.9532780959475242E-002 -0.28444135584397040        5.8301168905930721E-009   3.9301798635323180     
   12.093023255807251       0.15760581202429896        8.9520800493053887E-002 -0.28437644699979070        5.8473358806601191E-009   3.9317706932561172     
   12.196382428933809       0.15756970475353099        8.9548621277957527E-002 -0.28429974517173084        5.8369248382911886E-009   3.9382728490814474     
   12.299741602060367       0.15751019529550420        8.9607135080997866E-002 -0.28420374039621754        5.8525224213295729E-009   3.9419762428117742     
   12.403100775186925       0.15742749320304875        8.9643157173275492E-002 -0.28409041222089848        5.9197703371479557E-009   3.9438972890760313     
   12.506459948313482       0.15732953452563056        8.9639041094816060E-002 -0.28396939195910936        5.9753121725209095E-009   3.9421002448987252     
   12.609819121440040       0.15722695969528563        8.9623116534581576E-002 -0.28385192739779863        6.0047503864521461E-009   3.9398668769513074     
   12.713178294566598       0.15712521443055744        8.9632426049258723E-002 -0.28373940934770248        6.0069369123462954E-009   3.9365390759682874     
   12.816537467693156       0.15702290118262585        8.9671770140508603E-002 -0.28362879536073921        6.0054909605104844E-009   3.9390550576094632     
   12.919896640819713       0.15692596118620247        8.9703112296757967E-002 -0.28352694917550691        6.0197775059184257E-009   3.9422081167387315     
   13.023255813946271       0.15684744249838672        8.9705382629064814E-002 -0.28345000264021802        6.0146274173714281E-009   3.9423054857854996     
   13.126614987072829       0.15680100645599099        8.9692686225214785E-002 -0.28341440560356124        6.0042604078991354E-009   3.9351912991820845     
   13.229974160199387       0.15679184808348284        8.9668818302317460E-002 -0.28342696794110950        5.9877590208533619E-009   3.9265010339814430     
   13.333333333325944       0.15681653100381840        8.9656068337700776E-002 -0.28348634686161167        5.9501899942825893E-009   3.9163903749211819     
   13.436692506452502       0.15686588013246766        8.9669688595252012E-002 -0.28358108428120221        5.9245846235619073E-009   3.9127942491498251     
   13.540051679579060       0.15693368350151787        8.9699399114094233E-002 -0.28370611122525402        5.9086889750002307E-009   3.9205330486597578     
   13.643410852705617       0.15701942592799828        8.9736925389506672E-002 -0.28385877135834847        5.8838238552514587E-009   3.9225495427646431     
   13.746770025832175       0.15712178035918828        8.9775729814123073E-002 -0.28403017246409334        5.8472773960290997E-009   3.9247597750688978     
   13.850129198958733       0.15723609513966955        8.9819713213419222E-002 -0.28420958221952808        5.8059682893500321E-009   3.9261561612744442     
   13.953488372085291       0.15736242002486620        8.9839249985322472E-002 -0.28439460449052428        5.7852956784345744E-009   3.9274286082495657     
   14.056847545211848       0.15750409155324294        8.9831127591196880E-002 -0.28458587848913419        5.7548917179598458E-009   3.9332212836863185     
   14.160206718338406       0.15765930106412690        8.9824269287139796E-002 -0.28478769207668064        5.7005801475455651E-009   3.9471371913538320     
   14.263565891464964       0.15781968370667418        8.9828579135678335E-002 -0.28499515944541276        5.6665037724918831E-009   3.9451990409290714     
   14.366925064591522       0.15797629900047275        8.9827273671891542E-002 -0.28519679811640841        5.6933128769797668E-009   3.9357077073862681     
   14.470284237718079       0.15811843724250438        8.9851892185644086E-002 -0.28538037589616244        5.7166465061352034E-009   3.9307634550107831     
   14.573643410844637       0.15822758106912763        8.9886067554646676E-002 -0.28552282338057289        5.7740635690886697E-009   3.9346524038380033     
   14.677002583971195       0.15829813064045126        8.9896058586111327E-002 -0.28561635469273028        5.7686023770759972E-009   3.9222786742253106     
   14.780361757097753       0.15832953171434616        8.9912094086827668E-002 -0.28565714427553995        5.7379037453705908E-009   3.9047826637019503     
   14.883720930224310       0.15832589507316217        8.9921635185651119E-002 -0.28564974826293821        5.7208203197232542E-009   3.8977980957075653     
   14.987080103350868       0.15829770487225084        8.9901735506999286E-002 -0.28560866461764001        5.7146321753241092E-009   3.9013941358965707     
   15.090439276477426       0.15825349949394940        8.9869460313739880E-002 -0.28554384953114820        5.6643354985755616E-009   3.9030656881065808     
   15.193798449603984       0.15820143893388081        8.9854301834028941E-002 -0.28546774356674820        5.6059088908127802E-009   3.9007550821420307     
   15.297157622730541       0.15815653240780253        8.9846845724377442E-002 -0.28540003335915987        5.5709810176986464E-009   3.8948876064664346     
   15.400516795857099       0.15812474852652297        8.9850110102631775E-002 -0.28535135522620414        5.5595061054082801E-009   3.8898014317483534     
   15.503875968983657       0.15809921621881826        8.9888716406213653E-002 -0.28531476368401903        5.5760235220429363E-009   3.9010043145228162     
   15.607235142110214       0.15807594185491070        8.9915660142900727E-002 -0.28528169757328942        5.6109542512196175E-009   3.9029132991024409     
   15.710594315236772       0.15806132343972545        8.9917515183205440E-002 -0.28525299967081352        5.6617007101894162E-009   3.8969674556361036     
   15.813953488363330       0.15805185102146543        8.9928444829036516E-002 -0.28522279712021714        5.6884909944788998E-009   3.9080759387017734     
   15.917312661489888       0.15803606991330696        8.9963733794711967E-002 -0.28518343064796448        5.7212627801107075E-009   3.9162872807105527     
   16.020671834616444       0.15800689320048472        8.9996112544275822E-002 -0.28512951155567656        5.7488713303376077E-009   3.9282008224678884     
   16.124031007743003       0.15795948739733939        9.0025652719417412E-002 -0.28505647137770801        5.7872885236975765E-009   3.9435854892749651     
   16.227390180869559       0.15789467629438442        9.0043803722213600E-002 -0.28496826798352082        5.8068694465961709E-009   3.9468264909865645     
   16.330749353996119       0.15781157413836072        9.0070039142009797E-002 -0.28486726198506762        5.8107075417874979E-009   3.9411646520162305     
   16.434108527122675       0.15771481550315367        9.0088856204566872E-002 -0.28475954123702996        5.8527356790772428E-009   3.9489734239293188     
   16.537467700249234       0.15761636990063721        9.0053912271905776E-002 -0.28465502297418876        5.8838370897498319E-009   3.9495725843142697     
   16.640826873375790       0.15752953729635641        8.9985088300478314E-002 -0.28456685931647141        5.9075051584909859E-009   3.9330907223570231     
   16.744186046502350       0.15746232680255631        8.9923870264264349E-002 -0.28450510232823345        5.9486583960812297E-009   3.9269879272978181     
   16.847545219628905       0.15741071087007910        8.9881276062783122E-002 -0.28446506595625975        6.0095102793266058E-009   3.9334946246954350     
   16.950904392755465       0.15736586666100416        8.9841646125678784E-002 -0.28443241754241921        6.0398707713503224E-009   3.9382495861626214     
   17.054263565882021       0.15731964947750246        8.9841332332362148E-002 -0.28439575973536335        6.0506011620746831E-009   3.9340343682239420     
   17.157622739008580       0.15726832894748646        8.9883544543490818E-002 -0.28435174320333839        6.0629804297887068E-009   3.9390930144576712     
   17.260981912135136       0.15720423269214831        8.9970688896127679E-002 -0.28428960562194522        6.0376891963540991E-009   3.9428226305554781     
   17.364341085261696       0.15712220502122989        9.0069841281766497E-002 -0.28419994023829614        6.0344442501203736E-009   3.9584839531447247     
   17.467700258388252       0.15703131380503646        9.0141936221772204E-002 -0.28409144247841756        6.0501306499025414E-009   3.9822990437169277     
   17.571059431514811       0.15694077327577513        9.0177842828186833E-002 -0.28397449489307791        6.0805388560881174E-009   4.0100386546011784     
   17.674418604641367       0.15686152834603967        9.0201082314214212E-002 -0.28386205951642340        6.0989042081164788E-009   4.0251778751464080     
   17.777777777767927       0.15678860687742177        9.0257403515124734E-002 -0.28375325065620161        6.1273799581596177E-009   4.0405701436214798     
   17.881136950894483       0.15671534318603000        9.0327533736929574E-002 -0.28364487813086148        6.1834295750377532E-009   4.0540954337724209     
   17.984496124021042       0.15664046303700113        9.0409959018640546E-002 -0.28353699474379146        6.2138772260966244E-009   4.0587785303753270     
   18.087855297147598       0.15655473127756939        9.0514693245082489E-002 -0.28341784914588253        6.2624233934231509E-009   4.0647600349220987     
   18.191214470274158       0.15644909635203666        9.0599965175524530E-002 -0.28327374176509973        6.2938918672256775E-009   4.0675934063047769     
   18.294573643400714       0.15633520707350479        9.0667610343223903E-002 -0.28312013279082904        6.2866843941936799E-009   4.0564244314068310     
   18.397932816527273       0.15622720066471252        9.0736826821558092E-002 -0.28298026904802542        6.3042338455891361E-009   4.0515715655142106     
   18.501291989653829       0.15613197875408083        9.0811991145046372E-002 -0.28286339027870866        6.3081370116943469E-009   4.0603243768968200     
   18.604651162780389       0.15605474967975597        9.0902072536057893E-002 -0.28277250255022540        6.2885449578205003E-009   4.0644786926976204     
   18.708010335906945       0.15599975178774703        9.0971705408811221E-002 -0.28271020674077940        6.2979376402382790E-009   4.0627174910604911     
   18.811369509033504       0.15597186054416823        9.0993329225323313E-002 -0.28267529692125748        6.3179392829516624E-009   4.0531937624558303     
   18.914728682160060       0.15597372447692578        9.1007581475932617E-002 -0.28266821438559186        6.3125470178852317E-009   4.0380033375253630     
   19.018087855286620       0.15599778331229502        9.1057865259227100E-002 -0.28268711399273982        6.2973914882251385E-009   4.0395869060637333     
   19.121447028413176       0.15603241212463706        9.1130509528272521E-002 -0.28272353940301836        6.2938707959430308E-009   4.0491562447910265     
   19.224806201539735       0.15607321469354199        9.1203140999503038E-002 -0.28277004625126351        6.2835873058245164E-009   4.0502283260854481     
   19.328165374666291       0.15611878956618488        9.1282672113880692E-002 -0.28282341778939268        6.2791713024794486E-009   4.0553946403404266     
   19.431524547792851       0.15616217691067460        9.1382148832503146E-002 -0.28287811225439063        6.2806116486031579E-009   4.0695394519722683     
   19.534883720919407       0.15619367381533247        9.1494618954997900E-002 -0.28292167087458675        6.2868204486979914E-009   4.0840433895435639     
   19.638242894045966       0.15621302396633979        9.1583078613704183E-002 -0.28295483100624785        6.2816668500358741E-009   4.0870239139612012     
   19.741602067172522       0.15622486840944180        9.1624468029309444E-002 -0.28298118441563758        6.2514678395605434E-009   4.0830917940641864     
   19.844961240299078       0.15623916133028656        9.1615147498512711E-002 -0.28301126455685788        6.2257839927165999E-009   4.0730403827961217     
   19.948320413425638       0.15626716302722571        9.1577782486059689E-002 -0.28305839857730697        6.1852020340623351E-009   4.0670843286710854     
   20.051679586552194       0.15629729369670439        9.1556976438897167E-002 -0.28310281434011575        6.1199936205411933E-009   4.0634324829261459     
   20.155038759678753       0.15632015967487387        9.1538428030030428E-002 -0.28313279642296718        6.0794373567956277E-009   4.0582845142293733     
   20.258397932805309       0.15634208634613328        9.1489407210256293E-002 -0.28315578301123268        6.0738542760656053E-009   4.0519094470352535     
   20.361757105931868       0.15637347263822313        9.1415063304408795E-002 -0.28318429815809820        6.0802033627599682E-009   4.0518218024088419     
   20.465116279058424       0.15641179195103344        9.1370802799651304E-002 -0.28321291429888312        6.0482889893284173E-009   4.0483841902053674     
   20.568475452184984       0.15643747297728558        9.1391801659183924E-002 -0.28322120728511418        6.0166266683723708E-009   4.0508243171531868     
   20.671834625311540       0.15644385925235871        9.1418697979316871E-002 -0.28320705971394972        6.0006626153152352E-009   4.0539584182198860     
   20.775193798438099       0.15643705312953388        9.1413054958527251E-002 -0.28317802715574764        5.9993922608048149E-009   4.0496752883462097     
   20.878552971564655       0.15642600570626042        9.1405342201681450E-002 -0.28314542374158713        5.9786482951825759E-009   4.0500442513000152     
   20.981912144691215       0.15640730919325357        9.1393114624172572E-002 -0.28310587380001684        5.9963719801932792E-009   4.0509077715652193     
   21.085271317817771       0.15638171258685082        9.1356760669325396E-002 -0.28305941459774797        6.0137994596407246E-009   4.0474387857593843     
   21.188630490944330       0.15635930486682706        9.1297210276041041E-002 -0.28301817829033693        6.0372040939076463E-009   4.0540331608516746     
   21.291989664070886       0.15634976943992546        9.1212100178822350E-002 -0.28299016019335976        6.0530860953556090E-009   4.0501460964648199     
   21.395348837197446       0.15635636160114741        9.1133031947628867E-002 -0.28297854607735518        6.0447427639419501E-009   4.0462360990773032     
   21.498708010324002       0.15637164614491245        9.1061960227421343E-002 -0.28297827097842077        6.0426105071192828E-009   4.0443344280464713     
   21.602067183450561       0.15639628428660057        9.0948706905894100E-002 -0.28298912084777850        6.0716000371589528E-009   4.0301910969591948     
   21.705426356577117       0.15643739413792795        9.0834171424188870E-002 -0.28301692487151991        6.0763314024841821E-009   4.0208561796901430     
   21.808785529703677       0.15648208475581682        9.0762198814866982E-002 -0.28304865124949180        6.0577713762475032E-009   4.0204184229648821     
   21.912144702830233       0.15651499659879289        9.0698181381340295E-002 -0.28306703943360834        6.0590845911047308E-009   4.0164495548985482     
   22.015503875956792       0.15654018844704665        9.0610137457339812E-002 -0.28307502441797194        6.0698279251540782E-009   3.9969786342629594     
   22.118863049083348       0.15655970644648737        9.0563792788656769E-002 -0.28307640155540903        6.0462120004339958E-009   3.9861734786789982     
   22.222222222209908       0.15655931791846553        9.0572821013636964E-002 -0.28305718255865825        6.0184995136919014E-009   3.9922593662135824     
   22.325581395336464       0.15653304571855731        9.0554223535072711E-002 -0.28300980289335126        5.9929829822513484E-009   3.9951059912725979     
   22.428940568463023       0.15649374458116788        9.0478719013920739E-002 -0.28294596239690772        5.9687468355058285E-009   3.9907643368817296     
   22.532299741589579       0.15645925061587271        9.0377714320330274E-002 -0.28288352095038727        5.9550299369342139E-009   3.9918839000213944     
   22.635658914716139       0.15644280376497188        9.0276369304133727E-002 -0.28284081818089940        5.9291699475387730E-009   3.9873793095698922     
   22.739018087842695       0.15644594475772347        9.0201805708986824E-002 -0.28282078319158588        5.9159999839877386E-009   3.9819687953345544     
   22.842377260969254       0.15646383996938809        9.0130294727827687E-002 -0.28281341111773828        5.9396344842500955E-009   3.9654741689877495     
   22.945736434095810       0.15649421676667272        9.0087963875371241E-002 -0.28281492558882093        5.9422839730606191E-009   3.9568844686596036     
   23.049095607222370       0.15652588556333355        9.0091538193274978E-002 -0.28281575118991820        5.9455860486590430E-009   3.9559002334989710     
   23.152454780348926       0.15655170906302024        9.0115463177719707E-002 -0.28280924082600845        5.9151331526973919E-009   3.9526332409749481     
   23.255813953475485       0.15657013490035518        9.0158235187306923E-002 -0.28279282111690840        5.9218408138622399E-009   3.9550204265157620     
   23.359173126602041       0.15657743212446459        9.0203593177399774E-002 -0.28276279953402805        5.9263278164375734E-009   3.9567099191846880     
   23.462532299728601       0.15657636096699909        9.0250587718332692E-002 -0.28272411790385688        5.9334789098085412E-009   3.9529576059102016     
   23.565891472855157       0.15657100939294824        9.0294804952913990E-002 -0.28268459320072581        5.9649806849139483E-009   3.9553885742763408     
   23.669250645981716       0.15655974414991314        9.0313639052852085E-002 -0.28264346206436841        5.9952332056550484E-009   3.9611008537582855     
   23.772609819108272       0.15654391144813748        9.0309920764731808E-002 -0.28260036410918077        6.0039391937252792E-009   3.9585491766803393     
   23.875968992234831       0.15652713160850573        9.0286041017550972E-002 -0.28256199771281360        6.0198768252931507E-009   3.9488926758366483     
   23.979328165361387       0.15651516515176353        9.0233938123448862E-002 -0.28253491679264497        6.0415019241785882E-009   3.9342981694061328     
   24.082687338487947       0.15650653646014473        9.0192840266607399E-002 -0.28251282882680423        6.0343076562927700E-009   3.9206756618221843     
   24.186046511614503       0.15648571824371765        9.0196435403859299E-002 -0.28247870712232848        6.0092959669836892E-009   3.9184627438411841     
   24.289405684741062       0.15644343172793929        9.0221346317964052E-002 -0.28242228262249458        5.9595654254724600E-009   3.9105753199219069     
   24.392764857867618       0.15638395324960933        9.0218757491983478E-002 -0.28234266712069378        5.9226389951103619E-009   3.9004296382355337     
   24.496124030994178       0.15632235663945415        9.0159236908781040E-002 -0.28225370675956768        5.8893188013979134E-009   3.8848813268375428     
   24.599483204120734       0.15627533156290155        9.0089948893891811E-002 -0.28217434527537483        5.8478923059087249E-009   3.8638384161089370     
   24.702842377247293       0.15624334234770346        9.0052328382297375E-002 -0.28210813776588406        5.8248700188537507E-009   3.8604658963087353     
   24.806201550373849       0.15622042895748675        9.0028689943497830E-002 -0.28205332429217989        5.7905995573836070E-009   3.8566311571501228     
   24.909560723500409       0.15620888966359320        9.0003509681494329E-002 -0.28201662509369951        5.7495656943553244E-009   3.8461413364686603     
   25.012919896626965       0.15621438444670896        9.0001346184248043E-002 -0.28200391246823953        5.7184214445544614E-009   3.8366817616724078     
   25.116279069753524       0.15622815471470899        9.0026289359015133E-002 -0.28200137131943992        5.7073417794930288E-009   3.8413405764900270     
   25.219638242880080       0.15624567251872604        9.0064779948880944E-002 -0.28200545414504630        5.6980094889230760E-009   3.8425939029043912     
   25.322997416006640       0.15626573744065061        9.0085995205081135E-002 -0.28201628271958717        5.7325272609991883E-009   3.8433795311801018     
   25.426356589133196       0.15629315462054968        9.0061450331315074E-002 -0.28203783055688691        5.7506453845727738E-009   3.8373475546078080     
   25.529715762259755       0.15634034521729340        9.0024462561322224E-002 -0.28208331867082759        5.7436581552293922E-009   3.8313375004781429     
   25.633074935386311       0.15640155759985883        9.0010012007397402E-002 -0.28214695408784918        5.7092959017712072E-009   3.8239283579128243     
   25.736434108512871       0.15646466387796387        9.0015661804078551E-002 -0.28221578427804073        5.6895450435971850E-009   3.8219671406008127     
   25.839793281639427       0.15653294639443194        9.0016671732143921E-002 -0.28229423390381148        5.6811865323841677E-009   3.8241330622853869     
   25.943152454765986       0.15660345062790507        9.0017731928990902E-002 -0.28238281421284672        5.6722232169660644E-009   3.8258625067389183     
   26.046511627892542       0.15667636023443895        9.0024535190290772E-002 -0.28248324607815817        5.6791119780842145E-009   3.8291390693658847     
   26.149870801019102       0.15675091652190443        9.0051048357587052E-002 -0.28259191647338788        5.6632779486395212E-009   3.8380338832821201     
   26.253229974145658       0.15681502299633646        9.0098360618336676E-002 -0.28269558554481272        5.6462019894991907E-009   3.8464809302525982     
   26.356589147272217       0.15686399062311199        9.0130738280919942E-002 -0.28278806055691730        5.6557058021642941E-009   3.8511745547281429     
   26.459948320398773       0.15689978845556513        9.0134484145149379E-002 -0.28286683030987869        5.6592231333530237E-009   3.8512426394147923     
   26.563307493525329       0.15692662432008020        9.0153579933100289E-002 -0.28293289607051181        5.6515786247419205E-009   3.8436547165122894     
   26.666666666651889       0.15694165863404405        9.0206282736956980E-002 -0.28298076355002116        5.6418955300734829E-009   3.8395773250885790     
   26.770025839778445       0.15693703527281663        9.0278999810727539E-002 -0.28300057181361776        5.6384524204042015E-009   3.8410980175613303     
   26.873385012905004       0.15691263561247656        9.0343233375635851E-002 -0.28299196108806379        5.6253370078974182E-009   3.8465957216627324     
   26.976744186031560       0.15688121999070948        9.0393335330357913E-002 -0.28297226107073425        5.5963307355157553E-009   3.8418008922694935     
   27.080103359158120       0.15685279366534863        9.0424092595443498E-002 -0.28295387018717322        5.6086658854183354E-009   3.8314570649299844     
   27.183462532284675       0.15683100898274091        9.0430338170610081E-002 -0.28293903077777516        5.6625630499315273E-009   3.8258334798841105     
   27.286821705411235       0.15681440894753726        9.0443877621269708E-002 -0.28292554716116580        5.7012813336867149E-009   3.8344299046059898     
   27.390180878537791       0.15678872401879487        9.0486733562100449E-002 -0.28290270327201816        5.7270188735035248E-009   3.8548656764573486     
   27.493540051664350       0.15674204255540694        9.0528400809724463E-002 -0.28285844401728522        5.7323281918492427E-009   3.8749430225419137     
   27.596899224790906       0.15667723528965022        9.0551367104832026E-002 -0.28279273994896581        5.7171816131303606E-009   3.8756322116654029     
   27.700258397917466       0.15660515886929413        9.0546918656305875E-002 -0.28271985196281912        5.7256939577241236E-009   3.8672878941077102     
   27.803617571044022       0.15653437730174546        9.0516732506897124E-002 -0.28264864247423488        5.7346045690301124E-009   3.8669322362015666     
   27.906976744170581       0.15647047481174770        9.0477095975995001E-002 -0.28258435451073527        5.7387081530132458E-009   3.8656072092203635     
   28.010335917297137       0.15642219413739242        9.0420716660366898E-002 -0.28253834923665311        5.7507164065576896E-009   3.8634935467039071     
   28.113695090423697       0.15639106090502577        9.0364398299487947E-002 -0.28250869399861273        5.7507216708925808E-009   3.8566860939386296     
   28.217054263550253       0.15637327681725291        9.0335825309731235E-002 -0.28249127607826441        5.7508781937918339E-009   3.8603553854238943     
   28.320413436676812       0.15636071545670174        9.0316713375819840E-002 -0.28248026622666245        5.7672510176535532E-009   3.8744826012030065     
   28.423772609803368       0.15635070931574946        9.0287425389319290E-002 -0.28247350547137062        5.7612495188832119E-009   3.8858021949089356     
   28.527131782929928       0.15634157786458797        9.0244539075881466E-002 -0.28246809754934094        5.7818297499435536E-009   3.8929942147021235     
   28.630490956056484       0.15633446180708951        9.0174417193435691E-002 -0.28246152240625461        5.7952541891379108E-009   3.8963832796984028     
   28.733850129183043       0.15633116705264694        9.0103604942867552E-002 -0.28245457456051848        5.7863771063492373E-009   3.8907246879081292     
   28.837209302309599       0.15632515130075458        9.0044868146393370E-002 -0.28244279332203825        5.7954157068769506E-009   3.8838385037978185     
   28.940568475436159       0.15631489667235779        8.9986365803933266E-002 -0.28242843339587709        5.8122447583388628E-009   3.8828910665764220     
   29.043927648562715       0.15630041021677948        8.9911587575418006E-002 -0.28241653719969162        5.8268244055928569E-009   3.8820262590803618     
   29.147286821689274       0.15628427720551000        8.9838967291122507E-002 -0.28240800541438849        5.8053553327240464E-009   3.8757124041495778     
   29.250645994815830       0.15626708159329189        8.9818518755322221E-002 -0.28240212546109966        5.7658023235556165E-009   3.8678269838128214     
   29.354005167942390       0.15623641389467033        8.9851752765725962E-002 -0.28238641516622320        5.7294898477420825E-009   3.8668692785685619     
   29.457364341068946       0.15618766792463493        8.9901430080411973E-002 -0.28235295879577482        5.7121526873737580E-009   3.8715560899561043     
   29.560723514195505       0.15613283282699844        8.9922305272082975E-002 -0.28230984708573437        5.7102056671095673E-009   3.8805837430671826     
   29.664082687322061       0.15608358624353258        8.9925250033182455E-002 -0.28226696482442742        5.6837724032420054E-009   3.8823229471300684     
   29.767441860448621       0.15603910525741146        8.9939994149476205E-002 -0.28221874005718589        5.6771388009533303E-009   3.8784070844347469     
   29.870801033575177       0.15599244231353718        8.9972115510259798E-002 -0.28215468919574704        5.6727266767301151E-009   3.8805110099687110     
   29.974160206701736       0.15593215688083112        9.0006355457253925E-002 -0.28206586116834642        5.6587017452108133E-009   3.8813623008200744     
   30.077519379828292       0.15585925909299053        9.0015082363419055E-002 -0.28195725452825793        5.6390378369484487E-009   3.8706067921819036     
   30.180878552954852       0.15578569471721071        8.9981079309311499E-002 -0.28184326492508860        5.6499944989255677E-009   3.8595934665404683     
   30.284237726081408       0.15572018214884073        8.9924794187569532E-002 -0.28173522067542556        5.6461792264900114E-009   3.8575759139208765     
   30.387596899207967       0.15566713917346892        8.9889830924099551E-002 -0.28164147047816246        5.6442442075100853E-009   3.8517212096666653     
   30.490956072334523       0.15561804321749170        8.9862895270356971E-002 -0.28155194674371964        5.6585452040011737E-009   3.8505159000523044     
   30.594315245461082       0.15557408137059595        8.9852971100763457E-002 -0.28146803106724894        5.6531361275764031E-009   3.8509328305909540     
   30.697674418587638       0.15553782762315263        8.9852567238720996E-002 -0.28139226669323270        5.6642948204532202E-009   3.8589754695381515     
   30.801033591714198       0.15550765684149090        8.9820453170453132E-002 -0.28132318255369104        5.6991201392936712E-009   3.8650460283099868     
   30.904392764840754       0.15549761468850984        8.9757964031199358E-002 -0.28127714396630699        5.7406322654294787E-009   3.8609762396922180     
   31.007751937967313       0.15551034727782642        8.9699374079936264E-002 -0.28125829897444943        5.7627282032040314E-009   3.8589952099060976     
   31.111111111093869       0.15554300241691349        8.9655547850986672E-002 -0.28126480394227082        5.7615677147720992E-009   3.8544207941254416     
   31.214470284220429       0.15558807517608567        8.9623314093741802E-002 -0.28128939527505969        5.7621617694449872E-009   3.8435639944278122     
   31.317829457346985       0.15563623614793565        8.9593219764383072E-002 -0.28132304177118084        5.7766676922562777E-009   3.8401600567609000     
   31.421188630473544       0.15568104290658183        8.9559631312658733E-002 -0.28135860722152928        5.7770530445418733E-009   3.8415311929213702     
   31.524547803600100       0.15571824899329856        8.9517859984029668E-002 -0.28139129873709601        5.7564623930895898E-009   3.8368914646882240     
   31.627906976726660       0.15575028673843863        8.9464163018930232E-002 -0.28142206628694177        5.7280305049018606E-009   3.8258260760298390     
   31.731266149853216       0.15578099418454686        8.9413638961044109E-002 -0.28145416579066496        5.6678013583658295E-009   3.8199870270228611     
   31.834625322979775       0.15580907514665610        8.9387273875088907E-002 -0.28148746412721248        5.6033577356314837E-009   3.8237769759590154     
   31.937984496106331       0.15583675207377312        8.9366514270784167E-002 -0.28152643114736109        5.5578015642320631E-009   3.8248008693599753     
   32.041343669232887       0.15587113450923953        8.9334088118749877E-002 -0.28157547804263977        5.5360276336590946E-009   3.8257300789549245     
   32.144702842359450       0.15591474253863899        8.9271288428263429E-002 -0.28163305911929060        5.5357074779550115E-009   3.8306604948442340     
   32.248062015486006       0.15596954374630065        8.9182531971650783E-002 -0.28169946276829982        5.5291974163650896E-009   3.8238074352703504     
   32.351421188612562       0.15603750583241663        8.9095083210013734E-002 -0.28177424171798460        5.5204487253511277E-009   3.8140331677070809     
   32.454780361739118       0.15611572892528605        8.9033761054000363E-002 -0.28185730276960230        5.5123236581113486E-009   3.8133157230788677     
   32.558139534865681       0.15618905209230249        8.8992038338362875E-002 -0.28193181630022524        5.5025699750153197E-009   3.8179891890546696     
   32.661498707992237       0.15625065019396628        8.8959285533660282E-002 -0.28198962108402870        5.4907996643141140E-009   3.8183055538882478     
   32.764857881118793       0.15630157598271066        8.8919373035343613E-002 -0.28203440692670695        5.4883606399920767E-009   3.8220747136745876     
   32.868217054245349       0.15634729389888916        8.8853034925570631E-002 -0.28207844914204155        5.5034845159140437E-009   3.8209644724844063     
   32.971576227371912       0.15639570884252393        8.8760336519945512E-002 -0.28213404969795597        5.5227371059444638E-009   3.8212673975042062     
   33.074935400498468       0.15644535844325777        8.8676421324651603E-002 -0.28219412127762311        5.5328869527047617E-009   3.8285430175979527     
   33.178294573625024       0.15649222171971158        8.8613635910809743E-002 -0.28225413021426982        5.5451401772881013E-009   3.8336176779051594     
   33.281653746751580       0.15652978885244681        8.8566350234129620E-002 -0.28231052797788908        5.5572630885572334E-009   3.8429112645595498     
   33.385012919878136       0.15655121820225654        8.8533332819265703E-002 -0.28235647502428995        5.5855206140867177E-009   3.8620460521090356     
   33.488372093004699       0.15655580600658031        8.8477086040055525E-002 -0.28239087305409860        5.6400785364279917E-009   3.8658804546022232     
   33.591731266131255       0.15655175416722203        8.8414222839726192E-002 -0.28242004310045499        5.6646901456417022E-009   3.8689238212670665     
   33.695090439257811       0.15654244348769272        8.8357656008988511E-002 -0.28244418072775934        5.7148768343733653E-009   3.8721222507443249     
   33.798449612384367       0.15653450834239233        8.8273619566228242E-002 -0.28246933460932566        5.7764699083083551E-009   3.8641646010676163     
   33.901808785510930       0.15652892879979377        8.8201947088549337E-002 -0.28249433455518180        5.8228415765683078E-009   3.8588133249315444     
   34.005167958637486       0.15651028480866916        8.8147456513468059E-002 -0.28249483875836334        5.8695914645047116E-009   3.8651919336965141     
   34.108527131764042       0.15647298052071817        8.8103412044217705E-002 -0.28246177812650131        5.8786322013031630E-009   3.8608557388069604     
   34.211886304890598       0.15641717315346229        8.8067835256879112E-002 -0.28239951622770354        5.8821382415609805E-009   3.8586001357948567     
   34.315245478017161       0.15633935685623063        8.8008840863156565E-002 -0.28230553681348908        5.8886158339379878E-009   3.8618821201494153     
   34.418604651143717       0.15624495725007853        8.7922920971672230E-002 -0.28218455668243914        5.8769835805709965E-009   3.8625131572481028     
   34.521963824270273       0.15614475214232415        8.7820054816868012E-002 -0.28204841047200813        5.8560923028729977E-009   3.8576797798206628     
   34.625322997396829       0.15604640058036059        8.7716896305012088E-002 -0.28190722270738688        5.8354069485913243E-009   3.8543919506843416     
   34.728682170523392       0.15595037254734459        8.7630879199160336E-002 -0.28176395841315649        5.8202372232258193E-009   3.8622809278445418     
   34.832041343649948       0.15584750765160088        8.7564971819765525E-002 -0.28160849324504589        5.7806924997238716E-009   3.8627694194854318     
   34.935400516776504       0.15573897022669600        8.7502468140986625E-002 -0.28144069242303738        5.7647417310986147E-009   3.8482963786307143     
   35.038759689903060       0.15563202216199160        8.7434691903071904E-002 -0.28127250452761804        5.7642684386320559E-009   3.8370427254941526     
   35.142118863029623       0.15551982531784794        8.7395059593547042E-002 -0.28109855441977516        5.7635478500721725E-009   3.8403212413193795     
   35.245478036156179       0.15539487839118823        8.7368451695949423E-002 -0.28090759747853877        5.7734590029645034E-009   3.8510789784245878     
   35.348837209282735       0.15525386187697479        8.7306120182992553E-002 -0.28069283441382353        5.7623353104174009E-009   3.8464854934307176     
   35.452196382409291       0.15510206960252082        8.7231706144933793E-002 -0.28046034089311078        5.7298141676513686E-009   3.8212536272231379     
   35.555555555535854       0.15494099571546366        8.7166524686650482E-002 -0.28021190902774384        5.7223502414277278E-009   3.8054521018977510     
   35.658914728662410       0.15476206964744266        8.7110156415670853E-002 -0.27993832782187322        5.7189300866068993E-009   3.8020792457813086     
   35.762273901788966       0.15456783042155806        8.7032853313145642E-002 -0.27964714061454310        5.7340832922550768E-009   3.8019947737198323     
   35.865633074915522       0.15437274302241716        8.6927818500640672E-002 -0.27935494311970838        5.7326687435608640E-009   3.7974391723226679     
   35.968992248042085       0.15419180966212920        8.6831932458165631E-002 -0.27907911219951992        5.7192981568148380E-009   3.7921728687442671     
   36.072351421168641       0.15403125557517280        8.6792853016708527E-002 -0.27882894692812171        5.6891402646266226E-009   3.7943866361672973     
   36.175710594295197       0.15388578600580238        8.6797923471999924E-002 -0.27859966972413608        5.7017902194576352E-009   3.8026604106132034     
   36.279069767421753       0.15375729878568686        8.6793961277976769E-002 -0.27839707117505863        5.7257965015957637E-009   3.8094631705032809     
   36.382428940548316       0.15365623799931871        8.6781906992046673E-002 -0.27823518814737375        5.7343774506671011E-009   3.8092830301682530     
   36.485788113674872       0.15358759161075763        8.6768075951283746E-002 -0.27812172672351809        5.7714179512260612E-009   3.8111382610249365     
   36.589147286801428       0.15355080350190320        8.6755565192649500E-002 -0.27805609483340382        5.8120703908172193E-009   3.8128227326171586     
   36.692506459927984       0.15353643184592033        8.6748167024627815E-002 -0.27802397387273386        5.8736846914789468E-009   3.8135966194311912     
   36.795865633054547       0.15353687799674831        8.6733399361770006E-002 -0.27801419248381459        5.9429437540295550E-009   3.8110530884849205     
   36.899224806181103       0.15355012678293103        8.6716953413000564E-002 -0.27802477526259239        5.9856705013747144E-009   3.8140430340440612     
   37.002583979307659       0.15356501701236036        8.6689949638671993E-002 -0.27804396784156293        6.0306903322548906E-009   3.8156734050465491     
   37.105943152434214       0.15358395791410540        8.6633738675838859E-002 -0.27807179547939154        6.0595190225282440E-009   3.8133741583442018     
   37.209302325560778       0.15361242036152403        8.6577902428217085E-002 -0.27811109960436325        6.0679726980185051E-009   3.8107902411369485     
   37.312661498687334       0.15364306891014490        8.6548615562027018E-002 -0.27815537549249914        6.0687239982539005E-009   3.8136570944234389     
   37.416020671813889       0.15367063155307786        8.6547497613442340E-002 -0.27820023125513654        6.0830499899096117E-009   3.8147708813196530     
   37.519379844940445       0.15369364574945177        8.6562962984196454E-002 -0.27824344375374283        6.1180709260998975E-009   3.8153292501161427     
   37.622739018067008       0.15371051397257993        8.6585488892242421E-002 -0.27828103375248814        6.1678367384647739E-009   3.8222115908659320     
   37.726098191193564       0.15372472598437151        8.6597474937248106E-002 -0.27831369854778631        6.1950636602857236E-009   3.8298930847226620     
   37.829457364320120       0.15374134501676393        8.6599406962163158E-002 -0.27834532449153859        6.1944714381504298E-009   3.8357272335697061     
   37.932816537446676       0.15375982752032916        8.6598425654780209E-002 -0.27837472884675835        6.1778300924238689E-009   3.8409614541552251     
   38.036175710573239       0.15378066507157548        8.6591913932410905E-002 -0.27840514999374533        6.1572078460246339E-009   3.8481952599460736     
   38.139534883699795       0.15380812696426541        8.6574425316761447E-002 -0.27844520527117578        6.1314546936939901E-009   3.8568507246294792     
   38.242894056826351       0.15384113839383937        8.6542722313209072E-002 -0.27849649731494130        6.0989646690330363E-009   3.8613909073371033     
   38.346253229952907       0.15388417676718152        8.6492944165997912E-002 -0.27856453580178853        6.0886404567094955E-009   3.8604172063426234     
   38.449612403079470       0.15393974208399180        8.6428716825845131E-002 -0.27865052210579472        6.0965087525274070E-009   3.8574745813794467     
   38.552971576206026       0.15400442305273623        8.6346969912519320E-002 -0.27874706703877133        6.1304259278276928E-009   3.8556909824272569     
   38.656330749332582       0.15407521460526924        8.6241270294747346E-002 -0.27884370376850215        6.1547684217966187E-009   3.8471105202795166     
   38.759689922459138       0.15414810262858192        8.6151400509558149E-002 -0.27893526169823490        6.1573377244709525E-009   3.8345863892124128     
   38.863049095585701       0.15421708340233559        8.6096431100835313E-002 -0.27901775659408096        6.1613245121363002E-009   3.8346681242835117     
   38.966408268712257       0.15427669841054614        8.6056862651389676E-002 -0.27908321352304877        6.1307520077626557E-009   3.8323903332851783     
   39.069767441838813       0.15431961124046306        8.6044018379406048E-002 -0.27912211912456564        6.0640615486976996E-009   3.8256225481643633     
   39.173126614965369       0.15434697928658056        8.6044002400287714E-002 -0.27913781991486963        6.0261164024813793E-009   3.8230087015122800     
   39.276485788091932       0.15436724883798469        8.6035418531025490E-002 -0.27914198706258980        6.0015883807247363E-009   3.8186457150334001     
   39.379844961218488       0.15438345905735179        8.6027035989030942E-002 -0.27913965637944266        5.9935405296672791E-009   3.8106284514597037     
   39.483204134345044       0.15439761727669818        8.6028155014079372E-002 -0.27913296749946137        5.9906388704618323E-009   3.8087994695306948     
   39.586563307471600       0.15440742808145397        8.6048483926975464E-002 -0.27911873265250409        5.9823588641698864E-009   3.8077201095373048     
   39.689922480598156       0.15440506208657484        8.6079117006896397E-002 -0.27908479301783073        5.9658845153989480E-009   3.7994471920528805     
   39.793281653724719       0.15438759263025575        8.6113488381481390E-002 -0.27902644123839904        5.9593114944666223E-009   3.7884986997190060     
   39.896640826851275       0.15435633799648313        8.6134706807175068E-002 -0.27894735250545571        5.9822099605415254E-009   3.7853053299586570     
   39.999999999977831       0.15431358699277581        8.6120167382583851E-002 -0.27884830959002804        6.0117272132411783E-009   3.7878161736871090     
   40.103359173104387       0.15426225154519460        8.6073544648700220E-002 -0.27873205060726325        6.0262224758979805E-009   3.7871472214442878     
   40.206718346230950       0.15421110239312152        8.6023828347849440E-002 -0.27861200770105998        6.0187804360105415E-009   3.7806554034021844     
   40.310077519357506       0.15415928726895867        8.5992196724788042E-002 -0.27848850647669748        6.0122988773075155E-009   3.7779207630597327     
   40.413436692484062       0.15409702459100258        8.5960867590577611E-002 -0.27835308220332849        6.0246941798289901E-009   3.7816969196386325     
   40.516795865610618       0.15403087533226892        8.5909610634495343E-002 -0.27821535823172761        6.0398986503424029E-009   3.7849196711488844     
   40.620155038737181       0.15397553323889859        8.5849532935057066E-002 -0.27809342076676213        6.0552736693629125E-009   3.7861402889987845     
   40.723514211863737       0.15392928488932189        8.5804038764536086E-002 -0.27798683967081061        6.0512915525946466E-009   3.7866814475987205     
   40.826873384990293       0.15388111380863040        8.5796241821942315E-002 -0.27788283261533697        6.0475291688847429E-009   3.7852115521906948     
   40.930232558116849       0.15382386824491834        8.5823190303080971E-002 -0.27777366345549637        6.0683214151547537E-009   3.7911869235651636     
   41.033591731243412       0.15374672564248204        8.5855556639167566E-002 -0.27764684540574214        6.1034382240704132E-009   3.8032748972525652     
   41.136950904369968       0.15365231084438233        8.5872068128073825E-002 -0.27750496986044559        6.1254329703375979E-009   3.8111225563663820     
   41.240310077496524       0.15355094569304803        8.5880087156804438E-002 -0.27735867541485398        6.1420335575600284E-009   3.8116548336425717     
   41.343669250623080       0.15344401557151277        8.5884719884248562E-002 -0.27720615469996879        6.1575498552789054E-009   3.8167646750023447     
   41.447028423749643       0.15332892166599471        8.5895691379999237E-002 -0.27704351157667584        6.1741568714013958E-009   3.8232483045935379     
   41.550387596876199       0.15321068760990991        8.5889307836126041E-002 -0.27687784633775758        6.2271675699519502E-009   3.8269628523570334     
   41.653746770002755       0.15309543573065101        8.5859110028167429E-002 -0.27671392786075183        6.2515153595769562E-009   3.8268714923268616     
   41.757105943129311       0.15297994355123129        8.5850940855930855E-002 -0.27654897685014568        6.2496890457238673E-009   3.8227606581879474     
   41.860465116255874       0.15286029658792863        8.5858441051946580E-002 -0.27638243384745548        6.2537506297992924E-009   3.8227039156658966     
   41.963824289382430       0.15273238815893464        8.5873251798741057E-002 -0.27621003449717318        6.2273067853231320E-009   3.8252883381766720     
   42.067183462508986       0.15259343789890889        8.5891151479262337E-002 -0.27602791604379046        6.1878192720134640E-009   3.8341046101198124     
   42.170542635635542       0.15245549405633566        8.5895538918756967E-002 -0.27584837499531034        6.1491961991115475E-009   3.8371880037530337     
   42.273901808762105       0.15233555480108893        8.5878503784540386E-002 -0.27569130073238141        6.1401481442286144E-009   3.8394011171208566     
   42.377260981888661       0.15224776279470675        8.5844412043364904E-002 -0.27557537593861614        6.1560637089626230E-009   3.8431604315482186     
   42.480620155015217       0.15219824044747612        8.5807844071769404E-002 -0.27550601249360385        6.1960090672945319E-009   3.8432862443292790     
   42.583979328141773       0.15218479293847750        8.5785992882915760E-002 -0.27548141985436952        6.2468962623188448E-009   3.8498625176142425     
   42.687338501268336       0.15219977667685572        8.5789302399179951E-002 -0.27549263619157294        6.2817968107954599E-009   3.8634373074881139     
   42.790697674394892       0.15223232854098598        8.5799694804577942E-002 -0.27552516027291235        6.3037253095049420E-009   3.8748719105236176     
   42.894056847521448       0.15228107150136910        8.5805231258404807E-002 -0.27557851404506861        6.3057386963355979E-009   3.8719021642534948     
   42.997416020648004       0.15234132116653498        8.5796080089571874E-002 -0.27564351995466374        6.3293316844298303E-009   3.8614663830300979     
   43.100775193774567       0.15241372828144148        8.5786291737166745E-002 -0.27571854079194691        6.3497917710245973E-009   3.8502973295869456     
   43.204134366901123       0.15249126099061341        8.5811590279032818E-002 -0.27579862435283364        6.3559106671847786E-009   3.8504002652705722     
   43.307493540027679       0.15256102622117917        8.5855268960601749E-002 -0.27587048679386972        6.3687988353016501E-009   3.8629631112272342     
   43.410852713154235       0.15262533421969282        8.5873523158410500E-002 -0.27593749326747530        6.3489191266220769E-009   3.8735472734474006     
   43.514211886280798       0.15269316679970149        8.5857966157440999E-002 -0.27600986549934420        6.3145988709816804E-009   3.8691029877589780     
   43.617571059407354       0.15277074344693739        8.5835448794403010E-002 -0.27609355112399458        6.2661078419407306E-009   3.8641595234355521     
   43.720930232533910       0.15285355906093587        8.5844822079842578E-002 -0.27618506334485626        6.2374201365636998E-009   3.8629787988860067     
   43.824289405660465       0.15293170742957971        8.5853495344762221E-002 -0.27627466395144379        6.2813244045431896E-009   3.8746636657951110     
   43.927648578787029       0.15300200048081633        8.5837265746010458E-002 -0.27635943812426533        6.3319321649252639E-009   3.8856284045371488     
   44.031007751913585       0.15306155199756727        8.5832675709936371E-002 -0.27643558720395411        6.3642465201439464E-009   3.8996872326255816     
   44.134366925040140       0.15309990354169237        8.5842618013131519E-002 -0.27649038014852506        6.3694442198736536E-009   3.9098589070418290     
   44.237726098166696       0.15311710119014879        8.5848253825294263E-002 -0.27652521719735484        6.3477708801725963E-009   3.9039365902453800     
   44.341085271293259       0.15312236493350762        8.5834458398380137E-002 -0.27655132253084291        6.3289494232512558E-009   3.8868833453566363     
   44.444444444419815       0.15312666230024125        8.5802031709445586E-002 -0.27658022158072737        6.3215595471482863E-009   3.8793240479352393     
   44.547803617546371       0.15313842413973783        8.5772886247459504E-002 -0.27662052749914839        6.3066047662762786E-009   3.8774596481262056     
   44.651162790672927       0.15316048495116946        8.5762584680741494E-002 -0.27667565654669024        6.3094995914426115E-009   3.8749118926744455     
   44.754521963799490       0.15318931365713359        8.5781539026819328E-002 -0.27674233333092607        6.3121737358936834E-009   3.8833970025454225     
   44.857881136926046       0.15321729639024326        8.5828564726239162E-002 -0.27681283511083921        6.3232525664526125E-009   3.8929793014319589     
   44.961240310052602       0.15324956918638138        8.5856471156235861E-002 -0.27689219679189958        6.3697630457198514E-009   3.9015326659688365     
   45.064599483179158       0.15329645670711028        8.5860622744389214E-002 -0.27698964597064746        6.3873643562921511E-009   3.9069208316124477     
   45.167958656305721       0.15335646836813741        8.5895224952047461E-002 -0.27710002791842381        6.3924422542225682E-009   3.9165311733067183     
   45.271317829432277       0.15342282652910252        8.5953479230500313E-002 -0.27721700293559204        6.4199589090062349E-009   3.9272935998061005     
   45.374677002558833       0.15349110684611830        8.6010772595263865E-002 -0.27733646921526495        6.4271534393750002E-009   3.9375415763962223     
   45.478036175685389       0.15356559717076426        8.6049515189366599E-002 -0.27746063479394895        6.4460347625751932E-009   3.9486638358076642     
   45.581395348811952       0.15365421990193837        8.6056520459609820E-002 -0.27759937141175434        6.4578363155105172E-009   3.9535121346396203     
   45.684754521938508       0.15375872887325401        8.6064637527114213E-002 -0.27775495977795644        6.4600286734174001E-009   3.9470402228705463     
   45.788113695065064       0.15387485199906198        8.6087617034755828E-002 -0.27792308277505828        6.4773603103811131E-009   3.9404666676604077     
   45.891472868191620       0.15398584624690725        8.6143720324282122E-002 -0.27808495482755202        6.4677647991876953E-009   3.9344487857040025     
   45.994832041318183       0.15407223898371269        8.6231987694271275E-002 -0.27821784648184539        6.4914130705699521E-009   3.9360176035962589     
   46.098191214444739       0.15413246189202287        8.6295690397579741E-002 -0.27831952061027787        6.5347755115930900E-009   3.9501309288435742     
   46.201550387571295       0.15417861807708114        8.6333276387172531E-002 -0.27840215428749560        6.5262357071208371E-009   3.9540174966707116     
   46.304909560697851       0.15421310867847121        8.6390206386443832E-002 -0.27846946562048086        6.4701726282215081E-009   3.9530677165576167     
   46.408268733824407       0.15423178829847503        8.6473496647916134E-002 -0.27851767522983562        6.4228710236557096E-009   3.9477244288429363     
   46.511627906950970       0.15423869820064751        8.6548551480355049E-002 -0.27855141568262709        6.4085192745351236E-009   3.9465785957435515     
   46.614987080077526       0.15423820012168216        8.6637539251802897E-002 -0.27857774716132605        6.3710482808421249E-009   3.9569440691391176     
   46.718346253204082       0.15422552015283705        8.6748421521375671E-002 -0.27859231147790398        6.3635032495551989E-009   3.9724955476147965     
   46.821705426330638       0.15419894917561786        8.6852068656248865E-002 -0.27859451771678967        6.3515601487836847E-009   3.9798580173484144     
   46.925064599457201       0.15416253909140884        8.6953048286097664E-002 -0.27858779386558774        6.3280604643146507E-009   3.9839560469309290     
   47.028423772583757       0.15411724997675660        8.7054638382086977E-002 -0.27857432201661125        6.3199146358397331E-009   3.9903573812792468     
   47.131782945710313       0.15407016742213836        8.7141379120054055E-002 -0.27856268112121352        6.3440882493524131E-009   3.9919013634835476     
   47.235142118836869       0.15403004604876705        8.7219104019244306E-002 -0.27856156232503354        6.3838943700874166E-009   3.9904692217793558     
   47.338501291963432       0.15399705377616768        8.7301985004232141E-002 -0.27857342511089200        6.3990101610211666E-009   3.9919096839485548     
   47.441860465089988       0.15397160384431782        8.7425986038421319E-002 -0.27860100768271412        6.3838608368696747E-009   3.9934329531718493     
   47.545219638216544       0.15395231738154494        8.7588101938342405E-002 -0.27863876572716878        6.3856295954008215E-009   4.0072392506046466     
   47.648578811343100       0.15394098766381367        8.7737701113993108E-002 -0.27868297675728271        6.4067753562464861E-009   4.0243659798420488     
   47.751937984469663       0.15394946172924237        8.7848623747974239E-002 -0.27874541390475827        6.4117769755973926E-009   4.0285643092935715     
   47.855297157596219       0.15398035979125338        8.7970393497905683E-002 -0.27882766886723143        6.3963486465716607E-009   4.0272610321840352     
   47.958656330722775       0.15402086689480557        8.8104407009684485E-002 -0.27891366291589886        6.4203536935418957E-009   4.0406168119916543     
   48.062015503849331       0.15406232960315491        8.8217479031749077E-002 -0.27899706430815979        6.3990252268545903E-009   4.0467644844043473     
   48.165374676975894       0.15409746594483911        8.8315846360104575E-002 -0.27907264775293650        6.3659773692491140E-009   4.0455651188984572     
   48.268733850102450       0.15412727477031954        8.8357942582703256E-002 -0.27913976986169964        6.3871261096123450E-009   4.0477760474807338     
   48.372093023229006       0.15415762625055102        8.8353278977317470E-002 -0.27920244838562602        6.3911807553620218E-009   4.0448708830658537     
   48.475452196355562       0.15419091285789288        8.8316546086857239E-002 -0.27926306385719801        6.4318810884235720E-009   4.0347913134543578     
   48.578811369482125       0.15423361955349618        8.8251542301801156E-002 -0.27933289056982247        6.4662819238217895E-009   4.0251578908464962     
   48.682170542608681       0.15428339149278833        8.8226165198016127E-002 -0.27940894935954452        6.4508654534480654E-009   4.0225557291992766     
   48.785529715735237       0.15432803998248859        8.8244562556989398E-002 -0.27947562181257274        6.4442659390247973E-009   4.0302996102791928     
   48.888888888861793       0.15436752104764892        8.8253171936268790E-002 -0.27953399685829777        6.4569447449733360E-009   4.0250597345062529     
   48.992248061988356       0.15440572026906277        8.8257722169653025E-002 -0.27958716244049453        6.4422485930335375E-009   4.0213925488896338     
   49.095607235114912       0.15443881971085940        8.8300600810159641E-002 -0.27963163891011356        6.3937452887085751E-009   4.0150388634709246     
   49.198966408241468       0.15445905536066054        8.8383148189037170E-002 -0.27966091742810739        6.3104620769939763E-009   4.0085673595849727     
   49.302325581368024       0.15446334818115010        8.8486430431734250E-002 -0.27967090116876242        6.2396347767607091E-009   4.0118886017464357     
   49.405684754494587       0.15446081074351295        8.8562940436080109E-002 -0.27966937991474111        6.2114213542984272E-009   4.0178892749061834     
   49.509043927621143       0.15446984288779889        8.8608881745994711E-002 -0.27967262477259380        6.2030324610276623E-009   4.0105968697688255     
   49.612403100747699       0.15449771070244375        8.8663819262195312E-002 -0.27968491310274507        6.1740598791087120E-009   4.0130453931541741     
   49.715762273874255       0.15453324871803126        8.8743789251187921E-002 -0.27969567311132182        6.1373366572491210E-009   4.0188760787296562     
   49.819121447000818       0.15456539849643980        8.8823685608031860E-002 -0.27969985244529993        6.1162989245620291E-009   4.0219420002012320     
   49.922480620127374       0.15459251448860334        8.8872202413649945E-002 -0.27969687413121791        6.1115915295705307E-009   4.0208369892910083     
   50.025839793253930       0.15461605898803354        8.8874913047804247E-002 -0.27968847833061472        6.0919017247487776E-009   4.0130116372982787     
   50.129198966380486       0.15464136982929855        8.8854206728731275E-002 -0.27968584013127518        6.0605882352446876E-009   3.9945222739229873     
   50.232558139507049       0.15467260076689116        8.8833595509176980E-002 -0.27969352072946585        6.0468653219062279E-009   3.9826240216591975     
   50.335917312633605       0.15470270950760598        8.8813496729433825E-002 -0.27970176028177446        6.0479859462165101E-009   3.9810897188742795     
   50.439276485760161       0.15472809852533259        8.8802015980753726E-002 -0.27970603519030213        6.0274704231927566E-009   3.9772153259342371     
   50.542635658886716       0.15474420338484790        8.8798323771412876E-002 -0.27970153863350228        5.9956062161386260E-009   3.9712861504696590     
   50.645994832013280       0.15474809538887477        8.8786891488806072E-002 -0.27968397151286239        5.9655056228845884E-009   3.9677341836761415     
   50.749354005139836       0.15475167327444461        8.8757444637703936E-002 -0.27966732562566576        5.9500611100942901E-009   3.9624002985574216     
   50.852713178266391       0.15476185667435946        8.8716700544562793E-002 -0.27965694184609252        5.9484139216200562E-009   3.9537022562789934     
   50.956072351392947       0.15477747436457590        8.8695494826192239E-002 -0.27964916346224844        5.9420044320885546E-009   3.9502203218836240     
   51.059431524519511       0.15479197152644733        8.8728218674709591E-002 -0.27963605090112936        5.9538168201245899E-009   3.9423184035237346     
   51.162790697646066       0.15479338715461843        8.8798004381723819E-002 -0.27960583845545323        5.9937997503929220E-009   3.9417633307368227     
   51.266149870772622       0.15477778759724548        8.8892812756318731E-002 -0.27955665280249686        6.0331237289803686E-009   3.9466551309779678     
   51.369509043899178       0.15473962479571476        8.8991370795303310E-002 -0.27948128703516939        6.0725193775193980E-009   3.9585991206983113     
   51.472868217025741       0.15467780754527000        8.9081751881834689E-002 -0.27937855041126797        6.0835554571744045E-009   3.9700344093208031     
   51.576227390152297       0.15459996217703065        8.9152367283844944E-002 -0.27925968030259141        6.0874526802289388E-009   3.9782836919106574     
   51.679586563278853       0.15452042740093941        8.9198778056274339E-002 -0.27914218883040037        6.0685231722753161E-009   3.9887101983278499     
