           0           0           0           0
  0.13377926421397268        1.3212695504579843E-002   6.1270139253698251E-002  -1.3180528424417057E-002  -1.3682956372106586E-008   4.8074543981751310     
  0.26755852842794536        3.7905804808558451E-002   5.8872345515350782E-002  -3.6839793207248242E-002  -9.2039415617395967E-009   4.7530482901204092     
  0.40133779264191805        6.0294866306458653E-002   5.6996223372111222E-002  -5.7033685680511051E-002  -4.9097798456144438E-009   4.7090258001537801     
  0.53511705685589073        7.9905089363241297E-002   5.5159057120965832E-002  -7.3634346832481476E-002  -2.0352071773197895E-009   4.6159281753997137     
  0.66889632106986341        9.6648310307910310E-002   5.3244874477975948E-002  -8.6945038348194281E-002  -3.7841883473816792E-010   4.5018639090938555     
  0.80267558528383609       0.11065488435072537        5.1286012765474863E-002  -9.7371502228331658E-002   4.7128939740702685E-010   4.4033803223097294     
  0.93645484949780877       0.12214811973881598        4.9362068631248028E-002 -0.10531856278110011        6.5055711016895249E-010   4.3433097967968992     
   1.0702341137117815       0.13139822822740888        4.7539540950872199E-002 -0.11119882387667865        3.4615922986548162E-010   4.3181021709437744     
   1.2040133779257540       0.13872319687752027        4.5854039424290179E-002 -0.11543098246243910       -4.1974679474562750E-010   4.3475018857046477     
   1.3377926421397268       0.14442310087771054        4.4312304204841453E-002 -0.11836399803041026       -1.4152182272498029E-009   4.3848094306164640     
   1.4715719063536996       0.14876660558682916        4.2907673148726948E-002 -0.12027225770841907       -2.5672778196276865E-009   4.4047495522909497     
   1.6053511705676722       0.15199446959155483        4.1663067196451742E-002 -0.12139706683528212       -3.9650578900829537E-009   4.4530619100906099     
   1.7391304347816448       0.15430744538113356        4.0572078234669191E-002 -0.12193194896602355       -5.2284585019494392E-009   4.5024790995616337     
   1.8729096989956175       0.15586696524854754        3.9628458397445963E-002 -0.12201851792757873       -6.4277412350796039E-009   4.5461415883249545     
   2.0066889632095903       0.15680657423382111        3.8820992738297144E-002 -0.12176797141101450       -7.7031549400846159E-009   4.6082421958229327     
   2.1404682274235629       0.15726076723389804        3.8140282485170318E-002 -0.12129042885681210       -9.3219847884645602E-009   4.7036671178625076     
   2.2742474916375355       0.15732875021813275        3.7553601756564269E-002 -0.12065545215236428       -1.0499550168971744E-008   4.7186695072306906     
   2.4080267558515080       0.15709159321449723        3.7052085582181440E-002 -0.11992030848976243       -1.1528801218163270E-008   4.7422406289860062     
   2.5418060200654811       0.15660635370754408        3.6639484532560024E-002 -0.11912427045640903       -1.2613495575299956E-008   4.8217737577484234     
   2.6755852842794536       0.15592467969370141        3.6281283857987422E-002 -0.11828159786357495       -1.3783938901829308E-008   4.9142368984766174     
   2.8093645484934262       0.15510898418225863        3.5952994172158546E-002 -0.11743659866469822       -1.4796485306000558E-008   4.9720448621979445     
   2.9431438127073992       0.15419708408909374        3.5644460768343315E-002 -0.11659619364686624       -1.5628290983144845E-008   4.9766088797218870     
   3.0769230769213718       0.15321841602188194        3.5390453024497191E-002 -0.11576706944906434       -1.6662705633240684E-008   4.9837977999482757     
   3.2107023411353444       0.15219335778324092        3.5185688746870364E-002 -0.11495836310036886       -1.7542390585220557E-008   5.0024468436257497     
   3.3444816053493169       0.15113049314073071        3.5010417008187529E-002 -0.11415961282646622       -1.8352070900104508E-008   5.0302585672211215     
   3.4782608695632895       0.15004168209944324        3.4860167291088207E-002 -0.11337399224270431       -1.8852731992511257E-008   5.0518120324346514     
   3.6120401337772625       0.14894684307007766        3.4725371682215310E-002 -0.11260289829677150       -1.9183226597066983E-008   5.0386776489461260     
   3.7458193979912351       0.14785498742332681        3.4606376125557489E-002 -0.11182865498552197       -1.9628051760554846E-008   5.0393911670412646     
   3.8795986622052077       0.14678203207610474        3.4497945831432522E-002 -0.11107024029980203       -2.0202175620417029E-008   5.0582337864570475     
   4.0133779264191807       0.14574839580222143        3.4395841439323324E-002 -0.11035825499191609       -2.0587068408527100E-008   5.0639350032969057     
   4.1471571906331528       0.14475124878839188        3.4304299575823427E-002 -0.10968768685571964       -2.0667708218987557E-008   5.0574172537139690     
   4.2809364548471258       0.14378944026167900        3.4216554751514978E-002 -0.10905052477277055       -2.0553732911418721E-008   5.0603906500501594     
   4.4147157190610988       0.14287316177302403        3.4137129448326593E-002 -0.10843624031213939       -2.0606809836524007E-008   5.0739321839988101     
   4.5484949832750710       0.14198728340208605        3.4061875438059219E-002 -0.10782539398738442       -2.0771229480852208E-008   5.0790311748580805     
   4.6822742474890440       0.14112958404606854        3.3978051190911782E-002 -0.10723496573117891       -2.0774272489559466E-008   5.0484727034081365     
   4.8160535117030161       0.14031358229967006        3.3893984461639617E-002 -0.10667299018873400       -2.0892907133333396E-008   5.0294066769331200     
   4.9498327759169891       0.13954442772082429        3.3818429330925423E-002 -0.10615022438469160       -2.1190235993311962E-008   5.0218710686860364     
   5.0836120401309621       0.13881050264663727        3.3756439094188219E-002 -0.10567243569434001       -2.1500360599889829E-008   5.0184631263914756     
   5.2173913043449343       0.13809631314164650        3.3697756498440173E-002 -0.10521892779838243       -2.1516847770560941E-008   5.0085924435094507     
   5.3511705685589073       0.13741480051395105        3.3624214193163547E-002 -0.10479649130145616       -2.1503943487454025E-008   5.0032702990590927     
   5.4849498327728803       0.13677023071870617        3.3564801881303591E-002 -0.10439296174920890       -2.1829912588235393E-008   5.0084061892805822     
   5.6187290969868524       0.13614715292828644        3.3525158174811553E-002 -0.10396174082486737       -2.2088363158874789E-008   5.0185771952067091     
   5.7525083612008254       0.13554366075092097        3.3493134251805279E-002 -0.10350987635852982       -2.2286800005290653E-008   5.0395200155846851     
   5.8862876254147984       0.13497032719473909        3.3460351394861289E-002 -0.10309777733815195       -2.2467379200347509E-008   5.0358121777400822     
   6.0200668896287706       0.13442876661223824        3.3424681481394602E-002 -0.10273539945027363       -2.2705956247670122E-008   5.0504765078847269     
   6.1538461538427436       0.13390975722355181        3.3391707829889816E-002 -0.10238554341811928       -2.3090195449251022E-008   5.0825784664098901     
   6.2876254180567157       0.13341680090346758        3.3359166212573912E-002 -0.10203554474737467       -2.3432704592920483E-008   5.1063266305500630     
   6.4214046822706887       0.13294676354934595        3.3319521728054663E-002 -0.10166931110977362       -2.3415860116175500E-008   5.1110092409762267     
   6.5551839464846617       0.13249443883842399        3.3274531298046556E-002 -0.10128169102243847       -2.3177174667467232E-008   5.1001621212931552     
   6.6889632106986339       0.13204426477448297        3.3241149700826186E-002 -0.10088362849124899       -2.3009307645130991E-008   5.0773088129252386     
   6.8227424749126069       0.13160049651309869        3.3214833234523733E-002 -0.10050703618307510       -2.2944560918584246E-008   5.0664773534835801     
   6.9565217391265790       0.13117575384299357        3.3194339354834401E-002 -0.10016257886703808       -2.2887661413961731E-008   5.0586703374080004     
   7.0903010033405520       0.13076712709307767        3.3172800709927279E-002  -9.9831652862278908E-002  -2.2522015452820779E-008   5.0265576966782426     
   7.2240802675545250       0.13037042537713370        3.3155050716477008E-002  -9.9489453283127166E-002  -2.2294957752241733E-008   5.0184645917328021     
   7.3578595317684972       0.12998523336291801        3.3147767592179370E-002  -9.9125869577994241E-002  -2.2307054202518010E-008   5.0408958102619987     
   7.4916387959824702       0.12961198329218304        3.3139678243997051E-002  -9.8760963475443997E-002  -2.2440997076605188E-008   5.0688573462828339     
   7.6254180601964432       0.12927015316112234        3.3118399626836902E-002  -9.8434427903754312E-002  -2.2550383337155760E-008   5.0645450135861863     
   7.7591973244104153       0.12896186020071890        3.3083669485228111E-002  -9.8138139688113496E-002  -2.2874969816250057E-008   5.0772841855861222     
   7.8929765886243883       0.12867454500668132        3.3062331265875537E-002  -9.7841089261656827E-002  -2.3259199476367581E-008   5.0949021102109482     
   8.0267558528383613       0.12839650248126219        3.3037974221976310E-002  -9.7537669974517099E-002  -2.3158695652861296E-008   5.0948232404513325     
   8.1605351170523335       0.12811969128655792        3.3008274781229349E-002  -9.7218693238194487E-002  -2.3032448461678012E-008   5.0768387171734073     
   8.2943143812663056       0.12786362131730927        3.2996080682680791E-002  -9.6916174079355100E-002  -2.3084194722604981E-008   5.0722841657405739     
   8.4280936454802795       0.12761695762400438        3.2996742165869737E-002  -9.6627558461711838E-002  -2.2828510483652846E-008   5.0554053376931636     
   8.5618729096942516       0.12737032940460535        3.2999142032706631E-002  -9.6349307881308660E-002  -2.2818779837011594E-008   5.0555809100245073     
   8.6956521739082238       0.12714964071788004        3.3017912986822558E-002  -9.6116253301812810E-002  -2.3055048165013118E-008   5.0813214104718707     
   8.8294314381221977       0.12695490052342787        3.3037080836662555E-002  -9.5910097549670587E-002  -2.3067681482547973E-008   5.1171901168053351     
   8.9632107023361698       0.12677796491072685        3.3037576988824938E-002  -9.5713906591648551E-002  -2.2772930523239167E-008   5.1196021362774031     
   9.0969899665501419       0.12662364582431415        3.3012504696997298E-002  -9.5547662734514482E-002  -2.2040177708111720E-008   5.0606538772377379     
   9.2307692307641158       0.12649813967518453        3.2975575385303407E-002  -9.5420467103430023E-002  -2.1187708172603683E-008   4.9918878840407945     
   9.3645484949780879       0.12638651787803235        3.2954058369340539E-002  -9.5294549593877204E-002  -2.0748230053937846E-008   4.9863327637966419     
   9.4983277591920601       0.12627489757704088        3.2947664896196861E-002  -9.5151787211218752E-002  -2.0682929901935741E-008   5.0163332545455255     
   9.6321070234060322       0.12616729745040911        3.2939606619532567E-002  -9.5009536080536444E-002  -2.0594559153972718E-008   5.0134145712558258     
   9.7658862876200061       0.12607723512481117        3.2926885674508251E-002  -9.4892063587590364E-002  -2.0545612462087012E-008   5.0197106894126868     
   9.8996655518339782       0.12599491816662950        3.2916065885539254E-002  -9.4775562926132290E-002  -2.0484383781452533E-008   5.0129269741090994     
   10.033444816047950       0.12591566893679090        3.2905005352983761E-002  -9.4639183223168694E-002  -2.0288835140468858E-008   5.0105063008476893     
   10.167224080261924       0.12584845015414917        3.2894602378758075E-002  -9.4521250514308264E-002  -1.9923056126939624E-008   5.0002774903186529     
   10.301003344475896       0.12578890644571400        3.2884878126593423E-002  -9.4451666019970321E-002  -1.9523189797961450E-008   4.9835266626173054     
   10.434782608689869       0.12573736415802370        3.2883649397339697E-002  -9.4407981952000702E-002  -1.9445977634192818E-008   4.9873039743678289     
   10.568561872903842       0.12568618096849773        3.2894216547869941E-002  -9.4361405025578798E-002  -1.9424705793375933E-008   4.9928869000556304     
   10.702341137117815       0.12562969826683065        3.2914356096734008E-002  -9.4331663199917426E-002  -1.9606412164340968E-008   5.0187076711426757     
   10.836120401331787       0.12557171453378876        3.2938576676842427E-002  -9.4310348755016621E-002  -1.9716782705287721E-008   5.0494346995027399     
   10.969899665545761       0.12550555783078096        3.2953724439313610E-002  -9.4287776761080772E-002  -1.9747706229395780E-008   5.0603502687358715     
   11.103678929759733       0.12543266803813949        3.2970403139850071E-002  -9.4267875541083568E-002  -1.9940679777043726E-008   5.0581789616631401     
   11.237458193973705       0.12535632519766635        3.2986539367611874E-002  -9.4237556996999483E-002  -2.0075061731594085E-008   5.0506503873039161     
   11.371237458187679       0.12527996124526067        3.2992227342025761E-002  -9.4220002610369030E-002  -2.0199407808954192E-008   5.0511813862702475     
   11.505016722401651       0.12521166830276501        3.2988913757671857E-002  -9.4218984573385928E-002  -2.0270056629569967E-008   5.0502257559883690     
   11.638795986615623       0.12515940257875693        3.2981416381869341E-002  -9.4246980773068090E-002  -2.0108473928419181E-008   5.0498201489697623     
   11.772575250829597       0.12512142699082174        3.2973405792676165E-002  -9.4285907683784337E-002  -1.9811399014216716E-008   5.0424782990296482     
   11.906354515043569       0.12509156810730357        3.2963852182382597E-002  -9.4305777349097175E-002  -1.9435768866555632E-008   5.0103636178469859     
   12.040133779257541       0.12507464218270403        3.2960818875781235E-002  -9.4357358216917736E-002  -1.9176243097464737E-008   5.0064287197400397     
   12.173913043471513       0.12506418391458210        3.2960387456246805E-002  -9.4441502373758784E-002  -1.9157675845694007E-008   5.0241985587375080     
   12.307692307685487       0.12504632343251704        3.2956144441245012E-002  -9.4524100938439798E-002  -1.9202287230975156E-008   5.0167887786003327     
   12.441471571899459       0.12502079230598984        3.2967262402415376E-002  -9.4601964513783554E-002  -1.9185632460814989E-008   5.0102825758811953     
   12.575250836113431       0.12498487622955183        3.2995584942948519E-002  -9.4656611361674775E-002  -1.9036459969352747E-008   4.9981188342517573     
   12.709030100327405       0.12492760728150373        3.3034586495598636E-002  -9.4675318270957737E-002  -1.9082893088762173E-008   4.9977033921049392     
   12.842809364541377       0.12485662291522812        3.3073481053432822E-002  -9.4665491757732784E-002  -1.9276613374994933E-008   5.0210874575302391     
   12.976588628755350       0.12477780869369197        3.3096925564173742E-002  -9.4637278674975345E-002  -1.9293647830460182E-008   5.0408129452621919     
   13.110367892969323       0.12469421751362399        3.3112372760872671E-002  -9.4604654131649285E-002  -1.9200842484564838E-008   5.0424964687838854     
   13.244147157183296       0.12461578017517125        3.3123530033008206E-002  -9.4568452047568335E-002  -1.9107575928899917E-008   5.0243962310761150     
   13.377926421397268       0.12453576250214939        3.3133129749931885E-002  -9.4497547865914494E-002  -1.9130707090652990E-008   5.0203735664412523     
   13.511705685611242       0.12445002101349670        3.3150488444630755E-002  -9.4395337667169593E-002  -1.9295896014845053E-008   5.0233712878582448     
   13.645484949825214       0.12436440404832735        3.3180322602715279E-002  -9.4287648322676415E-002  -1.9371499947934121E-008   5.0207565372961342     
   13.779264214039186       0.12427661094753678        3.3206779005852456E-002  -9.4171886469023081E-002  -1.9361384249423288E-008   5.0078134154206637     
   13.913043478253158       0.12418120298572370        3.3229786438605649E-002  -9.4045023042489878E-002  -1.9436122857432720E-008   5.0079245984575875     
   14.046822742467132       0.12407672781538390        3.3266362835109489E-002  -9.3910024849059609E-002  -1.9913810949351226E-008   5.0429729958506355     
   14.180602006681104       0.12397415682015123        3.3313502745414572E-002  -9.3791473204627718E-002  -2.0383329792016834E-008   5.0738973711492141     
   14.314381270895076       0.12388346696386031        3.3353630099633075E-002  -9.3692108386740469E-002  -2.0398224903299374E-008   5.0588776727777374     
   14.448160535109050       0.12381087431123014        3.3374454193229083E-002  -9.3598298430595001E-002  -2.0214042904024916E-008   5.0483278070024662     
   14.581939799323022       0.12374267857605806        3.3378350720412266E-002  -9.3504547143133832E-002  -2.0019585134410450E-008   5.0465650184318296     
   14.715719063536994       0.12367193128606055        3.3370681257121303E-002  -9.3405535350545243E-002  -1.9651649133071520E-008   5.0258770767680350     
   14.849498327750968       0.12361595080406557        3.3365240034168277E-002  -9.3332233601778086E-002  -1.9467925876561586E-008   4.9747398583555693     
   14.983277591964940       0.12356426569575132        3.3390432164063788E-002  -9.3282002532226904E-002  -1.9550202623869820E-008   4.9590391817185857     
   15.117056856178912       0.12350491755831471        3.3438676047376548E-002  -9.3240249003831377E-002  -1.9483446932868573E-008   4.9387488747459036     
   15.250836120392886       0.12344723636713062        3.3485560145799155E-002  -9.3205041621008955E-002  -1.9078064132428964E-008   4.9184374861681031     
   15.384615384606859       0.12339471908891576        3.3522397688631703E-002  -9.3172617160865001E-002  -1.8810550387422177E-008   4.9094949589985362     
   15.518394648820831       0.12334676429229237        3.3555587737579481E-002  -9.3147414626902680E-002  -1.8630257082691176E-008   4.9102335991417858     
   15.652173913034805       0.12329878317350249        3.3595983502122784E-002  -9.3113798423997501E-002  -1.8569656492707091E-008   4.9469865074556365     
   15.785953177248777       0.12327243347659574        3.3628983409534165E-002  -9.3104345646495335E-002  -1.8528269896314683E-008   4.9850114859001344     
   15.919732441462749       0.12327517368952258        3.3661564743219116E-002  -9.3123411764650693E-002  -1.8493660422424232E-008   5.0092085369520962     
   16.053511705676723       0.12328162695575022        3.3700953498570316E-002  -9.3137744825504104E-002  -1.8487485214284001E-008   5.0303415922081118     
   16.187290969890693       0.12329937115383109        3.3723970438091486E-002  -9.3159623057508384E-002  -1.8345401946109460E-008   5.0396870112944976     
   16.321070234104667       0.12333268119511084        3.3742748837653255E-002  -9.3191850595215620E-002  -1.8326500519829687E-008   5.0486706682301525     
   16.454849498318641       0.12335911470103551        3.3760083041152855E-002  -9.3212531900184609E-002  -1.8295825690922476E-008   5.0440388649421157     
   16.588628762532611       0.12338653819669379        3.3762967712491390E-002  -9.3214204942436707E-002  -1.8154449201248294E-008   5.0431173103833009     
   16.722408026746585       0.12340774366422697        3.3749859561303323E-002  -9.3195101692779447E-002  -1.7685093594834491E-008   5.0225544500281503     
   16.856187290960559       0.12342218982576549        3.3726620955931041E-002  -9.3184110110891755E-002  -1.7043212146012205E-008   4.9879047155609308     
   16.989966555174529       0.12344068523234551        3.3712474878828398E-002  -9.3193321426608522E-002  -1.6719391195587836E-008   4.9583655780479932     
   17.123745819388503       0.12346064819865440        3.3716993953462726E-002  -9.3211757465374273E-002  -1.6689904937477380E-008   4.9640784862113945     
   17.257525083602477       0.12347987274489253        3.3727257559822428E-002  -9.3228762495971590E-002  -1.6834580248659800E-008   4.9846049727702519     
   17.391304347816448       0.12349319434476315        3.3736467289001683E-002  -9.3224229723809726E-002  -1.7010255528007755E-008   5.0083578211514812     
   17.525083612030421       0.12351626644423012        3.3750369515645591E-002  -9.3218960515819460E-002  -1.7105039561927103E-008   4.9836100779371693     
   17.658862876244395       0.12354881778361360        3.3774407406422506E-002  -9.3226524171250769E-002  -1.7403888500509855E-008   4.9923751616820926     
   17.792642140458366       0.12357672919846076        3.3806374263162436E-002  -9.3224759990312267E-002  -1.7825040659335156E-008   5.0295646373520073     
   17.926421404672340       0.12360505943572900        3.3834156880660708E-002  -9.3236172875704071E-002  -1.7877554572873945E-008   5.0414260489306564     
   18.060200668886313       0.12364322482093763        3.3850293094597084E-002  -9.3291348410683594E-002  -1.7531998955233946E-008   5.0129876660008410     
   18.193979933100284       0.12368882069210914        3.3859450099274595E-002  -9.3370319675365410E-002  -1.7436625774427873E-008   5.0225581836393820     
   18.327759197314258       0.12371999222601279        3.3867684206055765E-002  -9.3408069832676688E-002  -1.7493220242026090E-008   5.0570473458065797     
   18.461538461528232       0.12374584280683061        3.3867018311890727E-002  -9.3409632219475125E-002  -1.7697810409568908E-008   5.0906593624908947     
   18.595317725742202       0.12378534064037182        3.3860986228994736E-002  -9.3445589571036908E-002  -1.7742045544167812E-008   5.0811641918241106     
   18.729096989956176       0.12383139063006376        3.3858690950576573E-002  -9.3494849730628188E-002  -1.7419857704576244E-008   5.0721850985688972     
   18.862876254170150       0.12386644068299776        3.3858991522448069E-002  -9.3501585016925792E-002  -1.7017910969829555E-008   5.0453317007745033     
   18.996655518384120       0.12389322758880818        3.3870203783608187E-002  -9.3480726307741985E-002  -1.6815008186986164E-008   5.0191154866567862     
   19.130434782598094       0.12392027766000430        3.3895582467521758E-002  -9.3452611319049583E-002  -1.6804994778833986E-008   4.9837382433700910     
   19.264214046812064       0.12393553889728316        3.3929163232183604E-002  -9.3431001733627506E-002  -1.7194017059715929E-008   5.0130147296019612     
   19.397993311026038       0.12393488979881181        3.3963537292083658E-002  -9.3433271145637875E-002  -1.7532740679512636E-008   5.0641935518336663     
   19.531772575240012       0.12392538397180108        3.3992181764214036E-002  -9.3445068062819742E-002  -1.7774992208319620E-008   5.0954366574461476     
   19.665551839453983       0.12391373757997101        3.4017051709817329E-002  -9.3464219221011807E-002  -1.7789708368785412E-008   5.0893272585704974     
   19.799331103667956       0.12389941340786101        3.4044158160413465E-002  -9.3495453000003309E-002  -1.7686531844836363E-008   5.1061989227486633     
   19.933110367881930       0.12388407918428307        3.4065474873977292E-002  -9.3541123730655124E-002  -1.7433414375077102E-008   5.1221380109109766     
   20.066889632095901       0.12387229172963767        3.4064764289657198E-002  -9.3601537946260721E-002  -1.7029225606302933E-008   5.1027829601507566     
   20.200668896309875       0.12386232795873102        3.4053019033251974E-002  -9.3655050721114963E-002  -1.6837390445361581E-008   5.0683814239559020     
   20.334448160523849       0.12386204601145351        3.4037533811552639E-002  -9.3681884688701034E-002  -1.6620539192881114E-008   5.0483779635591031     
   20.468227424737819       0.12387691382330974        3.4011425873808010E-002  -9.3698657844644262E-002  -1.6348123504735295E-008   5.0347900584908736     
   20.602006688951793       0.12390021775027674        3.3988625028963382E-002  -9.3720682401261357E-002  -1.6202952880356558E-008   5.0180308917764567     
   20.735785953165767       0.12392909810507471        3.3966478884614813E-002  -9.3769820812524995E-002  -1.6076632490874185E-008   4.9958293241913605     
   20.869565217379737       0.12395094407926442        3.3951110829813023E-002  -9.3791996399289590E-002  -1.6064556168630707E-008   4.9738878352061944     
   21.003344481593711       0.12395673513018596        3.3954319530937777E-002  -9.3760062872997457E-002  -1.6121969492646201E-008   4.9736035662086939     
   21.137123745807685       0.12394991626095404        3.3965628970889540E-002  -9.3692423806383929E-002  -1.6271386548502860E-008   4.9902134274376193     
   21.270903010021655       0.12393031128540113        3.3963956510078552E-002  -9.3604941444881573E-002  -1.6230552905765650E-008   4.9645014896659561     
   21.404682274235629       0.12389913553918122        3.3963406682979633E-002  -9.3523767802229152E-002  -1.6356009830981644E-008   4.9616603461694586     
   21.538461538449603       0.12385756543043902        3.3978157502721935E-002  -9.3443437397470075E-002  -1.6449832455214932E-008   4.9731508895210590     
   21.672240802663573       0.12381684321198812        3.3982794733091001E-002  -9.3369255601850554E-002  -1.6479554685906088E-008   4.9854220642613960     
   21.806020066877547       0.12378355027150388        3.3978544489791630E-002  -9.3289386464304180E-002  -1.6698000627165632E-008   4.9943173246715427     
   21.939799331091521       0.12375479059023990        3.3979785048272190E-002  -9.3195367662115558E-002  -1.7034360503487132E-008   5.0022204099076726     
   22.073578595305491       0.12373995814560669        3.3995476154900749E-002  -9.3102642178048367E-002  -1.7339800479078650E-008   5.0130909721755224     
   22.207357859519465       0.12374165944087807        3.4010732040944361E-002  -9.3038287347653265E-002  -1.7342259319632830E-008   4.9985210559062665     
   22.341137123733439       0.12375831647743703        3.4011598080180859E-002  -9.3016030551477585E-002  -1.7341803607826155E-008   4.9967385015100056     
   22.474916387947410       0.12379573515960166        3.4006518079033959E-002  -9.3039240187228700E-002  -1.7362730439061442E-008   5.0006169398852922     
   22.608695652161384       0.12385061479450019        3.3993863708110778E-002  -9.3103831911717172E-002  -1.7134345513610988E-008   4.9811094131120193     
   22.742474916375357       0.12390587843920368        3.3983907974525655E-002  -9.3168625639258373E-002  -1.6915579521104740E-008   4.9692244578600198     
   22.876254180589328       0.12394903113744184        3.3986196309721543E-002  -9.3206190167513747E-002  -1.6807518054308648E-008   4.9706107532051602     
   23.010033444803302       0.12398169646053167        3.3994790271276866E-002  -9.3221601852177316E-002  -1.6855792075872389E-008   4.9795283650828850     
   23.143812709017276       0.12401354972495228        3.3992414363670460E-002  -9.3232163531970252E-002  -1.6934393637176274E-008   4.9720653432135240     
   23.277591973231246       0.12404646292600309        3.3976449878929581E-002  -9.3257382855069848E-002  -1.6905479742579156E-008   4.9632561337188141     
   23.411371237445220       0.12407200031323212        3.3965628517063744E-002  -9.3302162325663823E-002  -1.6900178485216352E-008   4.9628167177466986     
   23.545150501659194       0.12408929682203131        3.3964301181857066E-002  -9.3351160462237848E-002  -1.6790783582437819E-008   4.9476716432962773     
   23.678929765873164       0.12409749864178457        3.3957687642773952E-002  -9.3365115300708235E-002  -1.6396136371760610E-008   4.9164714208379365     
   23.812709030087138       0.12410261386806443        3.3945454074580730E-002  -9.3352195707710806E-002  -1.6214660339636621E-008   4.9004586132722023     
   23.946488294301108       0.12409867786138978        3.3946020945466018E-002  -9.3330309994910099E-002  -1.6271851745418610E-008   4.8972770011033226     
   24.080267558515082       0.12407768999559739        3.3956096491115327E-002  -9.3302900522707427E-002  -1.6516464319295862E-008   4.8971713562437635     
   24.214046822729056       0.12403592795683589        3.3971618623336891E-002  -9.3268288241755148E-002  -1.6865398009185580E-008   4.8937156876174885     
   24.347826086943027       0.12398230478236857        3.3985098979770222E-002  -9.3239365006910657E-002  -1.7405585891113327E-008   4.9185976460382630     
   24.481605351157000       0.12393957983854710        3.3983039575017790E-002  -9.3222292750345770E-002  -1.7990705006865947E-008   4.9696317989731034     
   24.615384615370974       0.12390287558833350        3.3964269611852969E-002  -9.3187084554061800E-002  -1.8417150909396271E-008   5.0243496944716330     
   24.749163879584945       0.12388238676131685        3.3941124625115837E-002  -9.3145465794567034E-002  -1.8500373043786472E-008   5.0372297299843138     
   24.882943143798919       0.12386681560650471        3.3925467077659498E-002  -9.3102217553354599E-002  -1.8216958927102317E-008   4.9768740469627160     
   25.016722408012892       0.12383992575257873        3.3914717259047406E-002  -9.3038875589883274E-002  -1.7934912036455676E-008   4.9511212675809029     
   25.150501672226863       0.12379997469457135        3.3917397245309955E-002  -9.2936179004884129E-002  -1.7800665448757077E-008   4.9726964858960914     
   25.284280936440837       0.12375384281777799        3.3913790729779146E-002  -9.2810599012064204E-002  -1.7612705036293246E-008   4.9699509383166278     
   25.418060200654811       0.12371838320104769        3.3903924724705346E-002  -9.2707805320212056E-002  -1.7328482757913282E-008   4.9475813936100099     
   25.551839464868781       0.12368877757603805        3.3901329573415954E-002  -9.2637509900856063E-002  -1.7077358627303349E-008   4.9381456495425260     
   25.685618729082755       0.12365330646092212        3.3914003283041609E-002  -9.2576306425227767E-002  -1.6949748848373505E-008   4.9605155935917242     
   25.819397993296729       0.12360633722970137        3.3933703545639682E-002  -9.2514957752384136E-002  -1.6957520665577114E-008   4.9980583354546466     
   25.953177257510699       0.12355483670181919        3.3957480087298438E-002  -9.2463642404511770E-002  -1.6997485176416871E-008   5.0079452336488464     
   26.086956521724673       0.12350358022313553        3.3969049505986053E-002  -9.2443456642441524E-002  -1.6733381551619464E-008   4.9818393041023725     
   26.220735785938647       0.12344991846517477        3.3974345716709001E-002  -9.2428600383960863E-002  -1.6755514830921972E-008   4.9962379751308479     
   26.354515050152617       0.12339279292380485        3.3987379579357768E-002  -9.2409258468331285E-002  -1.6897864860112737E-008   5.0372758167646863     
   26.488294314366591       0.12333287924784260        3.3999456965664296E-002  -9.2397653668324670E-002  -1.7189340557568879E-008   5.0834955055588491     
   26.622073578580565       0.12328334446160341        3.3995373491368323E-002  -9.2417559656946507E-002  -1.7605525262423185E-008   5.1150247479250961     
   26.755852842794535       0.12325631531903905        3.3967064751130351E-002  -9.2481634892576770E-002  -1.7975754258394325E-008   5.1471229562457612     
   26.889632107008509       0.12325110545682640        3.3921213826035017E-002  -9.2556201728588139E-002  -1.8125914888384155E-008   5.1535897253321146     
   27.023411371222483       0.12326341492396384        3.3878414019302680E-002  -9.2634720478878940E-002  -1.7653448693578982E-008   5.0577270064269859     
   27.157190635436454       0.12328175330056670        3.3864118739415049E-002  -9.2709600849403634E-002  -1.7207642698004206E-008   5.0356951086103283     
   27.290969899650428       0.12329385327488804        3.3873761894770614E-002  -9.2758667388069843E-002  -1.7017103691957324E-008   5.0727642834865030     
   27.424749163864401       0.12329020347360350        3.3894790210369855E-002  -9.2784589245803406E-002  -1.6931453999156984E-008   5.0793120172950399     
   27.558528428078372       0.12327193647229684        3.3903571111828734E-002  -9.2808495254374873E-002  -1.6819155229332049E-008   5.0672864943889921     
   27.692307692292346       0.12324131790530499        3.3907590408232144E-002  -9.2816366009430634E-002  -1.7031558483214814E-008   5.0833443650169903     
   27.826086956506316       0.12318992930531761        3.3910207219527089E-002  -9.2786125579010559E-002  -1.7218674638018524E-008   5.0755025243748912     
   27.959866220720290       0.12312114585397062        3.3914416077549123E-002  -9.2749978266680688E-002  -1.7406487264121897E-008   5.0630914466468147     
   28.093645484934264       0.12305040424655247        3.3917793673547782E-002  -9.2712384250488500E-002  -1.7530565729062070E-008   5.0508456938116346     
   28.227424749148234       0.12297685265016620        3.3908683465548595E-002  -9.2652226633429979E-002  -1.7380255803619861E-008   5.0203205812949179     
   28.361204013362208       0.12290017991414408        3.3883012739689897E-002  -9.2586918993831757E-002  -1.7189485559253356E-008   5.0251274397403325     
   28.494983277576182       0.12282223289191749        3.3851023908555988E-002  -9.2511090143820557E-002  -1.7139699948450598E-008   5.0390519504768276     
   28.628762541790152       0.12273032994022785        3.3817827692193325E-002  -9.2410311200867429E-002  -1.7038285278716712E-008   5.0289732830195568     
   28.762541806004126       0.12263195195991312        3.3772188901881960E-002  -9.2318159685284090E-002  -1.6823287009460769E-008   4.9851093261211838     
   28.896321070218100       0.12254371092234660        3.3722277080432683E-002  -9.2253046730305460E-002  -1.6807253472483982E-008   4.9547516139961179     
   29.030100334432070       0.12245288603455146        3.3690554586889382E-002  -9.2202019172492933E-002  -1.7226810356703582E-008   4.9702171006556251     
   29.163879598646044       0.12235639328982884        3.3677972401115412E-002  -9.2159261692992656E-002  -1.7785908687871474E-008   4.9998239039644998     
   29.297658862860018       0.12226972829839987        3.3676628630135000E-002  -9.2135207166795241E-002  -1.8295392760228682E-008   5.0352303670081664     
   29.431438127073989       0.12220096727390292        3.3669014161264797E-002  -9.2126883548660832E-002  -1.8692407422862366E-008   5.0634073546075848     
   29.565217391287963       0.12215706356297210        3.3640599963721055E-002  -9.2109191051066602E-002  -1.8905838122016779E-008   5.0487109243198054     
   29.698996655501936       0.12212990466945661        3.3598173803078099E-002  -9.2088465138776360E-002  -1.9015302430299784E-008   5.0303585626902079     
   29.832775919715907       0.12211216275825049        3.3550148160165848E-002  -9.2088677444973260E-002  -1.8971126307176213E-008   5.0068334509798893     
   29.966555183929881       0.12211006216691159        3.3506113923982755E-002  -9.2125497665988237E-002  -1.8799927469144881E-008   4.9857460046020261     
   30.100334448143855       0.12211925156208396        3.3478965322832878E-002  -9.2198994324745320E-002  -1.8720635803083192E-008   4.9913013519118330     
   30.234113712357825       0.12213090683937375        3.3456422708419850E-002  -9.2284614859512948E-002  -1.8568010909554429E-008   4.9948972727583545     
   30.367892976571799       0.12215429587390342        3.3430458840566488E-002  -9.2349216510306587E-002  -1.8421429671008689E-008   4.9909531491957386     
   30.501672240785773       0.12218762088075644        3.3413580028434697E-002  -9.2394910688183784E-002  -1.8533346477035012E-008   5.0224327836284015     
   30.635451504999743       0.12221941377978278        3.3409019656335949E-002  -9.2453572264718037E-002  -1.8607138880091459E-008   5.0351106065890869     
   30.769230769213717       0.12223825149353418        3.3400108189971363E-002  -9.2503605828063190E-002  -1.8496321827706162E-008   5.0274806956888227     
   30.903010033427691       0.12225019719670148        3.3383252540369925E-002  -9.2532701995277578E-002  -1.8331198247737242E-008   5.0076277206650497     
   31.036789297641661       0.12225007299194249        3.3364593431468734E-002  -9.2518049160218052E-002  -1.8318584682913428E-008   5.0088935252548010     
   31.170568561855635       0.12223840170676108        3.3352695587229184E-002  -9.2468380915114917E-002  -1.8541194718487266E-008   5.0234020376980215     
   31.304347826069609       0.12222473819618947        3.3336853278611918E-002  -9.2399334254945176E-002  -1.8783601454753914E-008   5.0171558874498352     
   31.438127090283579       0.12219988858504788        3.3319143198334997E-002  -9.2302477613412731E-002  -1.9060249464123852E-008   5.0180928134058602     
   31.571906354497553       0.12216632045425900        3.3304819293000346E-002  -9.2191035012933187E-002  -1.9163388783973553E-008   5.0254341020550699     
   31.705685618711527       0.12213462643204641        3.3279800265682113E-002  -9.2091719691567431E-002  -1.9176580402435126E-008   5.0341225623689088     
   31.839464882925498       0.12210713078953182        3.3245463597628193E-002  -9.2004231055124258E-002  -1.9149569893870155E-008   5.0435496774635498     
   31.973244147139471       0.12208342538011779        3.3213184085954965E-002  -9.1920379413170966E-002  -1.9138871674586130E-008   5.0324131461061947     
   32.107023411353445       0.12206340872447548        3.3188263219788891E-002  -9.1839644528303899E-002  -1.9199380287344966E-008   5.0273107352966413     
   32.240802675567416       0.12204960146882834        3.3172979953694622E-002  -9.1786224985417608E-002  -1.9363808679266567E-008   5.0507310532923757     
   32.374581939781386       0.12204774573263537        3.3163080078496221E-002  -9.1763050295814053E-002  -1.9354846053919107E-008   5.0801035265906682     
   32.508361203995364       0.12205803306117120        3.3140689572479974E-002  -9.1771338825398480E-002  -1.9168849978435490E-008   5.0790615131559695     
   32.642140468209334       0.12207636425228671        3.3108079844078472E-002  -9.1807505226329966E-002  -1.8841556228441148E-008   5.0665756821156247     
   32.775919732423304       0.12209970104445654        3.3069007289797676E-002  -9.1842778006531262E-002  -1.8515940257435067E-008   5.0504465919890205     
   32.909698996637282       0.12211144165488098        3.3038343202655550E-002  -9.1865115873576986E-002  -1.8527877175594340E-008   5.0569095445847783     
   33.043478260851252       0.12210481612835375        3.3017680311965919E-002  -9.1872082236403196E-002  -1.8470441164572444E-008   5.0586507474279898     
   33.177257525065222       0.12209135980087768        3.2986972888706882E-002  -9.1862907792462339E-002  -1.8354122115668840E-008   5.0578891367338734     
   33.311036789279200       0.12207128215072867        3.2961322681521930E-002  -9.1846472026570258E-002  -1.8259619815504611E-008   5.0598878974775969     
   33.444816053493170       0.12205315987858507        3.2941436607108597E-002  -9.1840724314937977E-002  -1.8193172128159607E-008   5.0583179779821039     
   33.578595317707141       0.12203256365671691        3.2925507526661943E-002  -9.1833628168629444E-002  -1.8175081208517067E-008   5.0566004412575269     
   33.712374581921118       0.12200732708285297        3.2904786126403539E-002  -9.1831841168894701E-002  -1.8159080051733814E-008   5.0550469464040830     
   33.846153846135088       0.12199087359146543        3.2875038917949573E-002  -9.1869640717991669E-002  -1.8192574643054473E-008   5.0495783897227238     
   33.979933110349059       0.12198384555872545        3.2838880900279664E-002  -9.1938555965115243E-002  -1.8278265873975522E-008   5.0440635869432100     
   34.113712374563036       0.12198010013208682        3.2811477368631541E-002  -9.1997349460506944E-002  -1.8459506538487120E-008   5.0545253282784230     
   34.247491638777007       0.12197242823204171        3.2785829690897404E-002  -9.2029975256112367E-002  -1.8528064988685522E-008   5.0597786317929270     
   34.381270902990977       0.12194819216602304        3.2745385870301902E-002  -9.2029480494976390E-002  -1.8473133753818178E-008   5.0531998496330406     
   34.515050167204954       0.12192288628243875        3.2704036948442997E-002  -9.2026110776066872E-002  -1.8296315723076692E-008   5.0332521888844717     
   34.648829431418925       0.12190573998139009        3.2672749411715246E-002  -9.2047256318382287E-002  -1.8002497447352693E-008   5.0050792977372645     
   34.782608695632895       0.12187147431329493        3.2661395953976512E-002  -9.2052057147726019E-002  -1.7928829324879563E-008   5.0216364653621000     
   34.916387959846872       0.12181274655530143        3.2664591155912540E-002  -9.2014683329163127E-002  -1.7988831785302002E-008   5.0599978560466470     
   35.050167224060843       0.12174170323330620        3.2657304264708052E-002  -9.1955354079424734E-002  -1.7909269292145417E-008   5.0602038522083825     
   35.183946488274813       0.12166842601598546        3.2644667238642192E-002  -9.1891476292461721E-002  -1.7850598950271119E-008   5.0444989985051611     
   35.317725752488791       0.12158816352906313        3.2639952921711325E-002  -9.1821957282400390E-002  -1.7769342841489770E-008   5.0415876782944542     
   35.451505016702761       0.12149913802789783        3.2641395230469196E-002  -9.1762335152814040E-002  -1.7880040625453785E-008   5.0548510755233904     
   35.585284280916731       0.12141880442096543        3.2648660983663924E-002  -9.1717195605676038E-002  -1.8124238889069443E-008   5.0540907439666896     
   35.719063545130709       0.12136057817747258        3.2661570443981755E-002  -9.1690628381421613E-002  -1.8426564165257084E-008   5.0557227161096998     
   35.852842809344679       0.12131506617452364        3.2679279734714593E-002  -9.1692909071258183E-002  -1.8711888938931102E-008   5.0559915237504427     
   35.986622073558650       0.12127226235880559        3.2696489517563758E-002  -9.1710028354887480E-002  -1.9125406197026045E-008   5.0796268375761926     
   36.120401337772627       0.12122819311907422        3.2708042615043745E-002  -9.1701790317175819E-002  -1.9742324628698700E-008   5.1223213165270804     
   36.254180601986597       0.12120074878768679        3.2710131558845536E-002  -9.1706015277483927E-002  -2.0322783125271660E-008   5.1650583367810663     
   36.387959866200568       0.12119466456891058        3.2693468091981724E-002  -9.1734902884050923E-002  -2.0442107744085271E-008   5.1794744059943190     
   36.521739130414545       0.12119836755679214        3.2659482229685247E-002  -9.1746295928430616E-002  -2.0268001846259322E-008   5.1640254316635472     
   36.655518394628515       0.12121258672301397        3.2630987175499941E-002  -9.1749965948024093E-002  -2.0041121875230614E-008   5.1482200390408650     
   36.789297658842486       0.12123045965381611        3.2618309918285279E-002  -9.1745662292084668E-002  -1.9999873740194825E-008   5.1562983196624774     
   36.923076923056463       0.12124418127070498        3.2615806385357174E-002  -9.1728536536913069E-002  -1.9950951817612219E-008   5.1557765943513720     
   37.056856187270434       0.12125674069291488        3.2610444795349060E-002  -9.1716125145836269E-002  -1.9892673637979227E-008   5.1372033811191748     
   37.190635451484404       0.12126114206796458        3.2597366384195532E-002  -9.1700863311371117E-002  -1.9909297336683687E-008   5.1274247567745981     
   37.324414715698381       0.12125756780615897        3.2579574541664269E-002  -9.1684238669884011E-002  -2.0118241415459287E-008   5.1423495372958890     
   37.458193979912352       0.12126457173474235        3.2543709035813356E-002  -9.1670880552315120E-002  -2.0136177544655214E-008   5.1265636088953164     
   37.591973244126322       0.12128044617704349        3.2486001801676094E-002  -9.1630432484018920E-002  -2.0026965087363954E-008   5.0897896664220266     
   37.725752508340300       0.12129471946829340        3.2432914294081072E-002  -9.1562901289624243E-002  -2.0083933889657433E-008   5.0793949882232230     
   37.859531772554270       0.12130472965415529        3.2392419054111561E-002  -9.1484605810250641E-002  -1.9939562237166351E-008   5.0666290847266513     
   37.993311036768240       0.12130767663968828        3.2356836479164909E-002  -9.1393144009891403E-002  -1.9681401989209388E-008   5.0565092965927549     
   38.127090300982218       0.12130697268815772        3.2325382654480803E-002  -9.1284883314882020E-002  -1.9420502667923651E-008   5.0472131435229111     
   38.260869565196188       0.12130761937871801        3.2297764333332056E-002  -9.1176365277046728E-002  -1.9073326615484771E-008   5.0362340776115859     
   38.394648829410158       0.12131379543607870        3.2276431291944283E-002  -9.1104313635059414E-002  -1.8957255218982893E-008   5.0386265590613837     
   38.528428093624129       0.12133030519416325        3.2262376951944415E-002  -9.1057641484546065E-002  -1.8970906073143454E-008   5.0498567847008307     
   38.662207357838106       0.12135011024119897        3.2247877482259782E-002  -9.1017098857436390E-002  -1.8667492235494399E-008   5.0522375965383057     
   38.795986622052077       0.12136157418008559        3.2236840425878627E-002  -9.0997412465771421E-002  -1.8529480018737124E-008   5.0704341406113818     
   38.929765886266047       0.12137321498757281        3.2227030840354901E-002  -9.1005738170562289E-002  -1.8568017599323975E-008   5.0946167863839333     
   39.063545150480024       0.12139006693407918        3.2210513264447106E-002  -9.1032919957028502E-002  -1.8470154694298612E-008   5.1042916043557973     
   39.197324414693995       0.12139528364341594        3.2182629105523025E-002  -9.1064223687397888E-002  -1.8410335174227023E-008   5.1045872555222083     
   39.331103678907965       0.12139216726613855        3.2151784953955348E-002  -9.1104194481730738E-002  -1.8310714826053055E-008   5.0938960423513953     
   39.464882943121943       0.12138542790636241        3.2120299979530274E-002  -9.1135687170158075E-002  -1.8215572797488106E-008   5.0798253293880187     
   39.598662207335913       0.12136521784661002        3.2092237891022127E-002  -9.1143105877956210E-002  -1.8206723237117771E-008   5.0750230368702853     
   39.732441471549883       0.12133661232754001        3.2069494579757912E-002  -9.1140723135912705E-002  -1.8362857147213179E-008   5.0855653090675474     
   39.866220735763861       0.12131163797860685        3.2052760954290181E-002  -9.1153226512050295E-002  -1.8470566435529678E-008   5.0787960583621921     
   39.999999999977831       0.12128060245032539        3.2056571375057519E-002  -9.1173755885711971E-002  -1.8569657149481383E-008   5.0912716618382063     
   40.133779264191801       0.12123676892938599        3.2084232185311513E-002  -9.1179903672378410E-002  -1.8667609014995875E-008   5.1129617716189077     
   40.267558528405779       0.12117996731258029        3.2115348035349822E-002  -9.1179140059327951E-002  -1.8633242194667190E-008   5.1308440684824301     
   40.401337792619749       0.12112074244998922        3.2138202416083894E-002  -9.1169798420605269E-002  -1.8602765629038641E-008   5.1602710924291673     
   40.535117056833720       0.12105330865827284        3.2155899603762292E-002  -9.1142806104441171E-002  -1.8545796705618213E-008   5.1584533001952311     
   40.668896321047697       0.12097046059826151        3.2162088775896366E-002  -9.1101449235792858E-002  -1.8112973521322924E-008   5.0931979799988625     
   40.802675585261667       0.12088603576068249        3.2147919184029657E-002  -9.1054680972606356E-002  -1.7625139250902619E-008   5.0338800233306538     
   40.936454849475638       0.12081090267401953        3.2131434268475742E-002  -9.1039538265713260E-002  -1.7340785010833889E-008   5.0103908069317864     
   41.070234113689615       0.12073982704206372        3.2133872582383323E-002  -9.1062092851653814E-002  -1.7468551333248809E-008   5.0364538852648941     
   41.204013377903586       0.12066177731724437        3.2150746961403992E-002  -9.1084773123185664E-002  -1.7820800648317218E-008   5.0768342950776226     
   41.337792642117556       0.12058638229949493        3.2163429592509604E-002  -9.1095467693095816E-002  -1.7978339197982575E-008   5.1066034558405828     
   41.471571906331533       0.12052616285151396        3.2162204342711442E-002  -9.1093946416227201E-002  -1.7954592940465264E-008   5.1298377739581067     
   41.605351170545504       0.12049648490385634        3.2143899463064216E-002  -9.1106513813820067E-002  -1.7716087434534707E-008   5.1107370762627609     
   41.739130434759474       0.12049592111576810        3.2112526205653434E-002  -9.1129919065857434E-002  -1.7367104681901190E-008   5.0892777199654580     
   41.872909698973451       0.12050620142092870        3.2093129519352427E-002  -9.1142921104076041E-002  -1.7139811015818316E-008   5.0888710003850131     
   42.006688963187422       0.12052033080359624        3.2086547669351859E-002  -9.1168264691306067E-002  -1.6786461266371547E-008   5.1129766941304098     
   42.140468227401392       0.12053909861203253        3.2092818764040514E-002  -9.1212285454303238E-002  -1.6681705014739738E-008   5.1647548647634993     
   42.274247491615370       0.12057078613340658        3.2090713762856479E-002  -9.1267756881338119E-002  -1.6394771232269638E-008   5.1675479486473845     
   42.408026755829340       0.12060820798284247        3.2072148027037374E-002  -9.1303765609712928E-002  -1.6090220362253341E-008   5.1233215211707508     
   42.541806020043310       0.12064648419189579        3.2058886432324143E-002  -9.1279768401008043E-002  -1.6056445835670739E-008   5.0954555940449184     
   42.675585284257288       0.12068667988798246        3.2056830541105662E-002  -9.1196619787210054E-002  -1.6200019361245542E-008   5.0860878850578803     
   42.809364548471258       0.12072136730054582        3.2063338689655607E-002  -9.1084585880489455E-002  -1.6579622025187735E-008   5.1017296807372876     
   42.943143812685229       0.12075089125061990        3.2069975279615262E-002  -9.0971067881054801E-002  -1.6904477648248943E-008   5.1161053438877788     
   43.076923076899206       0.12077643635205804        3.2073012877290842E-002  -9.0877620786656760E-002  -1.7133994635708882E-008   5.1290088374707796     
   43.210702341113176       0.12079714714282096        3.2070990885407762E-002  -9.0806237593521411E-002  -1.7168129771151812E-008   5.1282468483622479     
   43.344481605327147       0.12081311727802937        3.2054510271323562E-002  -9.0745867387731466E-002  -1.7240368384090735E-008   5.1289795021148032     
   43.478260869541124       0.12083116618358442        3.2027010958332713E-002  -9.0691915599894729E-002  -1.7207841401794234E-008   5.1096464625326714     
   43.612040133755094       0.12085263630880486        3.1998644529552867E-002  -9.0646998753980634E-002  -1.7125085400693042E-008   5.1084620473371025     
   43.745819397969065       0.12087929212606464        3.1974686820968871E-002  -9.0611336762460776E-002  -1.6971265210668667E-008   5.0983656731983507     
   43.879598662183042       0.12090834942500170        3.1950875777319858E-002  -9.0571740876124351E-002  -1.6839951680334360E-008   5.0939614417375809     
   44.013377926397013       0.12093118851729628        3.1931538126203224E-002  -9.0529336711255765E-002  -1.6655274922766375E-008   5.0753885024643655     
   44.147157190610983       0.12094526690178156        3.1917906052872626E-002  -9.0516231148648374E-002  -1.6727701484879292E-008   5.0653629335777142     
   44.280936454824960       0.12095177813449531        3.1916670545332600E-002  -9.0553781441586101E-002  -1.7033130408565157E-008   5.0681157049767327     
   44.414715719038931       0.12095893107384410        3.1938374495455897E-002  -9.0628740883407083E-002  -1.7425111367627223E-008   5.0945833335124311     
   44.548494983252901       0.12097535681537486        3.1980113561268134E-002  -9.0711948309374651E-002  -1.7873736864930085E-008   5.1324394721726794     
   44.682274247466879       0.12099383909533407        3.2009954351365777E-002  -9.0769080575697714E-002  -1.8116640257619394E-008   5.1591809156242965     
   44.816053511680849       0.12101313369311731        3.2012892570273087E-002  -9.0807725886164703E-002  -1.7963913790800415E-008   5.1596418565743436     
   44.949832775894819       0.12103239885363473        3.1994206578497983E-002  -9.0840057454646489E-002  -1.7477049775705270E-008   5.1394416065326896     
   45.083612040108797       0.12104567921649358        3.1965402571072263E-002  -9.0880768661777883E-002  -1.6921677464770737E-008   5.1338746984158856     
   45.217391304322767       0.12104893851823607        3.1928589024922599E-002  -9.0944135475651167E-002  -1.6367539647603411E-008   5.1085521363355424     
   45.351170568536737       0.12104671661591231        3.1889899586337464E-002  -9.1037352231337826E-002  -1.6310559006932946E-008   5.0970863303648697     
   45.484949832750715       0.12103481918061997        3.1868440533383009E-002  -9.1124668200407433E-002  -1.6648946571772579E-008   5.1037830789310803     
   45.618729096964685       0.12101811446113667        3.1864934884868579E-002  -9.1162890706744965E-002  -1.7293938394661892E-008   5.1289190758731111     
   45.752508361178656       0.12099353512918637        3.1868709436862874E-002  -9.1148153383101616E-002  -1.7974722352946242E-008   5.1587633035268272     
   45.886287625392633       0.12096357337492850        3.1864216379459798E-002  -9.1117974601750029E-002  -1.8241506900761653E-008   5.1716106589316730     
   46.020066889606603       0.12094418389093747        3.1848963887381024E-002  -9.1111521821747171E-002  -1.8303501302130782E-008   5.1627937492574212     
   46.153846153820574       0.12093940371045907        3.1838539096680725E-002  -9.1148227913553315E-002  -1.8333384548982173E-008   5.1409471727041867     
   46.287625418034551       0.12094168278656707        3.1842404825867726E-002  -9.1203930850025844E-002  -1.8569343082802152E-008   5.1461978524834420     
   46.421404682248522       0.12094116086618040        3.1840276899741664E-002  -9.1272454979331008E-002  -1.8754137102622069E-008   5.1446521020595135     
   46.555183946462492       0.12093450229981054        3.1824005337245727E-002  -9.1363106696379592E-002  -1.8737194966133026E-008   5.1234767592413046     
   46.688963210676469       0.12093094295806577        3.1813511394988524E-002  -9.1453902390050246E-002  -1.8804523972337534E-008   5.1029219361576752     
   46.822742474890440       0.12093228283007426        3.1815591085337824E-002  -9.1504595204091099E-002  -1.8948207285192676E-008   5.1019416343799460     
   46.956521739104410       0.12093237928145219        3.1820530520799133E-002  -9.1520093514667306E-002  -1.8927078106119249E-008   5.1037716024131647     
   47.090301003318388       0.12094587692713865        3.1817587333294803E-002  -9.1513603492298617E-002  -1.8698693059208138E-008   5.1018825742795046     
   47.224080267532358       0.12096956104529250        3.1825794148786439E-002  -9.1482466525168865E-002  -1.8574826975323393E-008   5.1046166782947120     
   47.357859531746328       0.12099349698901543        3.1844111755527697E-002  -9.1439452683302003E-002  -1.8545853743487744E-008   5.1272249876046132     
   47.491638795960299       0.12101302797108134        3.1861934567886961E-002  -9.1381044619243290E-002  -1.8696180558124427E-008   5.1592217926569539     
   47.625418060174276       0.12102863560620386        3.1870589227201644E-002  -9.1313212215938966E-002  -1.8734952912702045E-008   5.1595271089352179     
   47.759197324388246       0.12105049187888922        3.1873190180262495E-002  -9.1263579679874723E-002  -1.8558705118759690E-008   5.1245873869603216     
   47.892976588602217       0.12108449655496892        3.1885499465171489E-002  -9.1221693737771975E-002  -1.8282826079667558E-008   5.0972891658159947     
   48.026755852816194       0.12113269202829594        3.1912458252205830E-002  -9.1193950644100519E-002  -1.8045885962109799E-008   5.0973804175267823     
   48.160535117030165       0.12117872721262420        3.1946836768318387E-002  -9.1179493981730531E-002  -1.7915586347592884E-008   5.1159670965533977     
   48.294314381244135       0.12120714330628390        3.1986734171042155E-002  -9.1155545252471548E-002  -1.8068431741015989E-008   5.1779763910891177     
   48.428093645458112       0.12123380543996699        3.2025561372425453E-002  -9.1137385368433910E-002  -1.8096419612968832E-008   5.2146899911896476     
   48.561872909672083       0.12126499402342576        3.2052255877604734E-002  -9.1140280114245520E-002  -1.7921760402404610E-008   5.2145083836139028     
   48.695652173886053       0.12129860837845445        3.2076734722174309E-002  -9.1157644072035637E-002  -1.7954869778018756E-008   5.2357432237962147     
   48.829431438100031       0.12133818873707282        3.2098177874475976E-002  -9.1200266280055481E-002  -1.8188706513088647E-008   5.2653971015601941     
   48.963210702314001       0.12137556808719593        3.2113488894868848E-002  -9.1261156425450601E-002  -1.8366774967168963E-008   5.2716954246086285     
   49.096989966527971       0.12140472781282739        3.2127915361430885E-002  -9.1325314070787922E-002  -1.8195314272900251E-008   5.2474179269988017     
   49.230769230741949       0.12141888649230849        3.2142278418534474E-002  -9.1383495287102740E-002  -1.7787638751212260E-008   5.2095599941748301     
   49.364548494955919       0.12141587390694750        3.2159486497852795E-002  -9.1449733176135473E-002  -1.7574543838049051E-008   5.1828275577800547     
   49.498327759169889       0.12140790526127301        3.2174777096555654E-002  -9.1520842621807652E-002  -1.7799354062990187E-008   5.1758603108217720     
   49.632107023383867       0.12139888761747190        3.2187515199185786E-002  -9.1524521929279679E-002  -1.8213679486815240E-008   5.1753881333481635     
   49.765886287597837       0.12140657605258166        3.2202548269288589E-002  -9.1481521910883573E-002  -1.8390739397288951E-008   5.1769491865033590     
   49.899665551811808       0.12142886852702638        3.2214492629178929E-002  -9.1428693165730462E-002  -1.8451798171001619E-008   5.1731521923377333     
   50.033444816025785       0.12144590982658141        3.2234151717892248E-002  -9.1345304263164506E-002  -1.8691738749135707E-008   5.1816118382910483     
   50.167224080239755       0.12145689219595078        3.2258681545962280E-002  -9.1266618357060236E-002  -1.8823451066286195E-008   5.1912048232493593     
   50.301003344453726       0.12147618752387231        3.2272651448186210E-002  -9.1231659165000561E-002  -1.8876204210434356E-008   5.1682023337351009     
   50.434782608667703       0.12150604199712134        3.2284303309025854E-002  -9.1226578959618138E-002  -1.8971758194615086E-008   5.1516270499997816     
   50.568561872881673       0.12153948491082708        3.2296588975087935E-002  -9.1228975142858715E-002  -1.9267061306547036E-008   5.1648419639439469     
   50.702341137095644       0.12157031088478833        3.2316576125285927E-002  -9.1221965569463659E-002  -1.9617597947066769E-008   5.2020774667124732     
   50.836120401309621       0.12159552486719027        3.2340454789333110E-002  -9.1190133382245159E-002  -1.9780313035091668E-008   5.2237333042830141     
   50.969899665523592       0.12163677536201573        3.2346166198113827E-002  -9.1165507756492292E-002  -1.9303637159086481E-008   5.1690577042690098     
   51.103678929737562       0.12169652411135712        3.2339699839658391E-002  -9.1158324488167325E-002  -1.8933357782119472E-008   5.1712731501855123     
   51.237458193951539       0.12174935678523598        3.2344887804213796E-002  -9.1131965849127000E-002  -1.9119826618942862E-008   5.2355399056713834     
   51.371237458165510       0.12180795613700932        3.2356820525954080E-002  -9.1093345910925577E-002  -1.9052077977527113E-008   5.2376591384015629     
   51.505016722379480       0.12188035507273615        3.2368505264095411E-002  -9.1068564759565263E-002  -1.8783408481487800E-008   5.2350112445856265     
   51.638795986593458       0.12195414594517552        3.2394977827377998E-002  -9.1070311530313641E-002  -1.8596136429026843E-008   5.2411214934192571     
   51.772575250807428       0.12202719005618946        3.2416150235322787E-002  -9.1100019114275482E-002  -1.8091036084289017E-008   5.2235001890514168     
   51.906354515021398       0.12208979642200438        3.2428444734193464E-002  -9.1139111775189297E-002  -1.7563435135332839E-008   5.1993142952075342     
   52.040133779235376       0.12214221092783514        3.2445326519643804E-002  -9.1177770717164514E-002  -1.7321827730886316E-008   5.1929632608507186     
   52.173913043449346       0.12219072142858492        3.2464779814444525E-002  -9.1220291345532195E-002  -1.7083339893180212E-008   5.1860402552767688     
   52.307692307663316       0.12223649137965055        3.2485409071829875E-002  -9.1260081683516514E-002  -1.6941772234469603E-008   5.1812963429449486     
   52.441471571877294       0.12227708435860364        3.2512380819645387E-002  -9.1273750503821138E-002  -1.6813840601180277E-008   5.1798011228308001     
   52.575250836091264       0.12231470624957425        3.2555319442796160E-002  -9.1262471994664279E-002  -1.6646046897177159E-008   5.1879342900451828     
   52.709030100305235       0.12234911488987023        3.2604971077734010E-002  -9.1252671281076447E-002  -1.6508637353077445E-008   5.2008331051197203     
   52.842809364519212       0.12237859011693293        3.2666668116843808E-002  -9.1278150880914122E-002  -1.6433012546376597E-008   5.2200138881889107     
   52.976588628733182       0.12239530911447100        3.2734232964120834E-002  -9.1322234755053966E-002  -1.6314221484513765E-008   5.2382600453604109     
   53.110367892947153       0.12239948541121647        3.2791753020119233E-002  -9.1343939369758709E-002  -1.6385789573186085E-008   5.2786764704397235     
   53.244147157161130       0.12239021379667572        3.2841069059385157E-002  -9.1346122262984802E-002  -1.6813590727043933E-008   5.3431696605495018     
   53.377926421375101       0.12236984816326595        3.2884245283682959E-002  -9.1333314397525622E-002  -1.6753548627523473E-008   5.3310196574370359     
   53.511705685589071       0.12234852006613396        3.2901853197927364E-002  -9.1311626429919024E-002  -1.5958351104463514E-008   5.2278390054195869     
   53.645484949803048       0.12232777311193858        3.2911889392292074E-002  -9.1289347875048638E-002  -1.5317207206006894E-008   5.1724927854991964     
   53.779264214017019       0.12230514309098139        3.2936366382900997E-002  -9.1279683708600790E-002  -1.5055252510449281E-008   5.1698890034298195     
   53.913043478230989       0.12227147354616268        3.2990192697429345E-002  -9.1288661998244230E-002  -1.4978904530252720E-008   5.1976346110687786     
   54.046822742444967       0.12223468216882181        3.3053657459707557E-002  -9.1311042567327333E-002  -1.5035869790187138E-008   5.2060355566389456     
   54.180602006658937       0.12220740534875332        3.3100395719628244E-002  -9.1352929076409878E-002  -1.5085404772935639E-008   5.2336928635642588     
   54.314381270872907       0.12219188382274318        3.3140211904547925E-002  -9.1420916576872430E-002  -1.5404444515448483E-008   5.2767632376389413     
   54.448160535086885       0.12218429233815283        3.3171593408611991E-002  -9.1481623874904661E-002  -1.5323779709579717E-008   5.2892299437509669     
   54.581939799300855       0.12218882051966577        3.3210061057264713E-002  -9.1536165693978572E-002  -1.5348956409518027E-008   5.3183296923614511     
   54.715719063514825       0.12220854334762182        3.3240497326061644E-002  -9.1587813470460827E-002  -1.5564801382308625E-008   5.3337421838117454     
   54.849498327728803       0.12224322660994891        3.3251476562677559E-002  -9.1652623364540803E-002  -1.5572680456151949E-008   5.3030951670413353     
   54.983277591942773       0.12229144190707077        3.3258846405139604E-002  -9.1716864386100494E-002  -1.5719593464288302E-008   5.2755498063789101     
   55.117056856156744       0.12234951843582455        3.3287753486411290E-002  -9.1773098282303511E-002  -1.5846029491314133E-008   5.2591330431913654     
   55.250836120370721       0.12241498703805002        3.3313621138236056E-002  -9.1855992193145580E-002  -1.5577761269516552E-008   5.2247167476533045     
   55.384615384584691       0.12248466050129228        3.3336553953536761E-002  -9.1963497087382579E-002  -1.5387892470224617E-008   5.2055354606681323     
   55.518394648798662       0.12256056238992648        3.3364082158408116E-002  -9.2088811494440370E-002  -1.5313119653982652E-008   5.2064453921099823     
   55.652173913012632       0.12264304334963522        3.3385249222354682E-002  -9.2215908622687748E-002  -1.5522708034943966E-008   5.2250613903818435     
   55.785953177226610       0.12272774879825037        3.3416281727502266E-002  -9.2315589642069373E-002  -1.5825451868926452E-008   5.2432178665268454     
   55.919732441440580       0.12282769951393545        3.3457436262655023E-002  -9.2399221784897290E-002  -1.5649540441435409E-008   5.2410204386480119     
   56.053511705654550       0.12294118394952468        3.3500485869055151E-002  -9.2495910142451870E-002  -1.5225768350844484E-008   5.2260272159981689     
   56.187290969868528       0.12305159771818024        3.3540088690309527E-002  -9.2591531202871086E-002  -1.4596647249440162E-008   5.1910169878821817     
   56.321070234082498       0.12315585723818764        3.3586227249339379E-002  -9.2652571846835535E-002  -1.4366188959733124E-008   5.1818003892149527     
   56.454849498296468       0.12326027339087843        3.3647509030856400E-002  -9.2699997587313149E-002  -1.4826603450270004E-008   5.2456204145239349     
   56.588628762510446       0.12336716116215087        3.3700464719698113E-002  -9.2719914067184300E-002  -1.5408172505718311E-008   5.3275382549988946     
   56.722408026724416       0.12347143554738144        3.3739450017959458E-002  -9.2690254511928416E-002  -1.5730944056172217E-008   5.3579544726237396     
   56.856187290938387       0.12358000134213856        3.3779517159314702E-002  -9.2642860833820728E-002  -1.5969561497407074E-008   5.3673641536575776     
   56.989966555152364       0.12369158195023693        3.3816323817397201E-002  -9.2610259717177179E-002  -1.5845261546217214E-008   5.3413761914267068     
   57.123745819366334       0.12380177635759643        3.3856087055145194E-002  -9.2609048712664954E-002  -1.5774079965481934E-008   5.3501024080732167     
   57.257525083580305       0.12390677946059943        3.3916303266954023E-002  -9.2644596837777982E-002  -1.5966907080101914E-008   5.4061143544185359     
   57.391304347794282       0.12400610415613574        3.3973199361885233E-002  -9.2713014640422919E-002  -1.5795966379739843E-008   5.4240093398353419     
   57.525083612008252       0.12410308017693143        3.4027780935528572E-002  -9.2800824738135473E-002  -1.5393335544912189E-008   5.4742630306206896     
   57.658862876222223       0.12418759698665367        3.4075017026580313E-002  -9.2884160062031762E-002  -1.5270854650104224E-008   5.5158771921102598     
   57.792642140436200       0.12427116780672881        3.4120380650759029E-002  -9.2963495954235364E-002  -1.5260667152549079E-008   5.5218994236586578     
   57.926421404650171       0.12436191946923568        3.4161895083413982E-002  -9.3042649284055312E-002  -1.5185321461404472E-008   5.5073036621081712     
   58.060200668864141       0.12446069032532119        3.4205979614076787E-002  -9.3153489997844535E-002  -1.5261387208505777E-008   5.5009345236603249     
   58.193979933078118       0.12454886019503565        3.4247779175347784E-002  -9.3276914028323665E-002  -1.5208317864465277E-008   5.5237642468351780     
   58.327759197292089       0.12461786276205622        3.4262330431841133E-002  -9.3397071963343986E-002  -1.4888343235507882E-008   5.4978563137506526     
   58.461538461506059       0.12468345471248876        3.4263789020121622E-002  -9.3508961827404008E-002  -1.4645597744989229E-008   5.4300213246852769     
   58.595317725720037       0.12474328340176834        3.4292434713589726E-002  -9.3602227673624749E-002  -1.4569642419846684E-008   5.3960931220104804     
   58.729096989934007       0.12479601734501652        3.4331367338343376E-002  -9.3681467462457618E-002  -1.4622894181581565E-008   5.3804590073346255     
   58.862876254147977       0.12484331553680703        3.4366414280025438E-002  -9.3741944835716656E-002  -1.4833562185331074E-008   5.4029993339462150     
   58.996655518361955       0.12488835786376797        3.4405172295597503E-002  -9.3788517809608424E-002  -1.5004191368178257E-008   5.4086042283816447     
   59.130434782575925       0.12492221131650424        3.4453725230270252E-002  -9.3797524457684300E-002  -1.5194505737595836E-008   5.4265249736506194     
   59.264214046789895       0.12495472566399726        3.4498795675340796E-002  -9.3759411568526435E-002  -1.5198552553543339E-008   5.4354897419422565     
   59.397993311003873       0.12499546772968304        3.4527188072955003E-002  -9.3702487142106189E-002  -1.5319906500087475E-008   5.4596769005480565     
   59.531772575217843       0.12503445973138633        3.4539825084531468E-002  -9.3636972156337317E-002  -1.5446839412441783E-008   5.4631745541879830     
   59.665551839431814       0.12507204003588093        3.4548996598201126E-002  -9.3581750030738514E-002  -1.4961816488462407E-008   5.4082907062752898     
   59.799331103645791       0.12511254757440976        3.4571268602165445E-002  -9.3591750395472906E-002  -1.4239221363102598E-008   5.3695273519382463     
   59.933110367859761       0.12514621180179414        3.4617767707193381E-002  -9.3648835306682415E-002  -1.3749568778446882E-008   5.3740978255602343     
   60.066889632073732       0.12515938337376792        3.4675223999773054E-002  -9.3679747986933876E-002  -1.3510913842933576E-008   5.3601816249267316     
   60.200668896287709       0.12516703650833905        3.4738432936484709E-002  -9.3692281415573925E-002  -1.3623402967594197E-008   5.3360153955219580     
   60.334448160501680       0.12516981878140584        3.4809327682535779E-002  -9.3692282515809383E-002  -1.3809409737090295E-008   5.3370664582955367     
   60.468227424715650       0.12517915464870175        3.4874268105838352E-002  -9.3694463476526879E-002  -1.4094715871603985E-008   5.3602857551906977     
   60.602006688929627       0.12521868604367242        3.4926653275039792E-002  -9.3699840900333287E-002  -1.4236798429372436E-008   5.3801433987030771     
   60.735785953143598       0.12529319459342539        3.4959239420828382E-002  -9.3706704599681334E-002  -1.4255340672981712E-008   5.3808610262401455     
   60.869565217357568       0.12539990107205501        3.4989525703525218E-002  -9.3781088154297920E-002  -1.4382668653929715E-008   5.3984444873594075     
   61.003344481571546       0.12551892242661550        3.5027102141694966E-002  -9.3917068962922956E-002  -1.4312305450380889E-008   5.4149885062231258     
   61.137123745785516       0.12563944844120539        3.5061635520902308E-002  -9.4048239666640832E-002  -1.4020141213988320E-008   5.3958987079996232     
   61.270903009999486       0.12574729110707494        3.5083595076839273E-002  -9.4144860871259617E-002  -1.3750008606974918E-008   5.3698135258534068     
   61.404682274213464       0.12583540952980138        3.5093263403604719E-002  -9.4204439469489754E-002  -1.3620205365420034E-008   5.3530921133811109     
   61.538461538427434       0.12591731191596298        3.5110239335394811E-002  -9.4254889205674514E-002  -1.3436550335479175E-008   5.3081173871575320     
   61.672240802641404       0.12599122294162285        3.5152388452182284E-002  -9.4329143844491620E-002  -1.3170593156578087E-008   5.2745495521302468     
   61.806020066855382       0.12604693101634337        3.5202992278484196E-002  -9.4379148490072923E-002  -1.3173823610299358E-008   5.2875279415524439     
   61.939799331069352       0.12608929648687225        3.5264081761326234E-002  -9.4382679182061779E-002  -1.3516012551332282E-008   5.3394964579099806     
   62.073578595283323       0.12611778821988298        3.5321451987551891E-002  -9.4366595836283568E-002  -1.3780358704292229E-008   5.3872445142898329     
   62.207357859497300       0.12613542810626166        3.5354652098307918E-002  -9.4349381393792953E-002  -1.3706251017524254E-008   5.3730919053745154     
   62.341137123711270       0.12615516871139781        3.5385353383385491E-002  -9.4341412944756314E-002  -1.3670649719985251E-008   5.3524174153312671     
   62.474916387925241       0.12616697617865216        3.5421562595984279E-002  -9.4329650402222409E-002  -1.3588455504732340E-008   5.3165770686424336     
   62.608695652139218       0.12616945227433060        3.5467570000640540E-002  -9.4318685065775038E-002  -1.3541299172992963E-008   5.2769214993868934     
   62.742474916353189       0.12617065590342968        3.5522835933709661E-002  -9.4314733417653285E-002  -1.3463958007660768E-008   5.2707446805021823     
   62.876254180567159       0.12617031612669163        3.5589186114246163E-002  -9.4320650488437408E-002  -1.3631386579855764E-008   5.3019668119385344     
   63.010033444781136       0.12616559703591815        3.5657656070980599E-002  -9.4313924848434372E-002  -1.3767070250821053E-008   5.3075005547097911     
   63.143812708995107       0.12616063913001022        3.5717293899397935E-002  -9.4257699081875063E-002  -1.3548804916741672E-008   5.2714825654836792     
   63.277591973209077       0.12617304790366263        3.5773960699574066E-002  -9.4209477370851030E-002  -1.3251117213978136E-008   5.2461353319094277     
   63.411371237423054       0.12619917461329891        3.5831547743959122E-002  -9.4196917519730139E-002  -1.3169400294392297E-008   5.2521157040090367     
   63.545150501637025       0.12622691981464457        3.5876672496239430E-002  -9.4206759085221359E-002  -1.3243489450618673E-008   5.2379401612725252     
   63.678929765850995       0.12625190930070115        3.5903410923957622E-002  -9.4240998816681743E-002  -1.3311641278930209E-008   5.2215563552590032     
   63.812709030064973       0.12626621619243911        3.5934152463254855E-002  -9.4272916162265658E-002  -1.3523233163245687E-008   5.2343726803465493     
   63.946488294278943       0.12628399261100917        3.5986950946585682E-002  -9.4310663338640355E-002  -1.3716180752998648E-008   5.2563828515037390     
   64.080267558492920       0.12630616992622765        3.6050081623388262E-002  -9.4360597107767369E-002  -1.3745788318696805E-008   5.2563152231910388     
   64.214046822706891       0.12633466539907065        3.6109163474334523E-002  -9.4396185224771112E-002  -1.3508303033861957E-008   5.2433019610164946     
   64.347826086920861       0.12637654715246163        3.6146830207738442E-002  -9.4440892661168702E-002  -1.3229307863438464E-008   5.2437016356160102     
   64.481605351134831       0.12643864979573910        3.6170967080680377E-002  -9.4511048299637385E-002  -1.3226772879116236E-008   5.2402253285460185     
   64.615384615348802       0.12651029651852067        3.6210102416875563E-002  -9.4579870854562320E-002  -1.3187029158959284E-008   5.2123269058394337     
   64.749163879562772       0.12658483864078748        3.6260599918752232E-002  -9.4643555121128986E-002  -1.3069785940100239E-008   5.1970124156083930     
   64.882943143776757       0.12666385755469073        3.6318319781860460E-002  -9.4717345119176538E-002  -1.3001943042817619E-008   5.2055852462995240     
   65.016722407990727       0.12674776452830902        3.6371014121317768E-002  -9.4823652046567924E-002  -1.3058822049316249E-008   5.2350875471936424     
   65.150501672204697       0.12682214530152064        3.6416104827645408E-002  -9.4947307869154340E-002  -1.3336880690897391E-008   5.2674218591350739     
   65.284280936418668       0.12687306221642200        3.6447554508509304E-002  -9.5062671275129990E-002  -1.3338728340906965E-008   5.2448280624455430     
   65.418060200632638       0.12693289125064755        3.6484812046894230E-002  -9.5184876562857318E-002  -1.3293909372659436E-008   5.2391789427118702     
   65.551839464846609       0.12699976748104902        3.6540098291160318E-002  -9.5302415323788192E-002  -1.3061021326187966E-008   5.2309888812108811     
   65.685618729060593       0.12705228286874456        3.6608604216500605E-002  -9.5391334126592009E-002  -1.3098045031067117E-008   5.2269340480317670     
   65.819397993274563       0.12710784863420291        3.6679587290964960E-002  -9.5488414492693491E-002  -1.3069020603695917E-008   5.2171876000905115     
   65.953177257488534       0.12715495666751461        3.6730118621783527E-002  -9.5616231787165606E-002  -1.2995416727371000E-008   5.2014871465118322     
   66.086956521702504       0.12719215370591949        3.6785148586473970E-002  -9.5768726231188150E-002  -1.3168135726319288E-008   5.2137159982618408     
   66.220735785916474       0.12722957510391791        3.6844198483874616E-002  -9.5911868637248571E-002  -1.3355713899060381E-008   5.2414228953845869     
   66.354515050130445       0.12726817180830025        3.6875748907831088E-002  -9.6010313055533647E-002  -1.3471795248950592E-008   5.2394904233195607     
   66.488294314344429       0.12732261894349467        3.6884951547179697E-002  -9.6059491480367937E-002  -1.3532576693891604E-008   5.2236302499823335     
   66.622073578558400       0.12739846589470033        3.6894348392406011E-002  -9.6081877189289705E-002  -1.3459357597440015E-008   5.1950106541627834     
   66.755852842772370       0.12749289488408982        3.6906964176741303E-002  -9.6112743193914940E-002  -1.3223164317721391E-008   5.1700300218624351     
   66.889632106986340       0.12757557745345399        3.6934337232808506E-002  -9.6139597174451280E-002  -1.3013614284670058E-008   5.1453598220340799     
