           0           0           0           0
  0.13377926421397268        1.3244862584742629E-002   6.4620827457897739E-002  -2.6457558089322472E-002   1.6649187922818718E-008   4.8482154569791218     
  0.26755852842794536        3.8971816409868659E-002   6.8641588244088655E-002  -7.6877621218427117E-002   1.8751686285668556E-008   4.9888231724911885     
  0.40133779264191805        6.3556046932406254E-002   7.2705701742159845E-002 -0.12385091323886491        1.9537858547569763E-008   5.0111966571580036     
  0.53511705685589073        8.6175831894001118E-002   7.6185376194540216E-002 -0.16608092125724241        1.9391252543243342E-008   4.9558040478728183     
  0.66889632106986341       0.10635158226762634        7.8706270976880169E-002 -0.20299989257553663        1.8699280143392703E-008   4.8312112044347622     
  0.80267558528383609       0.12393826647311909        8.0245808682339229E-002 -0.23459315082384447        1.7805531734611085E-008   4.6466432642966691     
  0.93645484949780877       0.13897767669653185        8.1035386375227905E-002 -0.26112579643534783        1.6932258863704169E-008   4.4891217382526989     
   1.0702341137117815       0.15159763257813910        8.1271684631114602E-002 -0.28299586080554795        1.6212360974033258E-008   4.3793614000408088     
   1.2040133779257540       0.16201541129260144        8.1092169983904852E-002 -0.30073860817012171        1.5558945533206724E-008   4.2951415159173711     
   1.3377926421397268       0.17048220372501083        8.0676604249025494E-002 -0.31490530460272137        1.4989819720099127E-008   4.2483670020734881     
   1.4715719063536996       0.17726095346523926        8.0133238980831134E-002 -0.32602755905206843        1.4491088586658160E-008   4.2214870008149807     
   1.6053511705676722       0.18259187234782753        7.9546163909060316E-002 -0.33458634193938236        1.3984578319170068E-008   4.2091776435327359     
   1.7391304347816448       0.18668294179624356        7.8972450088959797E-002 -0.34099038717737712        1.3463579688039831E-008   4.2124132687771354     
   1.8729096989956175       0.18971541256951635        7.8457178751043480E-002 -0.34558237781806389        1.2996448638626777E-008   4.2059364737898095     
   2.0066889632095903       0.19184517705662771        7.8060909037996784E-002 -0.34865175129044879        1.2522876487590500E-008   4.2109333840517440     
   2.1404682274235629       0.19323110561098397        7.7767480642725859E-002 -0.35049187284488204        1.2089650777294060E-008   4.2341192181634328     
   2.2742474916375355       0.19400204828390122        7.7502082065337236E-002 -0.35133079850203397        1.1665921857831907E-008   4.2225427304658698     
   2.4080267558515080       0.19426287793923203        7.7339965172335087E-002 -0.35135447115372925        1.1237611303768944E-008   4.2388152769866689     
   2.5418060200654811       0.19408843695867914        7.7296134580699061E-002 -0.35069479066622322        1.0813844311358459E-008   4.2605219621141952     
   2.6755852842794536       0.19356776152382787        7.7337879847289043E-002 -0.34949244121752931        1.0415540089660738E-008   4.2728555467162082     
   2.8093645484934262       0.19278136969981904        7.7434507198970923E-002 -0.34789035388207767        9.9763692809116689E-009   4.2798144396534132     
   2.9431438127073992       0.19179797453132125        7.7538094761883961E-002 -0.34599505862041502        9.6192953558518750E-009   4.2853860149598573     
   3.0769230769213718       0.19066976259469953        7.7673952067195823E-002 -0.34388817861658150        9.2483441992216115E-009   4.2930509378203405     
   3.2107023411353444       0.18942835246611298        7.7857391954976998E-002 -0.34162171024935389        8.9676961486148211E-009   4.2955701695554769     
   3.3444816053493169       0.18810137345499520        7.8058635356735337E-002 -0.33923186659572591        8.7185150719431630E-009   4.2824848692655673     
   3.4782608695632895       0.18670937195618217        7.8306099548522898E-002 -0.33675105405562544        8.4681758301344212E-009   4.2692423507738422     
   3.6120401337772625       0.18529078784338382        7.8558427175638379E-002 -0.33423763091346148        8.2588527784380740E-009   4.2659376171580528     
   3.7458193979912351       0.18388131986113165        7.8837304006144582E-002 -0.33173630728445846        8.0325837481034539E-009   4.2599625431692223     
   3.8795986622052077       0.18249382385240745        7.9113480485751675E-002 -0.32927585592851216        7.8870248578952158E-009   4.2448765118969822     
   4.0133779264191807       0.18113853661252677        7.9386473606301189E-002 -0.32688693241474820        7.7247252541887390E-009   4.2471752459869299     
   4.1471571906331528       0.17981481072106412        7.9679693271119942E-002 -0.32456605950945600        7.5142670184590642E-009   4.2458286385391100     
   4.2809364548471258       0.17852835575058745        7.9920888358310502E-002 -0.32231779601226646        7.3887693891118250E-009   4.2447331609017276     
   4.4147157190610988       0.17731008323390868        8.0145701637871131E-002 -0.32018324500693274        7.2850953090988703E-009   4.2317298413216573     
   4.5484949832750710       0.17614917281678769        8.0391488185532475E-002 -0.31813645621887376        7.2065286037124609E-009   4.2503651866590513     
   4.6822742474890440       0.17502420236095817        8.0594909555906494E-002 -0.31615378640702674        7.1275792103812805E-009   4.2411174151592030     
   4.8160535117030161       0.17395417441060612        8.0758595807351327E-002 -0.31426775671027618        7.1236363625654803E-009   4.2242091227535674     
   4.9498327759169891       0.17293863105695698        8.0917447558402272E-002 -0.31248305877778126        7.1138194457965249E-009   4.2154073960603924     
   5.0836120401309621       0.17194856959893454        8.1122204079544818E-002 -0.31075907224557181        7.0432381292071978E-009   4.2115336815510975     
   5.2173913043449343       0.17097369848491056        8.1323212502229167E-002 -0.30907001162655706        7.0010024739360684E-009   4.2022455253446580     
   5.3511705685589073       0.17003310972644595        8.1466817413153217E-002 -0.30744791024039697        6.9784617917576122E-009   4.1884197464962396     
   5.4849498327728803       0.16914749968820345        8.1552141650735155E-002 -0.30591773040690962        6.9315661084709493E-009   4.1725576775031090     
   5.6187290969868524       0.16833256503170552        8.1653215734683635E-002 -0.30447971795999196        6.8936781871359969E-009   4.1557911563220191     
   5.7525083612008254       0.16757744514331213        8.1865800343709522E-002 -0.30312110589423313        6.8985507923829613E-009   4.1639028943916765     
   5.8862876254147984       0.16684287705132622        8.2117002625515648E-002 -0.30181320424606528        6.8747916716805198E-009   4.1682213508618844     
   6.0200668896287706       0.16612213377420285        8.2360930097494123E-002 -0.30055090038644106        6.8129546189757407E-009   4.1755549723077037     
   6.1538461538427436       0.16543397102898433        8.2579754355467896E-002 -0.29934372825253613        6.7440834229905272E-009   4.1877804391005107     
   6.2876254180567157       0.16479805705956049        8.2721627837420486E-002 -0.29821485796302805        6.6897201265777639E-009   4.1819025291676448     
   6.4214046822706887       0.16422421598891829        8.2805131297444393E-002 -0.29717097953826421        6.6574243981881197E-009   4.1712525737197028     
   6.5551839464846617       0.16370718665440950        8.2914654552488379E-002 -0.29620162549283346        6.6300194678379638E-009   4.1606820793901402     
   6.6889632106986339       0.16320490105771696        8.3064591769368437E-002 -0.29524916583219996        6.6358046109335100E-009   4.1470836666729562     
   6.8227424749126069       0.16269395684312227        8.3220540212305544E-002 -0.29429445335622095        6.6267425035907416E-009   4.1497639842522736     
   6.9565217391265790       0.16218892881894906        8.3318748795308289E-002 -0.29336468266194260        6.6015503960884556E-009   4.1425117724385858     
   7.0903010033405520       0.16170260132387643        8.3415982104604880E-002 -0.29246972841695407        6.5943212354685129E-009   4.1308165065627849     
   7.2240802675545250       0.16125139747114023        8.3506605011732890E-002 -0.29162182284827393        6.6762427944500666E-009   4.1391017383154409     
   7.3578595317684972       0.16084459714784177        8.3606698380987832E-002 -0.29082983051075978        6.7314137426476014E-009   4.1428390041607139     
   7.4916387959824702       0.16046300310892209        8.3732961756375332E-002 -0.29007498640110513        6.7758270988170904E-009   4.1546356094374479     
   7.6254180601964432       0.16010587841849036        8.3853909005439084E-002 -0.28937603157961267        6.7198415503822293E-009   4.1649706927666035     
   7.7591973244104153       0.15978558071332430        8.3964521541099860E-002 -0.28874744091404320        6.5921235655241346E-009   4.1536979269716117     
   7.8929765886243883       0.15950800075170582        8.4079828063055112E-002 -0.28818254575838714        6.5532292492160837E-009   4.1363232404207224     
   8.0267558528383613       0.15925533498800729        8.4197915436447612E-002 -0.28765183746926948        6.5493737530698398E-009   4.1412881308144396     
   8.1605351170523335       0.15902068933492136        8.4284143813781617E-002 -0.28714038062147929        6.5160053985505871E-009   4.1409456316600366     
   8.2943143812663056       0.15881106855526345        8.4393154119948660E-002 -0.28667468987257272        6.4924274539874648E-009   4.1350051973513988     
   8.4280936454802795       0.15860635678629692        8.4518311328948756E-002 -0.28622331441030130        6.5468625180944045E-009   4.1493194000899143     
   8.5618729096942516       0.15839135092790205        8.4582271809467618E-002 -0.28576168033250737        6.5773663356510990E-009   4.1514678617864318     
   8.6956521739082238       0.15818302813394727        8.4640188985401266E-002 -0.28533266885182729        6.5465600218967689E-009   4.1425968819576529     
   8.8294314381221977       0.15799970349718515        8.4702155130014972E-002 -0.28495460402061301        6.5381325223736387E-009   4.1340107104539188     
   8.9632107023361698       0.15784202322980515        8.4780144561417067E-002 -0.28461998814053202        6.5012008190478239E-009   4.1334313991029923     
   9.0969899665501419       0.15769962891411382        8.4889690062223619E-002 -0.28432327473842800        6.4857416154034965E-009   4.1499803666268376     
   9.2307692307641158       0.15757581224693903        8.4984560976901893E-002 -0.28407395192212359        6.4962538472080915E-009   4.1545124105603097     
   9.3645484949780879       0.15747848616218749        8.5083991879187623E-002 -0.28386500404021986        6.5122431772187151E-009   4.1588179778562946     
   9.4983277591920601       0.15739800794286302        8.5175929213512871E-002 -0.28367290551990387        6.5554715483209156E-009   4.1588680372789888     
   9.6321070234060322       0.15732505882028178        8.5239206648293778E-002 -0.28349235627069092        6.4819967688990888E-009   4.1590485928661156     
   9.7658862876200061       0.15726240666203198        8.5295285641408120E-002 -0.28333964178684312        6.4448513366997362E-009   4.1609051580230894     
   9.8996655518339782       0.15721427340712671        8.5301084893952842E-002 -0.28320919157375624        6.4672261637217280E-009   4.1508850148821717     
   10.033444816047950       0.15719215465041311        8.5316552865639897E-002 -0.28310782358720399        6.4447818777720497E-009   4.1244661291502842     
   10.167224080261924       0.15717564979399007        8.5442172142279199E-002 -0.28302409994813926        6.3937446981192441E-009   4.1322797277911905     
   10.301003344475896       0.15712614687145768        8.5616718813294468E-002 -0.28291505331717171        6.3701920126982052E-009   4.1513502706620731     
   10.434782608689869       0.15706674636404669        8.5705989115697406E-002 -0.28280411052207038        6.3458350588372938E-009   4.1392474788687190     
   10.568561872903842       0.15701095691141667        8.5771528570698197E-002 -0.28269713787991441        6.3022419792147157E-009   4.1384048945733918     
   10.702341137117815       0.15692773333374388        8.5831268198292898E-002 -0.28255743160057456        6.2520841138353483E-009   4.1324745921619623     
   10.836120401331787       0.15683308031256091        8.5866166623437740E-002 -0.28240479484634967        6.1751600713600712E-009   4.1129886174129240     
   10.969899665545761       0.15672333890048115        8.5873266919179903E-002 -0.28222889673126211        6.1160051392466024E-009   4.1017018642487466     
   11.103678929759733       0.15659746053519541        8.5848662065596520E-002 -0.28203012857333487        6.1671150868296346E-009   4.0863474147193948     
   11.237458193973705       0.15647509339833321        8.5806842775243725E-002 -0.28183141859599958        6.2528722673273672E-009   4.0889198357321241     
   11.371237458187679       0.15633991988015231        8.5814312704699663E-002 -0.28161988112541297        6.2747066472450807E-009   4.0857565484653700     
   11.505016722401651       0.15620435203214408        8.5875533535557783E-002 -0.28141602033490909        6.2261150436061098E-009   4.0890913989550981     
   11.638795986615623       0.15607182438444578        8.5998484869841837E-002 -0.28123122696320269        6.1984322841374651E-009   4.1008095693515916     
   11.772575250829597       0.15595694629785914        8.6128923780204231E-002 -0.28107837328868090        6.1816277690277771E-009   4.0914038369074355     
   11.906354515043569       0.15587735886550996        8.6276318073802899E-002 -0.28096892697281350        6.1818024330693543E-009   4.0983159303462324     
   12.040133779257541       0.15579192614849033        8.6415211005827358E-002 -0.28086656833119439        6.2050773521514420E-009   4.1095989753923483     
   12.173913043471513       0.15568686545540542        8.6506639503583088E-002 -0.28075104936998752        6.2155146133757570E-009   4.1182064244703342     
   12.307692307685487       0.15556854592659428        8.6567439049239414E-002 -0.28061486935911129        6.1880002157688970E-009   4.1168827372763914     
   12.441471571899459       0.15543962009819612        8.6665616267516885E-002 -0.28046041240418595        6.1876070151461048E-009   4.1201341599131069     
   12.575250836113431       0.15531314109742889        8.6788346031503649E-002 -0.28029801732698073        6.2095542147787612E-009   4.1312587726187502     
   12.709030100327405       0.15517989629204973        8.6942576479085765E-002 -0.28010750357355346        6.1889820528052665E-009   4.1317640484422737     
   12.842809364541377       0.15504775407272345        8.7139298221279832E-002 -0.27990437698795156        6.1650515999509714E-009   4.1365096506044834     
   12.976588628755350       0.15491833871240859        8.7297449089995774E-002 -0.27969614740610055        6.1730329992930648E-009   4.1454127997463583     
   13.110367892969323       0.15478378089559869        8.7401307101580866E-002 -0.27947799840922266        6.1805268229649374E-009   4.1443432389620867     
   13.244147157183296       0.15466310830277416        8.7452742444663362E-002 -0.27927888847794541        6.1774993588426890E-009   4.1316770729027095     
   13.377926421397268       0.15457397713838428        8.7473603994462468E-002 -0.27910973964053365        6.2093176578126132E-009   4.1218736256465762     
   13.511705685611242       0.15450470435982380        8.7500856064095175E-002 -0.27895472537332050        6.2561904404032509E-009   4.1224909435943777     
   13.645484949825214       0.15444115977397829        8.7565493505891032E-002 -0.27880556382230565        6.2958112390554492E-009   4.1292744379476103     
   13.779264214039186       0.15438133542605048        8.7589712128584407E-002 -0.27865794637358726        6.3124373799189831E-009   4.1215809596967885     
   13.913043478253158       0.15431738292895752        8.7608747948228649E-002 -0.27849858591468124        6.2537082474955434E-009   4.1079558072494571     
   14.046822742467132       0.15424343078170819        8.7698871086635474E-002 -0.27832015859709208        6.2406999530039756E-009   4.1166183903865816     
   14.180602006681104       0.15415684043567474        8.7756654772310871E-002 -0.27813099725582596        6.2795312950282302E-009   4.1205320003588088     
   14.314381270895076       0.15407482554098015        8.7749135278743590E-002 -0.27795829250484044        6.2865098289057061E-009   4.1206664826968860     
   14.448160535109050       0.15402345019186528        8.7756970817455343E-002 -0.27783432450309542        6.2638866483606092E-009   4.1311068419107393     
   14.581939799323022       0.15398081000898228        8.7790329691038546E-002 -0.27772348858504037        6.2107013677501223E-009   4.1286633903744967     
   14.715719063536994       0.15393832722157585        8.7815967670112446E-002 -0.27761025850763643        6.2036728460718603E-009   4.1399009528450090     
   14.849498327750968       0.15389966800635305        8.7826781057415232E-002 -0.27751561881041864        6.2365590854227358E-009   4.1340670945269222     
   14.983277591964940       0.15384652885927574        8.7816883147194227E-002 -0.27741079455502704        6.2428117275315780E-009   4.1164035938941810     
   15.117056856178912       0.15376958611279803        8.7887060224223365E-002 -0.27727450367111273        6.2386714949119252E-009   4.1177275184789019     
   15.250836120392886       0.15368943111325228        8.7969350729554224E-002 -0.27713666748038290        6.2973728389049526E-009   4.1267762688100111     
   15.384615384606859       0.15361682101696653        8.8005791232790301E-002 -0.27701154010588230        6.3151974115135549E-009   4.1196837128145516     
   15.518394648820831       0.15354611395768206        8.8071180193220452E-002 -0.27689287824997444        6.2751803232429608E-009   4.1207503612850687     
   15.652173913034805       0.15348376792300747        8.8185753399858194E-002 -0.27678255109650995        6.2769291907485113E-009   4.1377990329748293     
   15.785953177248777       0.15344052130669614        8.8293387922283487E-002 -0.27671295478329189        6.3054697544714647E-009   4.1512256406280201     
   15.919732441462749       0.15342693561439447        8.8384071971181519E-002 -0.27670210930391703        6.3711498940658810E-009   4.1694270692420918     
   16.053511705676723       0.15342550908599634        8.8458241503573773E-002 -0.27670713604174657        6.3814473343604073E-009   4.1854792752734822     
   16.187290969890693       0.15343911925015380        8.8551041563414243E-002 -0.27673849040398490        6.3780863234217103E-009   4.1907400952943066     
   16.321070234104667       0.15347351179500607        8.8666441361430468E-002 -0.27680619299011688        6.4142855513575709E-009   4.2074591050492209     
   16.454849498318641       0.15350569750188642        8.8764179447757330E-002 -0.27686481220292192        6.4564235131132473E-009   4.2330957184396363     
   16.588628762532611       0.15355887145095087        8.8801561699603945E-002 -0.27694540964764469        6.5024317282761613E-009   4.2116828185845012     
   16.722408026746585       0.15362038563567448        8.8852039992940321E-002 -0.27702812929990145        6.5423829833321473E-009   4.2201364264756842     
   16.856187290960559       0.15366026954063922        8.8849711566003062E-002 -0.27708245936640469        6.5566023363285865E-009   4.2168708428837327     
   16.989966555174529       0.15368804903808250        8.8834660823701700E-002 -0.27712873427042800        6.5122375343061168E-009   4.2077893575542520     
   17.123745819388503       0.15370953893193454        8.8837292029197532E-002 -0.27717018713058894        6.4418412284253129E-009   4.1955126838156644     
   17.257525083602477       0.15373098299381346        8.8811056383061776E-002 -0.27721085573870596        6.4179046271005563E-009   4.1890145133495249     
   17.391304347816448       0.15376215896571657        8.8742269191023113E-002 -0.27725535331047974        6.4055260460002077E-009   4.1862033209224609     
   17.525083612030421       0.15381357237264079        8.8698788973598341E-002 -0.27732983881687090        6.3629600650178968E-009   4.1678629332943125     
   17.658862876244395       0.15387111139597642        8.8704330224310082E-002 -0.27741992917959002        6.3869224735542604E-009   4.1607294970944579     
   17.792642140458366       0.15392869840660925        8.8741858564621801E-002 -0.27750542760507002        6.4542090106350701E-009   4.1697788133209626     
   17.926421404672340       0.15397394599575392        8.8798485909156635E-002 -0.27757900543148295        6.4743238553982034E-009   4.1956172619463254     
   18.060200668886313       0.15399510123119167        8.8854076007201716E-002 -0.27763832605212929        6.4923772013792044E-009   4.2191820906279895     
   18.193979933100284       0.15400732170885287        8.8840735360339845E-002 -0.27769614240096202        6.4530245926070323E-009   4.2226141401834134     
   18.327759197314258       0.15403191461934890        8.8760196293067639E-002 -0.27775190684536166        6.4406371122397978E-009   4.1973581396013886     
   18.461538461528232       0.15408205339418610        8.8719019152519521E-002 -0.27782789620101672        6.4025430341882857E-009   4.1924059999706076     
   18.595317725742202       0.15412509170970673        8.8759283940620715E-002 -0.27791043235007856        6.4105178054931704E-009   4.2077547406018265     
   18.729096989956176       0.15416793152949934        8.8736377436683014E-002 -0.27799932215956313        6.4596216824924905E-009   4.2004458201992749     
   18.862876254170150       0.15423129634906974        8.8688053984106466E-002 -0.27809773703206753        6.4398151625492579E-009   4.1954148123761321     
   18.996655518384120       0.15430572886987437        8.8705830268394861E-002 -0.27819895645868253        6.4396781760397773E-009   4.1911433068167590     
   19.130434782598094       0.15438794400095901        8.8768766097603299E-002 -0.27830822166096331        6.4544301913479250E-009   4.1915255712866966     
   19.264214046812064       0.15444007606093882        8.8867220259001553E-002 -0.27837561495822200        6.5050204770464718E-009   4.2037145249672907     
   19.397993311026038       0.15443650845198575        8.8945070588267477E-002 -0.27837139825079760        6.5493840949983867E-009   4.2372930475165260     
   19.531772575240012       0.15440569988078243        8.8952253079516444E-002 -0.27833108385258354        6.5414017410703821E-009   4.2202849353656768     
   19.665551839453983       0.15436325593893022        8.8968666468489638E-002 -0.27827699351890123        6.5588419168701991E-009   4.2141516428348513     
   19.799331103667956       0.15430337381571871        8.9032379849431187E-002 -0.27820278722357972        6.5136256135786878E-009   4.1961478153045491     
   19.933110367881930       0.15422703463791101        8.9106018628741956E-002 -0.27811111382219411        6.4873002544079779E-009   4.1867391373814353     
   20.066889632095901       0.15414304551301461        8.9119876800735395E-002 -0.27801533724265226        6.4575981215447222E-009   4.1929256576783800     
   20.200668896309875       0.15406960519634708        8.9071690482829313E-002 -0.27793193315507808        6.4426966034407374E-009   4.1693475578851773     
   20.334448160523849       0.15404220733420598        8.9016079283060004E-002 -0.27790425334565949        6.4070597121850941E-009   4.1512467547707255     
   20.468227424737819       0.15405516980197523        8.8983814877841821E-002 -0.27793208362528499        6.4312662788893146E-009   4.1501523459361938     
   20.602006688951793       0.15407975309929212        8.8972175289541780E-002 -0.27797997084956882        6.4825119639920843E-009   4.1509928303289554     
   20.735785953165767       0.15408837539762443        8.8945855724909859E-002 -0.27801747350269912        6.5150198198855713E-009   4.1597970457660702     
   20.869565217379737       0.15410989175923925        8.8879625824506175E-002 -0.27806083583850366        6.5057070760193142E-009   4.1364723963287737     
   21.003344481593711       0.15415340738737446        8.8830912752986033E-002 -0.27811014251756039        6.5597997166997893E-009   4.1297774143742618     
   21.137123745807685       0.15420740871552416        8.8821245450025565E-002 -0.27815732497647822        6.5764176476265024E-009   4.1365648698681134     
   21.270903010021655       0.15425568112592070        8.8853468078551934E-002 -0.27818599241132180        6.5877436867115165E-009   4.1338930652562205     
   21.404682274235629       0.15427450327613329        8.8870975884647208E-002 -0.27817363881531454        6.6065919491341411E-009   4.1346741074097668     
   21.538461538449603       0.15427169346340797        8.8865255246713959E-002 -0.27812925889384699        6.5600438485147836E-009   4.1330627758343050     
   21.672240802663573       0.15426443082212568        8.8828239259324135E-002 -0.27808127403411381        6.5087063705099024E-009   4.1226019005823948     
   21.806020066877547       0.15427771407870358        8.8791929610558804E-002 -0.27806126435020745        6.4761101778916244E-009   4.1195017183076690     
   21.939799331091521       0.15431421351836425        8.8750583434482985E-002 -0.27806900410860413        6.5008614045280242E-009   4.1195292656249727     
   22.073578595305491       0.15437727411316501        8.8708252745208230E-002 -0.27811723225877172        6.5196852970684459E-009   4.1093696874363657     
   22.207357859519465       0.15444503153410288        8.8730626538785759E-002 -0.27818669097498094        6.5099509418250982E-009   4.1131779950821352     
   22.341137123733439       0.15450060240339647        8.8765725893471939E-002 -0.27825891888083348        6.4905002308742628E-009   4.1071556984855278     
   22.474916387947410       0.15455223013197461        8.8799550881155945E-002 -0.27834796529157624        6.4782271797840663E-009   4.1004553065918987     
   22.608695652161384       0.15459739767728320        8.8859337327245089E-002 -0.27844801247178341        6.4330689922435606E-009   4.1058483422367260     
   22.742474916375357       0.15464313123914900        8.8912926363958894E-002 -0.27854900967835267        6.4109785241379145E-009   4.1117854130047977     
   22.876254180589328       0.15469187210736993        8.8939760315148442E-002 -0.27864090324481178        6.3878092074210304E-009   4.1189813706144127     
   23.010033444803302       0.15474179106888603        8.8909345187659680E-002 -0.27872348752941767        6.4490791842519287E-009   4.1295051221875410     
   23.143812709017276       0.15479493591793431        8.8849109610581373E-002 -0.27880848564288657        6.4493659163310098E-009   4.1045108878100445     
   23.277591973231246       0.15483554299693633        8.8861935013230420E-002 -0.27888200592293944        6.4185969847683558E-009   4.0919623806681287     
   23.411371237445220       0.15484183830080042        8.8922245829844940E-002 -0.27891383861403252        6.3684788852407594E-009   4.1044196685473402     
   23.545150501659194       0.15482743318182476        8.8950886088216663E-002 -0.27891673000385608        6.3130778951279658E-009   4.1176239510284294     
   23.678929765873164       0.15482988198286091        8.8915837810883122E-002 -0.27892738062464550        6.3384097819730695E-009   4.1001822458654811     
   23.812709030087138       0.15485303202841805        8.8843421436131886E-002 -0.27895564589648247        6.3691548738404896E-009   4.0925102025359328     
   23.946488294301108       0.15486704572786947        8.8855055830907068E-002 -0.27896572358925925        6.3731778545943554E-009   4.0839525328237647     
   24.080267558515082       0.15485247946848735        8.8869176246476334E-002 -0.27893016946408472        6.4194731915068732E-009   4.0839161770232399     
   24.214046822729056       0.15480356767191664        8.8845918998334869E-002 -0.27883949562875254        6.4346096799525060E-009   4.0803749614834919     
   24.347826086943027       0.15472524455782649        8.8806381587438046E-002 -0.27870754934019504        6.3851194883701233E-009   4.0744989289517743     
   24.481605351157000       0.15465686692674843        8.8740922131201647E-002 -0.27859644676529555        6.3316902769445066E-009   4.0638270211548075     
   24.615384615370974       0.15461866662260521        8.8677580281358873E-002 -0.27852154221093872        6.3263378809370868E-009   4.0773156289037980     
   24.749163879584945       0.15461930772806667        8.8672372550555364E-002 -0.27850169448938356        6.3062205583290300E-009   4.0934787924536327     
   24.882943143798919       0.15463141365965483        8.8695374850178796E-002 -0.27849822926615952        6.3044110055100925E-009   4.1039754269264526     
   25.016722408012892       0.15464097591527418        8.8637148697368176E-002 -0.27848090166785289        6.3407381585442054E-009   4.1061924647090686     
   25.150501672226863       0.15466377038425858        8.8540672251004635E-002 -0.27846374507882993        6.3690266875655415E-009   4.0963021704379026     
   25.284280936440837       0.15469708662349177        8.8471439535174543E-002 -0.27845092944126976        6.4233498613152200E-009   4.0976265446946174     
   25.418060200654811       0.15472896108188333        8.8445313157948027E-002 -0.27844734428293105        6.4547967736745339E-009   4.1076935986287548     
   25.551839464868781       0.15474004525122004        8.8454501502832836E-002 -0.27842882282725812        6.4414675684325757E-009   4.1276150158726663     
   25.685618729082755       0.15473030649661648        8.8457797997741255E-002 -0.27838361295753861        6.4464927545717811E-009   4.1306837704787736     
   25.819397993296729       0.15469771670701860        8.8439607497980299E-002 -0.27830405393671998        6.4897153830226531E-009   4.1342459759226937     
   25.953177257510699       0.15464603099912660        8.8410677911940072E-002 -0.27820086770094576        6.5306626359437206E-009   4.1458918653551402     
   26.086956521724673       0.15456370380382953        8.8378954782623143E-002 -0.27806728402696507        6.5618957694982552E-009   4.1551943303129697     
   26.220735785938647       0.15447123654638867        8.8329684317827159E-002 -0.27792115501156345        6.5594560850241614E-009   4.1494317293658654     
   26.354515050152617       0.15437632737927842        8.8323508673267354E-002 -0.27776912030308326        6.5621988406474890E-009   4.1522628637541255     
   26.488294314366591       0.15426810482736053        8.8346603385751038E-002 -0.27760098407520312        6.5517676934931095E-009   4.1460191723034940     
   26.622073578580565       0.15414912926626032        8.8389034695772195E-002 -0.27743247372786373        6.5302985662493225E-009   4.1481475518245325     
   26.755852842794535       0.15403099574550133        8.8348171699774422E-002 -0.27728731106454041        6.4986108679082824E-009   4.1371774724852246     
   26.889632107008509       0.15394600918506465        8.8257331111813331E-002 -0.27719711464189106        6.4683721588889994E-009   4.1186311299661140     
   27.023411371222483       0.15389210936904874        8.8218867632093342E-002 -0.27715552429301260        6.4530705732476449E-009   4.1129414198339331     
   27.157190635436454       0.15385390575172977        8.8235614998411607E-002 -0.27713565905229648        6.4762442853169424E-009   4.1268777622183803     
   27.290969899650428       0.15382903916170623        8.8237838576436869E-002 -0.27712289243659427        6.5074627374035847E-009   4.1272095237464947     
   27.424749163864401       0.15379581770140360        8.8236093242141295E-002 -0.27708602117500714        6.5311566004207721E-009   4.1269182360735526     
   27.558528428078372       0.15373537769021881        8.8218578329842687E-002 -0.27700731416251567        6.5440008659587004E-009   4.1350817181574975     
   27.692307692292346       0.15366626980117934        8.8181688509772052E-002 -0.27690758770648433        6.5574924690484709E-009   4.1302446200605019     
   27.826086956506316       0.15359373303162466        8.8152838895151478E-002 -0.27678366233694229        6.5741164284218180E-009   4.1188436646488080     
   27.959866220720290       0.15349231344126055        8.8161672631560078E-002 -0.27661345929523118        6.5445665785449822E-009   4.1268112911481598     
   28.093645484934264       0.15338842424261645        8.8168665550286102E-002 -0.27643882848916890        6.5064244962570137E-009   4.1299531112905363     
   28.227424749148234       0.15330147866690241        8.8151468738141323E-002 -0.27627833131706858        6.4752170567196850E-009   4.1208314123300829     
   28.361204013362208       0.15321344083445640        8.8135211534100144E-002 -0.27611362074860046        6.4934319898954208E-009   4.1325409022163999     
   28.494983277576182       0.15313337564001442        8.8086467054269216E-002 -0.27595560853193191        6.5126945161406086E-009   4.1343898466448952     
   28.628762541790152       0.15305034867958828        8.8009566441154249E-002 -0.27578067861981614        6.5417521976535429E-009   4.1347358811581119     
   28.762541806004126       0.15294574423454216        8.7896201893990736E-002 -0.27557769619445527        6.6003349796526412E-009   4.1291932029191889     
   28.896321070218100       0.15283437511438774        8.7775179416954424E-002 -0.27537808603673436        6.6139787861365551E-009   4.1109814729442595     
   29.030100334432070       0.15270375289660998        8.7694644042723535E-002 -0.27515663893116143        6.5990338294549298E-009   4.1092140450402921     
   29.163879598646044       0.15255352488666502        8.7618231447136055E-002 -0.27490991817649385        6.6043985561568521E-009   4.1148300977144849     
   29.297658862860018       0.15240424943000450        8.7524044175372309E-002 -0.27467397772840435        6.6071472820973001E-009   4.1277165618111020     
   29.431438127073989       0.15227505099914501        8.7429752294881605E-002 -0.27447601827304791        6.5846575259427124E-009   4.1192190528327846     
   29.565217391287963       0.15220493607487759        8.7341481307528793E-002 -0.27436199963784969        6.6004347229424887E-009   4.1192283752095289     
   29.698996655501936       0.15217134420013687        8.7232370694317149E-002 -0.27430124886959351        6.6349169145149993E-009   4.1180219136585023     
   29.832775919715907       0.15213564807152771        8.7108934975442531E-002 -0.27424781082977823        6.6616689368403537E-009   4.1117442232931083     
   29.966555183929881       0.15209462666783494        8.7055947136651712E-002 -0.27420468883474652        6.6314756515350224E-009   4.1153721067380360     
   30.100334448143855       0.15203950879942260        8.7041652171009135E-002 -0.27415876036150655        6.6226561619038763E-009   4.1315673295195880     
   30.234113712357825       0.15197719881923455        8.6960050539005518E-002 -0.27410810565860833        6.6618541777585446E-009   4.1296960267207199     
   30.367892976571799       0.15195937523750025        8.6848133165729618E-002 -0.27411367111140367        6.6524918499891427E-009   4.1230370880363578     
   30.501672240785773       0.15198033107332909        8.6851373509280821E-002 -0.27416795195408550        6.6212969689590753E-009   4.1356312781539586     
   30.635451504999743       0.15198525529484752        8.6892096167492452E-002 -0.27420466907463031        6.6043997640736774E-009   4.1476730964049358     
   30.769230769213717       0.15197289715900517        8.6887071429072454E-002 -0.27421114865253937        6.6212812628423269E-009   4.1372787346739530     
   30.903010033427691       0.15196769239812538        8.6792366320487091E-002 -0.27421788959482685        6.6752330807611927E-009   4.1245141169477320     
   31.036789297641661       0.15198209682366692        8.6739054853978217E-002 -0.27423216981560938        6.6842806360806586E-009   4.1218982456616446     
   31.170568561855635       0.15200842249840724        8.6720261006664939E-002 -0.27424682420516833        6.7039174322574574E-009   4.1262359501481649     
   31.304347826069609       0.15205014213743376        8.6688638918576005E-002 -0.27427488033362324        6.6752949289911220E-009   4.1102569995654870     
   31.438127090283579       0.15209729955668302        8.6675121143963293E-002 -0.27429718814173087        6.6582600287688728E-009   4.0955236375892303     
   31.571906354497553       0.15214160589558481        8.6683347485095735E-002 -0.27430792634984380        6.6752452055153283E-009   4.0990571153492938     
   31.705685618711527       0.15217753317252539        8.6670122842461936E-002 -0.27431215960457178        6.6791590686873129E-009   4.1121944925923355     
   31.839464882925498       0.15221003052393939        8.6592333268908528E-002 -0.27431716131347123        6.6997659504708604E-009   4.1074274697895570     
   31.973244147139471       0.15224647134706462        8.6475851256308661E-002 -0.27432989672718244        6.7122195398190433E-009   4.0943970858482457     
   32.107023411353445       0.15228717292064706        8.6389783053368224E-002 -0.27435058164512255        6.7242233076146198E-009   4.0964910338801879     
   32.240802675567416       0.15231297795223908        8.6341439640222395E-002 -0.27436257942106745        6.7617023443126641E-009   4.1088049645827134     
   32.374581939781386       0.15233244116945668        8.6336661154222977E-002 -0.27438018690209204        6.7658521622800422E-009   4.1254422435206752     
   32.508361203995364       0.15234472729694393        8.6332940245545109E-002 -0.27440276035811512        6.7956321361199295E-009   4.1360038755267068     
   32.642140468209334       0.15234522327824346        8.6284980552743210E-002 -0.27442158753053014        6.8684888244972576E-009   4.1286304805247420     
   32.775919732423304       0.15235662408238182        8.6239673362198968E-002 -0.27445632512683837        6.9399353837580768E-009   4.1334636780273684     
   32.909698996637282       0.15235776743618498        8.6187698152821776E-002 -0.27446920909106598        6.9225389237306657E-009   4.1413049898386083     
   33.043478260851252       0.15233755002030430        8.6127580454840105E-002 -0.27444236614865802        6.8859818585474314E-009   4.1334789259523239     
   33.177257525065222       0.15231981180929302        8.6045896664592558E-002 -0.27441117161017070        6.8723213239974609E-009   4.1288890668010900     
   33.311036789279200       0.15229609227488708        8.6006431283217027E-002 -0.27436737442561576        6.8780181128481246E-009   4.1431669329476186     
   33.444816053493170       0.15226559544223217        8.5977122319211896E-002 -0.27431875532081723        6.8970233514291667E-009   4.1544243850008220     
   33.578595317707141       0.15223149914480438        8.5934929537016119E-002 -0.27426406280152127        6.8880874529195488E-009   4.1586116961266359     
   33.712374581921118       0.15218281299681125        8.5918350941216054E-002 -0.27419014007966425        6.8294067627818877E-009   4.1554511641833303     
   33.846153846135088       0.15211210646493920        8.5869519936350155E-002 -0.27410298005640465        6.7889691569485973E-009   4.1546092417862788     
   33.979933110349059       0.15202913515233565        8.5769546967230506E-002 -0.27401298071106112        6.7216808231319037E-009   4.1469646561065376     
   34.113712374563036       0.15196285080366670        8.5639024414271236E-002 -0.27394295093575349        6.6848361838006974E-009   4.1405233556984964     
   34.247491638777007       0.15191488120797106        8.5533504723137158E-002 -0.27388730944001277        6.6699707418468266E-009   4.1388580227980656     
   34.381270902990977       0.15186690383706969        8.5461355847096895E-002 -0.27381509600309273        6.6927186758328584E-009   4.1449607678262339     
   34.515050167204954       0.15181966178881062        8.5431221556415984E-002 -0.27374254807124937        6.7447326501070927E-009   4.1433920480842330     
   34.648829431418925       0.15176422364439790        8.5394456015105299E-002 -0.27366996362578799        6.8094115158891499E-009   4.1434561010648743     
   34.782608695632895       0.15169089147886383        8.5315834641928517E-002 -0.27356236579215876        6.8390727586131837E-009   4.1417425753842405     
   34.916387959846872       0.15161080978143973        8.5224105103089226E-002 -0.27342355633674115        6.8573193055054890E-009   4.1429200839326299     
   35.050167224060843       0.15152805238718767        8.5152979752275912E-002 -0.27326975562049388        6.8952083405705746E-009   4.1603092428862629     
   35.183946488274813       0.15144537573950920        8.5116761318571862E-002 -0.27311380175549466        6.8926008787956107E-009   4.1715124483403700     
   35.317725752488791       0.15135436977572586        8.5105910192957379E-002 -0.27294253330478901        6.8578308106396023E-009   4.1664962325637944     
   35.451505016702761       0.15123594090298162        8.5098336291796639E-002 -0.27273507893087945        6.8238934402703736E-009   4.1547860436214892     
   35.585284280916731       0.15112041323625483        8.5091404688959496E-002 -0.27253921765722028        6.7874054442876156E-009   4.1528025863802958     
   35.719063545130709       0.15103052797352354        8.5121793482102817E-002 -0.27239110615099610        6.7429459297760773E-009   4.1578202483877922     
   35.852842809344679       0.15093722327778911        8.5161632975457646E-002 -0.27225228945231272        6.7292951792583957E-009   4.1556696968128577     
   35.986622073558650       0.15083449636272370        8.5121614858684039E-002 -0.27210675872152928        6.7583870843857965E-009   4.1442109289985760     
   36.120401337772627       0.15075459592097262        8.5041343749346882E-002 -0.27198278904004686        6.7101329473178962E-009   4.1444029376821341     
   36.254180601986597       0.15069548229788965        8.4975717812392701E-002 -0.27189623108557642        6.6305089818451381E-009   4.1414262738996364     
   36.387959866200568       0.15065442625377024        8.4911326027547987E-002 -0.27184909082268083        6.5504016211415161E-009   4.1320189480341227     
   36.521739130414545       0.15065043918515367        8.4843900653093607E-002 -0.27184880674194578        6.5388386936956295E-009   4.1364382258660237     
   36.655518394628515       0.15067520749800384        8.4805189386826171E-002 -0.27188779422101783        6.5275697248948186E-009   4.1415650198650660     
   36.789297658842486       0.15071525701554755        8.4796177652830859E-002 -0.27194571666936368        6.5450447039235669E-009   4.1424541539079405     
   36.923076923056463       0.15075982600449689        8.4813341616909246E-002 -0.27200400727520185        6.5630827342591323E-009   4.1478286399022961     
   37.056856187270434       0.15079735623999349        8.4841063846494966E-002 -0.27205409693290838        6.5920778343665267E-009   4.1462966677711623     
   37.190635451484404       0.15082142082455804        8.4848780635687820E-002 -0.27208256289252264        6.5912091997790251E-009   4.1474423656528074     
   37.324414715698381       0.15083089694243393        8.4848421992135103E-002 -0.27208846474859288        6.5798866142317304E-009   4.1388409174361938     
   37.458193979912352       0.15085826291716958        8.4785943611053516E-002 -0.27212283465191195        6.5609043159847608E-009   4.1391132324729289     
   37.591973244126322       0.15093045987006806        8.4709309962013007E-002 -0.27221090604711157        6.5455866229244960E-009   4.1371848097320179     
   37.725752508340300       0.15102653764696256        8.4665511485673695E-002 -0.27232125711525595        6.5396671087959275E-009   4.1558071734108335     
   37.859531772554270       0.15112485349805993        8.4661797933733490E-002 -0.27242958315221522        6.5544794580487562E-009   4.1594123556155695     
   37.993311036768240       0.15122220926948515        8.4626413414976231E-002 -0.27252988590917343        6.6387337814973878E-009   4.1676182251556488     
   38.127090300982218       0.15132906206143343        8.4559233015697677E-002 -0.27263603474959114        6.7043689918397137E-009   4.1725991203268187     
   38.260869565196188       0.15143887348038929        8.4547099358436531E-002 -0.27274649285910729        6.7701698641250097E-009   4.1864798430477590     
   38.394648829410158       0.15152327723709799        8.4569786994692531E-002 -0.27283707267317669        6.8095629696770823E-009   4.2113093632298213     
   38.528428093624129       0.15160296890378044        8.4565726955762296E-002 -0.27293327409794371        6.8143640520445730E-009   4.2069505521160586     
   38.662207357838106       0.15168312162496156        8.4526609771532618E-002 -0.27303323186616052        6.8978829870964720E-009   4.2089761201719762     
   38.795986622052077       0.15172573589439975        8.4510252898612692E-002 -0.27308731007448533        6.9868776355366947E-009   4.2315654632619930     
   38.929765886266047       0.15174069180458333        8.4473856511159046E-002 -0.27311390679215614        7.0435011534999880E-009   4.2216333363599308     
   39.063545150480024       0.15174721391112986        8.4427313027582232E-002 -0.27313728084520905        7.0574076388158398E-009   4.2051969329676275     
   39.197324414693995       0.15172634359943399        8.4400098837768431E-002 -0.27312162724284994        7.0672215772539973E-009   4.2073167802781057     
   39.331103678907965       0.15168014005054636        8.4364372503192814E-002 -0.27307230731668491        7.0911585152963212E-009   4.2083011433150439     
   39.464882943121943       0.15163516864256674        8.4254381332988557E-002 -0.27302059654892913        7.1217069344375216E-009   4.2061289875472969     
   39.598662207335913       0.15158732981526382        8.4154572729970720E-002 -0.27295254766187382        7.0974130912164494E-009   4.2012432383849108     
   39.732441471549883       0.15153250151916731        8.4120541601845206E-002 -0.27286911384670731        7.0717367060107021E-009   4.1999362602110084     
   39.866220735763861       0.15147004944516340        8.4113415305192812E-002 -0.27278168742377024        7.0746120414341751E-009   4.2073406498110764     
   39.999999999977831       0.15138744901493881        8.4083085850055000E-002 -0.27266805146526418        7.0592291313813870E-009   4.2117668079021167     
   40.133779264191801       0.15129363418639358        8.4049449020046879E-002 -0.27253040311577958        7.0506839335913008E-009   4.2093075788272332     
   40.267558528405779       0.15118079456583264        8.4029171721533444E-002 -0.27236076187841296        7.0738444976834197E-009   4.2298525466804335     
   40.401337792619749       0.15107168647937316        8.3981271363724810E-002 -0.27219242892936235        7.1268934181895112E-009   4.2381318395972221     
   40.535117056833720       0.15096381121210450        8.3913251525372434E-002 -0.27201711987037736        7.1430577476507649E-009   4.2353697734659290     
   40.668896321047697       0.15083947196073016        8.3875091938388963E-002 -0.27180993255899166        7.1650687833854260E-009   4.2290004809839878     
   40.802675585261667       0.15071739054875863        8.3854620408696651E-002 -0.27160342630944112        7.1757338583067028E-009   4.2145875635890553     
   40.936454849475638       0.15058226708232580        8.3873468976764148E-002 -0.27139316975634531        7.1589295986202550E-009   4.2347171974563507     
   41.070234113689615       0.15041756123247363        8.3927387719587021E-002 -0.27115738827453734        7.1198682093242756E-009   4.2531766684067396     
   41.204013377903586       0.15023878151130307        8.3930919474112395E-002 -0.27090055882854747        7.1452143634016396E-009   4.2473361728041930     
   41.337792642117556       0.15007729690589405        8.3894482903840745E-002 -0.27066367920538897        7.2297039806045924E-009   4.2531363253668699     
   41.471571906331533       0.14995837928680072        8.3849993868320524E-002 -0.27048454213831469        7.2988302747117389E-009   4.2641252935982372     
   41.605351170545504       0.14988645599389261        8.3847099698684729E-002 -0.27038294089774895        7.3137298033264424E-009   4.2528480129892747     
   41.739130434759474       0.14986192316567876        8.3847392619353520E-002 -0.27035784428144682        7.3487933502033694E-009   4.2368678625773200     
   41.872909698973451       0.14986948173778136        8.3849390775303415E-002 -0.27037568315871008        7.3838500412335063E-009   4.2394150218149358     
   42.006688963187422       0.14987239691588641        8.3858033617841721E-002 -0.27039272771948264        7.3908515804436376E-009   4.2472686391305450     
   42.140468227401392       0.14986591176976183        8.3863115668883437E-002 -0.27040501038179438        7.3771688248757295E-009   4.2377084073115059     
   42.274247491615370       0.14987381538547503        8.3862602004073306E-002 -0.27044460151888161        7.3040104004608186E-009   4.2382357982261309     
   42.408026755829340       0.14991265035597201        8.3876408236601738E-002 -0.27052085833881445        7.3064624032752874E-009   4.2437841810028205     
   42.541806020043310       0.15001319998278353        8.3848190407284001E-002 -0.27065968417467934        7.3874927865040943E-009   4.2663845635221396     
   42.675585284257288       0.15017673998875486        8.3845446587148223E-002 -0.27086341987673734        7.4158033296963798E-009   4.2650620818599574     
   42.809364548471258       0.15035814872060219        8.3860425338281003E-002 -0.27107951602114799        7.4746052362062387E-009   4.2654852662448786     
   42.943143812685229       0.15053071462018500        8.3863023851136462E-002 -0.27128160587080491        7.5211048932558826E-009   4.2706706610220007     
   43.076923076899206       0.15067525191745931        8.3848046139135574E-002 -0.27145168826951738        7.4914240802861687E-009   4.2681677229599009     
   43.210702341113176       0.15078805669212050        8.3806785661424937E-002 -0.27158520383494145        7.4958969491091323E-009   4.2630712719705937     
   43.344481605327147       0.15088036716832728        8.3734415965287995E-002 -0.27169348444635666        7.4378242143357360E-009   4.2534187326040582     
   43.478260869541124       0.15097041676727410        8.3718861000021766E-002 -0.27180158295085854        7.3805096919222398E-009   4.2709164138896316     
   43.612040133755094       0.15105827386362908        8.3709047414248824E-002 -0.27191091017243396        7.3524105554289241E-009   4.2765402149618881     
   43.745819397969065       0.15114724748966851        8.3649357101928612E-002 -0.27202653961573314        7.3581749096470766E-009   4.2737380271418015     
   43.879598662183042       0.15124495797387905        8.3533946559973316E-002 -0.27215330739888077        7.4247331759539544E-009   4.2505641381901205     
   44.013377926397013       0.15133304032333680        8.3407474160175590E-002 -0.27226422884063306        7.4538734081097659E-009   4.2236530687915579     
   44.147157190610983       0.15137430265491475        8.3377359889354477E-002 -0.27231956955669634        7.4253447016989787E-009   4.2223915792550839     
   44.280936454824960       0.15134977482740453        8.3386821910029496E-002 -0.27230155296189984        7.3369088741708574E-009   4.2177960392620184     
   44.414715719038931       0.15128912126428112        8.3395936846927268E-002 -0.27224805233812521        7.2471817983296588E-009   4.2160780268969162     
   44.548494983252901       0.15123876532137506        8.3383672235911269E-002 -0.27221412213674989        7.1785354432657126E-009   4.1936166024753776     
   44.682274247466879       0.15121859761497042        8.3385883058786511E-002 -0.27221243671030448        7.1390571615536662E-009   4.1651489436990197     
   44.816053511680849       0.15121854150006991        8.3444248825333328E-002 -0.27223167519318725        7.1357001104244077E-009   4.1723018057245049     
   44.949832775894819       0.15122474025262297        8.3498395716518042E-002 -0.27225713910625771        7.1250749293740480E-009   4.1797174744612358     
   45.083612040108797       0.15121058977120927        8.3593400099694085E-002 -0.27225626898770283        7.1552438348290851E-009   4.1971349258475090     
   45.217391304322767       0.15115374156082098        8.3686498176904378E-002 -0.27220268007905707        7.2074496704594090E-009   4.2187863669474623     
   45.351170568536737       0.15105608100048679        8.3724945265539585E-002 -0.27210279761639911        7.2070217304464578E-009   4.2365054118875838     
   45.484949832750715       0.15094497016083250        8.3661078298027020E-002 -0.27197978934145245        7.1415499764659555E-009   4.2247446289509849     
   45.618729096964685       0.15087333821552837        8.3577946897167410E-002 -0.27189145267666504        7.1758061260101007E-009   4.2109569602463042     
   45.752508361178656       0.15083891687527112        8.3550662625730063E-002 -0.27183245200445749        7.2266743427177711E-009   4.2166175534239967     
   45.886287625392633       0.15080917214810696        8.3544521932076371E-002 -0.27177274552303543        7.3546779013109434E-009   4.2321852337835919     
   46.020066889606603       0.15077684596012778        8.3536633728295104E-002 -0.27172102985106528        7.3726646848117322E-009   4.2285130859816649     
   46.153846153820574       0.15073057950736482        8.3535253512762406E-002 -0.27166998321782387        7.3260830522264763E-009   4.2313677740264044     
   46.287625418034551       0.15067943472310830        8.3570678064624399E-002 -0.27162111750967538        7.2718624342013306E-009   4.2184595918072416     
   46.421404682248522       0.15060986675302979        8.3647724520854796E-002 -0.27155102761921018        7.2525745031266646E-009   4.2137060923007761     
   46.555183946462492       0.15050589790324148        8.3757497210907916E-002 -0.27144040020305205        7.2104151465339483E-009   4.2320398383922502     
   46.688963210676469       0.15040798352608128        8.3804483203783448E-002 -0.27133892648414704        7.1831661751023811E-009   4.2246644212210445     
   46.822742474890440       0.15035997045605742        8.3810643655207184E-002 -0.27129225328613171        7.1444876872001080E-009   4.2265190549579703     
   46.956521739104410       0.15034466504823707        8.3829702453557323E-002 -0.27127704432968924        7.1171822761983315E-009   4.2200870443667071     
   47.090301003318388       0.15037815036197869        8.3825720410729318E-002 -0.27132402728911731        7.1837455697922135E-009   4.2034392770180977     
   47.224080267532358       0.15045665556541613        8.3852997761066320E-002 -0.27142621661070865        7.2588035271284363E-009   4.2131471189748702     
   47.357859531746328       0.15054754129472886        8.3915120101241233E-002 -0.27154103828374432        7.3051122268873190E-009   4.2282685726523459     
   47.491638795960299       0.15064501132291938        8.3977141479870010E-002 -0.27165803929400073        7.2500720178234073E-009   4.2243579447479878     
   47.625418060174276       0.15074405899646875        8.4084089607920451E-002 -0.27177269460267262        7.1908873323682268E-009   4.2146936698106421     
   47.759197324388246       0.15083740407790372        8.4165762655517382E-002 -0.27188789595679297        7.1552124698924258E-009   4.2130587449208869     
   47.892976588602217       0.15094729937216586        8.4218098994102833E-002 -0.27203179592713478        7.1329747062753828E-009   4.2197620671916996     
   48.026755852816194       0.15107143341249135        8.4297101654153953E-002 -0.27220412544078731        7.0973213086579982E-009   4.2352365406142676     
   48.160535117030165       0.15117796044351786        8.4360931975539580E-002 -0.27235668765614207        7.0926738352615122E-009   4.2373590762666842     
   48.294314381244135       0.15125874136009626        8.4375582909304608E-002 -0.27246588466638016        7.0761488223574126E-009   4.2295426164040686     
   48.428093645458112       0.15133022551150008        8.4388002721841604E-002 -0.27256403095146708        7.0255408775531864E-009   4.2358995126742762     
   48.561872909672083       0.15138970793260600        8.4410257346558479E-002 -0.27265470195603175        7.0159802054349158E-009   4.2347558425693101     
   48.695652173886053       0.15143957268487326        8.4436845587297762E-002 -0.27273818106332770        7.0776587725981990E-009   4.2362621199929515     
   48.829431438100031       0.15147611119409016        8.4452450066306528E-002 -0.27281429993116296        7.1534816646281094E-009   4.2656240871050821     
   48.963210702314001       0.15148997974894127        8.4463981704822250E-002 -0.27286554783613720        7.1508033195566730E-009   4.2768836806725936     
   49.096989966527971       0.15148414155486686        8.4498235262259830E-002 -0.27288886936769424        7.1289068167337866E-009   4.2635948286526926     
   49.230769230741949       0.15145427769751424        8.4570797621229626E-002 -0.27287316418982271        7.0730835309946801E-009   4.2670925023936324     
   49.364548494955919       0.15138201463775952        8.4668851672847503E-002 -0.27279788854470699        7.0000526252365882E-009   4.2655154173884888     
   49.498327759169889       0.15129496790073838        8.4690174691789133E-002 -0.27270287316201136        6.9857307088686308E-009   4.2597281557868776     
   49.632107023383867       0.15127325330566413        8.4656980243577123E-002 -0.27267214092313602        7.0295402363322985E-009   4.2428075642847558     
   49.765886287597837       0.15133163019427975        8.4697401177442205E-002 -0.27273820624686140        7.0787614560825627E-009   4.2440889899720720     
   49.899665551811808       0.15142904388832229        8.4740734632023515E-002 -0.27285791241534868        7.1629999249321478E-009   4.2665061601015344     
   50.033444816025785       0.15154651538999830        8.4785328026869874E-002 -0.27299242521657974        7.1217875041243185E-009   4.2731390913724434     
   50.167224080239755       0.15164716603484132        8.4912334945246637E-002 -0.27310405823079209        7.0344539962758206E-009   4.2792682513654166     
   50.301003344453726       0.15172071588274405        8.4991264620399881E-002 -0.27319690340661634        7.0095523926916781E-009   4.2723072108496645     
   50.434782608667703       0.15178550503462454        8.5032813870727100E-002 -0.27329154703174585        6.9792419395823693E-009   4.2570801470209982     
   50.568561872881673       0.15184999467879545        8.5058102048504128E-002 -0.27338947958962256        6.9278513465029077E-009   4.2403484705509458     
   50.702341137095644       0.15191865620011299        8.5101160902753631E-002 -0.27348896708490134        6.8751517534310343E-009   4.2275429344633171     
   50.836120401309621       0.15200091635213539        8.5138108912955937E-002 -0.27359644121932569        6.8030499116634906E-009   4.2193340875432810     
   50.969899665523592       0.15210804296753916        8.5190797302720070E-002 -0.27374481832955488        6.7538999145575235E-009   4.2217324840296664     
   51.103678929737562       0.15223472373454691        8.5236203801815236E-002 -0.27393124784590406        6.7468354454733000E-009   4.2370096879300005     
   51.237458193951539       0.15236674772134495        8.5215723260487874E-002 -0.27411610450658092        6.7674386332622240E-009   4.2219299136765223     
   51.371237458165510       0.15252256636309305        8.5170582902915945E-002 -0.27433052250010237        6.7938400428827732E-009   4.2048240904873344     
   51.505016722379480       0.15269214538590703        8.5195501255285438E-002 -0.27457250045864318        6.8520743778574525E-009   4.2187573922916544     
   51.638795986593458       0.15283798036003740        8.5235886149554727E-002 -0.27479212630521294        6.8956626894542233E-009   4.2470868941902644     
   51.772575250807428       0.15295436099810344        8.5217950689432484E-002 -0.27498155105429289        6.9304902562660170E-009   4.2399473448666907     
   51.906354515021398       0.15304048106881946        8.5231571359933991E-002 -0.27513027749082386        6.9550527645665492E-009   4.2335960610886021     
   52.040133779235376       0.15310665113850577        8.5253319406991823E-002 -0.27524886206634092        6.9355463552217854E-009   4.2238086634360537     
   52.173913043449346       0.15316115151163764        8.5270035228101004E-002 -0.27535187294022256        6.9291172025899775E-009   4.2143367951630024     
   52.307692307663316       0.15321290107578459        8.5293912416356060E-002 -0.27544939245543515        6.9339197887946205E-009   4.2280351808967316     
   52.441471571877294       0.15328041821338614        8.5357330713141902E-002 -0.27555750257198980        6.9090253403580832E-009   4.2411496245547289     
   52.575250836091264       0.15336694050448421        8.5482264439377967E-002 -0.27568164675405848        6.9376926050231488E-009   4.2483408594553138     
   52.709030100305235       0.15344555849866401        8.5641041906618323E-002 -0.27579467338853425        6.9614076617346418E-009   4.2717327843948993     
   52.842809364519212       0.15347902935295174        8.5851487380420921E-002 -0.27585761946988469        6.8844915223825050E-009   4.2879337296421065     
   52.976588628733182       0.15346838347388803        8.5978909089475822E-002 -0.27586369258835902        6.9112517350080667E-009   4.2895188178634704     
   53.110367892947153       0.15345503145267422        8.6005374306929686E-002 -0.27585451686389068        6.9624233033461175E-009   4.2882047723565586     
   53.244147157161130       0.15343430533036664        8.6059107588211975E-002 -0.27582451912704237        6.9952848666883446E-009   4.2929371157370086     
   53.377926421375101       0.15340638192900627        8.6121094112562066E-002 -0.27577623009227220        7.0271597032126184E-009   4.3071079707818063     
   53.511705685589071       0.15338541370234890        8.6171285485231244E-002 -0.27573393376848288        7.0209410128656759E-009   4.3033295993732414     
   53.645484949803048       0.15336619834882853        8.6256870397259780E-002 -0.27569397146076713        7.0303117981144319E-009   4.2990892523057109     
   53.779264214017019       0.15333060247336200        8.6403212852260228E-002 -0.27563574556434339        7.0213724437312937E-009   4.3181991701054772     
   53.913043478230989       0.15325428509408112        8.6583986673756594E-002 -0.27552575864024381        6.9930437990520279E-009   4.3298618006179614     
   54.046822742444967       0.15315832177031630        8.6737192932136956E-002 -0.27539300393913813        6.9569050212372106E-009   4.3224835575772245     
   54.180602006658937       0.15306188162109677        8.6949606552203532E-002 -0.27526928696985009        6.9020420644773181E-009   4.3563031752550696     
   54.314381270872907       0.15296285106861393        8.7159648242543852E-002 -0.27515473489135711        6.8467997083799632E-009   4.3769736574446263     
   54.448160535086885       0.15288696080140099        8.7276816659913048E-002 -0.27507125313955383        6.8894566674092134E-009   4.3759041279341400     
   54.581939799300855       0.15284147534535297        8.7347530444762872E-002 -0.27503029586501876        6.9476169254515913E-009   4.3795064951022873     
   54.715719063514825       0.15282927322478282        8.7458859343448006E-002 -0.27503781657240467        6.9424237812232429E-009   4.4020404783002656     
   54.849498327728803       0.15283382985535701        8.7579590677791586E-002 -0.27507705646530589        7.0154697130338232E-009   4.3968634271310760     
   54.983277591942773       0.15286601942804104        8.7659167931916179E-002 -0.27515746133511182        6.9991762503323333E-009   4.3816272636359361     
   55.117056856156744       0.15292593858934558        8.7837988019897284E-002 -0.27527545702517014        6.9733864146512767E-009   4.3799260698278326     
   55.250836120370721       0.15297398188295447        8.8028230496138879E-002 -0.27538896892100451        6.9591913569813848E-009   4.3663945163585263     
   55.384615384584691       0.15300582391520198        8.8183302282026199E-002 -0.27549048441649426        6.9249663000501999E-009   4.3614070335386126     
   55.518394648798662       0.15303231328541259        8.8318790813432677E-002 -0.27559287567533908        6.8954738098293156E-009   4.3761026824745617     
   55.652173913012632       0.15307017807658269        8.8351524356908143E-002 -0.27571322142621790        6.9112720211832928E-009   4.3779691098877924     
   55.785953177226610       0.15313990795443136        8.8345894400806507E-002 -0.27586765675268171        6.8712844426292984E-009   4.3700930991902345     
   55.919732441440580       0.15325617724297361        8.8411741132632504E-002 -0.27608387675690904        6.8409865259352701E-009   4.3649683266542363     
   56.053511705654550       0.15338645775659748        8.8578789790970849E-002 -0.27632764170612217        6.8062673547455988E-009   4.3958812022432641     
   56.187290969868528       0.15351166423348939        8.8729653050894960E-002 -0.27656326195166964        6.7210646667283938E-009   4.4074955498930928     
   56.321070234082498       0.15365914262953975        8.8869539452050311E-002 -0.27681499986772740        6.5986293227810770E-009   4.4019607193459329     
   56.454849498296468       0.15382054919444371        8.9040410388278105E-002 -0.27708082258532213        6.5794952122801095E-009   4.4071705882315868     
   56.588628762510446       0.15401440825711743        8.9084859844073952E-002 -0.27738156941926828        6.6642107437379941E-009   4.4145636491263858     
   56.722408026724416       0.15425261658283446        8.9078974426229085E-002 -0.27772405213021589        6.7403905816143036E-009   4.4296083837809945     
   56.856187290938387       0.15451714185045640        8.9224224151438186E-002 -0.27809714319259493        6.7252861929815893E-009   4.4550891061000941     
   56.989966555152364       0.15477290418329667        8.9363304830411813E-002 -0.27846448613353358        6.6946005988264001E-009   4.4374796990738066     
   57.123745819366334       0.15499450400252790        8.9506585002068734E-002 -0.27879628036012433        6.6819669047329787E-009   4.4344306474825244     
   57.257525083580305       0.15516896208342087        8.9652797477235618E-002 -0.27907574154402032        6.7078032155961849E-009   4.4441377669400488     
   57.391304347794282       0.15529919367184855        8.9788498424310040E-002 -0.27930529782798430        6.7874095750012285E-009   4.4483728484703828     
   57.525083612008252       0.15540533561572739        8.9910497630069766E-002 -0.27950841579265884        6.8431082139227767E-009   4.4849670316217534     
   57.658862876222223       0.15549103391127558        8.9982478795467072E-002 -0.27967863089792927        6.7560570188894917E-009   4.4722890180890547     
   57.792642140436200       0.15557883965922226        9.0078658584514831E-002 -0.27985000746595107        6.7216491247526101E-009   4.4407715707984314     
   57.926421404650171       0.15568118965441605        9.0220464331953215E-002 -0.28004310912365171        6.7075793303846115E-009   4.4481799940422899     
   58.060200668864141       0.15576789065279784        9.0447559402613467E-002 -0.28022858097811904        6.6914246624736345E-009   4.4668022921215114     
   58.193979933078118       0.15582080636174764        9.0625497930954396E-002 -0.28036966655678330        6.6653589446434272E-009   4.4966869694154283     
   58.327759197292089       0.15583865356076845        9.0711153289913027E-002 -0.28045651632282464        6.6493797616718236E-009   4.5197870171127859     
   58.461538461506059       0.15585794759757352        9.0739637820995978E-002 -0.28054140231006230        6.6497595098029954E-009   4.4999598029751553     
   58.595317725720037       0.15588433912991193        9.0805860346837936E-002 -0.28062762253168028        6.5861897122952882E-009   4.4780944433378194     
   58.729096989934007       0.15591056722757543        9.0935591537319879E-002 -0.28070658457259196        6.4490187011579517E-009   4.4579341536292736     
   58.862876254147977       0.15594468623789740        9.1082693353431263E-002 -0.28078800177470442        6.3601591914545748E-009   4.4227294082968038     
   58.996655518361955       0.15598819791792751        9.1221771604186236E-002 -0.28087655578169546        6.2448426415174251E-009   4.4160693056007574     
   59.130434782575925       0.15604689817532419        9.1326111058066220E-002 -0.28096910949182841        6.1346336025198294E-009   4.3992603189425195     
   59.264214046789895       0.15615003975946809        9.1342512912690799E-002 -0.28110476542346535        6.1586699208517911E-009   4.3875461612889834     
   59.397993311003873       0.15628844831725988        9.1346428703953250E-002 -0.28128391604694292        6.2278626442662492E-009   4.3857911271270433     
   59.531772575217843       0.15643194730643534        9.1323505014765646E-002 -0.28146640703782166        6.3255086062716218E-009   4.3560628036986131     
   59.665551839431814       0.15656233004102335        9.1366659176062584E-002 -0.28163437007690428        6.4071276635068520E-009   4.3748066294869101     
   59.799331103645791       0.15663334475334661        9.1481861674146348E-002 -0.28174589232775638        6.4323963323201360E-009   4.3787146288118137     
   59.933110367859761       0.15664358829690586        9.1544714542729833E-002 -0.28178980009870003        6.4659737806401402E-009   4.3722899986589283     
   60.066889632073732       0.15663901876060196        9.1575127430782124E-002 -0.28179840213436991        6.4600969924316174E-009   4.3628998611187741     
   60.200668896287709       0.15664179160110417        9.1676071873035822E-002 -0.28180882810944319        6.4604763493581923E-009   4.3655695766080749     
   60.334448160501680       0.15664735504700231        9.1847106401924325E-002 -0.28181717382840815        6.4005919796491595E-009   4.3740085003656057     
   60.468227424715650       0.15666384582087661        9.2024238236343855E-002 -0.28184300046957833        6.4052037693429136E-009   4.3946189220732625     
   60.602006688929627       0.15673753118701156        9.2134244813129790E-002 -0.28195621723068398        6.4107094580169802E-009   4.3889304391071882     
   60.735785953143598       0.15687968458716944        9.2260925693142565E-002 -0.28217287918059486        6.4179905065060992E-009   4.3827712667278842     
   60.869565217357568       0.15701871398981210        9.2470696755501749E-002 -0.28241861506186711        6.3932844016491511E-009   4.4072356507685653     
   61.003344481571546       0.15712077589030804        9.2633214199672603E-002 -0.28263969831692354        6.3718652820328761E-009   4.4210785883338319     
   61.137123745785516       0.15723065721576995        9.2700817253688006E-002 -0.28287010565697535        6.3573725454707460E-009   4.3846144466330905     
   61.270903009999486       0.15734972134289027        9.2757985247503186E-002 -0.28309701244996521        6.3662940158068896E-009   4.3467189146909488     
   61.404682274213464       0.15746637959011300        9.2846387057988131E-002 -0.28330178911991438        6.3982626613918319E-009   4.3408154032954771     
   61.538461538427434       0.15757973462625144        9.2964430351825861E-002 -0.28349704654221441        6.3876734885424955E-009   4.3437597743002092     
   61.672240802641404       0.15765330203875408        9.3119046597434238E-002 -0.28364452498037696        6.3606853546305733E-009   4.3461274067902957     
   61.806020066855382       0.15771471354261382        9.3246381118718913E-002 -0.28376164455895719        6.3466592903705782E-009   4.3571482765326763     
   61.939799331069352       0.15779591379168273        9.3358665521320369E-002 -0.28388521027855496        6.3212304246788341E-009   4.3498448747183440     
   62.073578595283323       0.15786898060348240        9.3474535104030268E-002 -0.28398676882336538        6.3086284270461436E-009   4.3334723321246713     
   62.207357859497300       0.15792147481873037        9.3588449151613726E-002 -0.28405690292499203        6.2953643898074993E-009   4.3213958618161543     
   62.341137123711270       0.15796892447803931        9.3678293424786702E-002 -0.28412409318943710        6.2222692969659123E-009   4.2963795555613027     
   62.474916387925241       0.15800430195508192        9.3787376007212125E-002 -0.28417127813373411        6.1461487044008899E-009   4.2865862833032224     
   62.608695652139218       0.15802021948288617        9.3909194571846197E-002 -0.28418967175721677        6.0788906844453840E-009   4.2736865216963569     
   62.742474916353189       0.15802657838920608        9.4026155839362219E-002 -0.28419723429263577        6.0366509826076907E-009   4.2605143619600723     
   62.876254180567159       0.15801998176494586        9.4186181056361881E-002 -0.28419029789163752        6.0133499225150263E-009   4.2694507715951229     
   63.010033444781136       0.15801726922340192        9.4246453746982664E-002 -0.28418286625932010        6.0438250733682368E-009   4.2610332452112401     
   63.143812708995107       0.15806357917814537        9.4269433672905870E-002 -0.28422421830815559        6.1026126423752244E-009   4.2574052622180059     
   63.277591973209077       0.15813661843647422        9.4430544215603998E-002 -0.28430966634013688        6.1184396299678934E-009   4.2841545694502212     
   63.411371237423054       0.15820143170686768        9.4602218542640185E-002 -0.28440060632016662        6.1328559113535037E-009   4.2927411536909776     
   63.545150501637025       0.15824708054406778        9.4742877514998727E-002 -0.28447400035871234        6.1193763153614513E-009   4.2845503627888304     
   63.678929765850995       0.15826281978472057        9.4837778859231725E-002 -0.28451472908542175        6.1197268740196964E-009   4.2765891996372591     
   63.812709030064973       0.15825951622261256        9.4871914242022695E-002 -0.28452573241505164        6.0712976244143904E-009   4.2645152977538627     
   63.946488294278943       0.15825732188337799        9.4971781776980693E-002 -0.28454131449438713        6.0205191798208714E-009   4.2715052126324080     
   64.080267558492920       0.15825174274468792        9.5130351567820862E-002 -0.28455791267091557        5.9723354329768785E-009   4.2789619122710043     
   64.214046822706891       0.15827314557337019        9.5310125833491591E-002 -0.28460781097244081        5.9410900766534441E-009   4.2845149795410302     
   64.347826086920861       0.15831220164375456        9.5459611774827549E-002 -0.28468874879621620        5.9558716597865899E-009   4.2895818305911790     
   64.481605351134831       0.15836625129184081        9.5515982621437220E-002 -0.28480490108757994        5.9836701234603393E-009   4.2738728441683467     
   64.615384615348802       0.15844072218247901        9.5601580251632637E-002 -0.28495101870099970        6.0235440194508801E-009   4.2760831733961666     
   64.749163879562772       0.15852612216044598        9.5708931997628116E-002 -0.28511096080123344        6.0829801896767281E-009   4.2773654591162558     
   64.882943143776757       0.15861036999020492        9.5817607729635920E-002 -0.28527422754489562        6.1155662904730257E-009   4.2896753020789262     
   65.016722407990727       0.15867187701005012        9.5904010845202961E-002 -0.28541964153835914        6.0805970441817172E-009   4.2938990268042687     
   65.150501672204697       0.15869698273388694        9.5978091933604098E-002 -0.28551912803540758        6.0565907917484883E-009   4.2873790984112832     
   65.284280936418668       0.15868345315771401        9.5996344984353874E-002 -0.28555651537413601        6.0140369811007059E-009   4.2753811630587704     
   65.418060200632638       0.15868090593843778        9.6053966030506449E-002 -0.28561379718908531        5.9507325895586743E-009   4.2621451841647264     
   65.551839464846609       0.15869711963830985        9.6148394695672226E-002 -0.28569688711935887        6.0054589320091399E-009   4.2547474960947484     
   65.685618729060593       0.15871323161089712        9.6237007988018389E-002 -0.28576551447964171        6.0573263902824491E-009   4.2522858028427688     
   65.819397993274563       0.15872728277571233        9.6427598589150912E-002 -0.28583513140991523        6.0491725499564064E-009   4.2747009338461046     
   65.953177257488534       0.15869368154786362        9.6621915438904540E-002 -0.28584863821537820        6.0201054970143007E-009   4.2875368446015285     
   66.086956521702504       0.15861558118065083        9.6705184311985298E-002 -0.28580773488657030        5.9964822540707174E-009   4.2810314640015648     
   66.220735785916474       0.15854728157058726        9.6734112034840475E-002 -0.28577685667450514        5.9580281731521188E-009   4.2724762274172488     
   66.354515050130445       0.15852603056106684        9.6746702490081812E-002 -0.28579420236936709        5.9493364942109936E-009   4.2663473373441576     
   66.488294314344429       0.15858574640662140        9.6790794871546251E-002 -0.28590836535011610        5.9777069705996608E-009   4.2638718230524804     
   66.622073578558400       0.15871505460011096        9.6883471263681242E-002 -0.28611352049481131        6.0038475378814423E-009   4.2775737944372167     
   66.755852842772370       0.15887304657426471        9.7048144743053788E-002 -0.28636594145835453        5.9783428499751018E-009   4.2667555174310969     
   66.889632106986340       0.15901155773245670        9.7200158072143050E-002 -0.28658713518591072        5.9685630869932467E-009   4.2531112528211059     
