  0.12461059190024248        8.1839963417622286E-002   8.1015246152223597E-003  -8.9941488032844644E-002
  0.24922118380048497       0.16325498343441208        1.6193846713316733E-002 -0.17944883014772869     
  0.37383177570072745       0.24389500015050028        2.4263950076367176E-002 -0.26815895022686748     
  0.49844236760096994       0.32347594497765414        3.2301706145133245E-002 -0.35577765112278736     
  0.62305295950121242       0.40176848663220055        4.0298165698328177E-002 -0.44206665233052872     
  0.74766355140145491       0.47860053180378881        4.8239555450913268E-002 -0.52684008725470199     
  0.87227414330169739       0.55385144645813644        5.6114058836410137E-002 -0.60996550529454718     
  0.99688473520193988       0.62743674401876903        6.3913572448980507E-002 -0.69135031646774991     
   1.1214953271021824       0.69930218005726197        7.1629154850607557E-002 -0.77093133490786903     
   1.2461059190024248       0.76941835885739118        7.9249465323615931E-002 -0.84866782418100728     
   1.3707165109026673       0.83777550455053396        8.6762158939197101E-002 -0.92453766348972966     
   1.4953271028029098       0.90437802028394143        9.4159811442563052E-002 -0.99853783172650490     
   1.6199376947031523       0.96924516136672323       0.10143848683901890       -1.0706836482057431     
   1.7445482866033948        1.0324051318445424       0.10859267706649045       -1.1409978089110331     
   1.8691588785036373        1.0938894357499842       0.11562111406640911       -1.2095105498163934     
   1.9937694704038798        1.1537348783443453       0.12252113391162424       -1.2762560122559685     
   2.1183800623041220        1.2119859457404221       0.12928941446153253       -1.3412753602019545     
   2.2429906542043647        1.2686932088290499       0.13592343962848411       -1.4046166484575342     
   2.3676012461046074        1.3239043215130273       0.14242325713968815       -1.4663275786527146     
   2.4922118380048497        1.3776651878176376       0.14878990829407598       -1.5264550961117136     
   2.6168224299050920        1.4300225947054261       0.15502177552813312       -1.5850443702335610     
   2.7414330218053347        1.4810254365092612       0.16111910956511041       -1.6421445460743724     
   2.8660436137055774        1.5307260907258071       0.16708062307754723       -1.6978067138033541     
   2.9906542056058196        1.5791753460361939       0.17290599147041963       -1.7520813375066155     
   3.1152647975060619        1.6264170680428687       0.17859426221014499       -1.8050113302530153     
   3.2398753894063046        1.6724911430888729       0.18415303345453829       -1.8566441765434094     
   3.3644859813065473        1.7174400378287464       0.18958830019689671       -1.9070283380256408     
   3.4890965732067896        1.7613069200430358       0.19490224569953410       -1.9562091657425706     
   3.6137071651070318        1.8041357988354307       0.20009494233932376       -2.0042307411747546     
   3.7383177570072745        1.8459671286731125       0.20516565599423492       -2.0511327846673484     
   3.8629283489075172        1.8868386919228519       0.21012079421856292       -2.0969594861414147     
   3.9875389408077595        1.9267899269244579       0.21495694093274098       -2.1417468678571998     
   4.1121495327080018        1.9658555944179217       0.21967340281240014       -2.1855289972303216     
   4.2367601246082440        2.0040662585820428       0.22427773977969051       -2.2283439983617344     
   4.3613707165084872        2.0414533031683604       0.22878010457786227       -2.2702334077462201     
   4.4859813084087294        2.0780476251896256       0.23318399454056879       -2.3112316197301928     
   4.6105919003089717        2.1138774073224917       0.23748819133550453       -2.3513655986579942     
   4.7352024922092149        2.1489722750368565       0.24169237409718936       -2.3906646491340462     
   4.8598130841094571        2.1833601251044032       0.24580204938025957       -2.4291621744846630     
   4.9844236760096994        2.2170688347157679       0.24981863674381188       -2.4668874714595792     
   5.1090342679099416        2.2501256358199337       0.25374335308510654       -2.5038689889050403     
   5.2336448598101839        2.2825576868718143       0.25757993884338193       -2.5401376257151926     
   5.3582554517104271        2.3143890299446594       0.26133014412431049       -2.5757191740689707     
   5.4828660436106693        2.3456423687090067       0.26499772297913471       -2.6106400916881425     
   5.6074766355109116        2.3763408152884216       0.26858267046820650       -2.6449234857566282     
   5.7320872274111547        2.4065004024899239       0.27209018692923570       -2.6785905894191604     
   5.8566978193113970        2.4361374198450751       0.27552718177709717       -2.7116646016221715     
   5.9813084112116393        2.4652715144779198       0.27889294921499430       -2.7441644636929152     
   6.1059190031118815        2.4939244527633462       0.28218427011234537       -2.7761087228756920     
   6.2305295950121238        2.5221174398351360       0.28539974860760259       -2.8075171884427386     
   6.3551401869123669        2.5498674702822361       0.28854441808337705       -2.8384118883656160     
   6.4797507788126092        2.5771881443833893       0.29162460550125086       -2.8688127498846381     
   6.6043613707128515        2.6040928941905239       0.29463890441825746       -2.8987317986087815     
   6.7289719626130946        2.6305962900193451       0.29759028233441875       -2.9281865723537650     
   6.8535825545133369        2.6567138228140852       0.30048308734793655       -2.9571969101620197     
   6.9781931464135791        2.6824565795133553       0.30332390268061782       -2.9857804821939706     
   7.1028037383138214        2.7078357160843307       0.30611516720290072       -3.0139508832872330     
   7.2274143302140637        2.7328656129586948       0.30885660026118905       -3.0417222132198827     
   7.3520249221143068        2.7575562502393334       0.31155203915445723       -3.0691082893937875     
   7.4766355140145491        2.7819166340808565       0.31420306561112060       -3.0961196996919784     
   7.6012461059147913        2.8059596033493657       0.31680924729350696       -3.1227688506428759     
   7.7258566978150345        2.8296996760662636       0.31937242078262057       -3.1490720968488870     
   7.8504672897152767        2.8531473012020303       0.32189923932443620       -3.1750465405264685     
   7.9750778816155190        2.8763116516751754       0.32439238161088357       -3.2007040332860601     
   8.0996884735157622        2.8992058372726692       0.32684645130196799       -3.2260522885746363     
   8.2242990654160035        2.9218384224296066       0.32926418568723131       -3.2511026081168404     
   8.3489096573162467        2.9442160313525005       0.33164894245623466       -3.2758649738087366     
   8.4735202492164881        2.9663471398066630       0.33400392224250686       -3.3003510620491707     
   8.5981308411167312        2.9882421706496882       0.33632903286083038       -3.3245712035105153     
   8.7227414330169744        3.0099139863106861       0.33862491349073331       -3.3485388998014196     
   8.8473520249172157        3.0313685771990735       0.34089273395118369       -3.3722613111502548     
   8.9719626168174589        3.0526111369142788       0.34312971387069091       -3.3957408507849696     
   9.0965732087177020        3.0736452827811918       0.34533822591615354       -3.4189835086973432     
   9.2211838006179434        3.0944780245077101       0.34752566157183296       -3.4420036860795427     
   9.3457943925181866        3.1151179304739824       0.34969045132099202       -3.4648083817949762     
   9.4704049844184297        3.1355707649689837       0.35183757655499648       -3.4874083415239792     
   9.5950155763186711        3.1558419841831609       0.35397383200093124       -3.5098158161840933     
   9.7196261682189142        3.1759379917189139       0.35609858752940615       -3.5320365792483148     
   9.8442367601191556        3.1958636418775979       0.35821113871797744       -3.5540747805955788     
   9.9688473520193988        3.2156247295964384       0.36031400800345503       -3.5759387375998939     
   10.093457943919642        3.2352266072067697       0.36241233724128402       -3.5976389444480525     
   10.218068535819883        3.2546742486250082       0.36450314749923896       -3.6191773961242508     
   10.342679127720126        3.2739735043432674       0.36659012261986751       -3.6405636269631376     
   10.467289719620368        3.2931268149318331       0.36867752299184237       -3.6618043379236727     
   10.591900311520611        3.3121389981282658       0.37076556967916013       -3.6829045678074248     
   10.716510903420854        3.3310151088046021       0.37284679756405881       -3.7038619063686626     
   10.841121495321095        3.3497584777237295       0.37491764132831706       -3.7246761190520470     
   10.965732087221339        3.3683720576395513       0.37698030874752952       -3.7453523663870794     
   11.090342679121582        3.3868566635262027       0.37903631733770349       -3.7658929808639070     
   11.214953271021823        3.4052150022385752       0.38108059716142728       -3.7862955994000007     
   11.339563862922066        3.4234536247231908       0.38311563428182022       -3.8065692590050113     
   11.464174454822309        3.4415764266543580       0.38514559861299197       -3.8267220252673515     
   11.588785046722551        3.4595853387510913       0.38716783223637258       -3.8467531709874625     
   11.713395638622794        3.4774841008327178       0.38917773631309871       -3.8666618371458208     
   11.838006230523035        3.4952776231038083       0.39117038580683727       -3.8864480089106483     
   11.962616822423279        3.5129707001828381       0.39314725822126112       -3.9061179584040975     
   12.087227414323522        3.5305650885564099       0.39511191894557812       -3.9256770075019856     
   12.211838006223763        3.5480588155223067       0.39707289670203061       -3.9451317122243355     
   12.336448598124006        3.5654552332142058       0.39902670655035283       -3.9644819397645583     
   12.461059190024248        3.5827592142530245       0.40097593095314749       -3.9837351452061709     
   12.585669781924491        3.5999739750044553       0.40291785266778801       -4.0028918276722463     
   12.710280373824734        3.6171030485195876       0.40485399250761345       -4.0219570410271981     
   12.834890965724975        3.6341498967632053       0.40678670649678217       -4.0409366032599872     
   12.959501557625218        3.6511180474224121       0.40871072538286357       -4.0598287728052762     
   13.084112149525462        3.6680097427717904       0.41062005691899861       -4.0786297996907859     
   13.208722741425703        3.6848284736100521       0.41251506477219313       -4.0973435383822467     
   13.333333333325946        3.7015768111563823       0.41439463286291717       -4.1159714440193023     
   13.457943925226189        3.7182569371948113       0.41626262014822490       -4.1345195573430358     
   13.582554517126431        3.7348708823564825       0.41812019401405892       -4.1529910763705402     
   13.707165109026674        3.7514204863901108       0.41997425059644611       -4.1713947369865547     
   13.831775700926915        3.7679074332478852       0.42182972023029025       -4.1897371534781751     
   13.956386292827158        3.7843334138503888       0.42368331687843963       -4.2080167307288301     
   14.080996884727401        3.8006980764597031       0.42553291445102537       -4.2262309909107278     
   14.205607476627643        3.8170048560446990       0.42737695147625382       -4.2443818075209547     
   14.330218068527886        3.8332552007310210       0.42921740078940607       -4.2624726015204306     
   14.454828660428127        3.8494494594319129       0.43105478823032722       -4.2805042476622397     
   14.579439252328370        3.8655903922555570       0.43288641415765078       -4.2984768064132126     
   14.704049844228614        3.8816795537218156       0.43471187404316408       -4.3163914277649766     
   14.828660436128855        3.8977201063400084       0.43653388469022747       -4.3342539910302369     
   14.953271028029098        3.9137110665265120       0.43835521901859587       -4.3520662855451100     
   15.077881619929341        3.9296513893880287       0.44017656312244929       -4.3698279525104784     
   15.202492211829583        3.9455406858534383       0.44199631443143572       -4.3875370002848726     
   15.327102803729826        3.9613833571662589       0.44380926221718792       -4.4051926193834454     
   15.451713395630069        3.9771844338487097       0.44560947764109426       -4.4227939114898067     
   15.576323987530310        3.9929457483396034       0.44739910023355728       -4.4403448485731625     
   15.700934579430553        4.0086651367344990       0.44918756080250394       -4.4578526975370041     
   15.825545171330795        4.0243418625774270       0.45097532070130963       -4.4753171832787331     
   15.950155763231038        4.0399764293360025       0.45275980327952370       -4.4927362326155222     
   16.074766355131281        4.0555694820614745       0.45454224234347057       -4.5101117244049487     
   16.199376947031524        4.0711214486425478       0.45632363741941151       -4.5274450860619577     
   16.323987538931764        4.0866335895741353       0.45811158472815205       -4.5447451743022871     
   16.448598130832007        4.1021074784015452       0.45990721546590813       -4.5620146938674564     
   16.573208722732250        4.1175419517199527       0.46170960978673159       -4.5792515615066849     
   16.697819314632493        4.1329394008814750       0.46351642573849894       -4.5964558266199749     
   16.822429906532737        4.1483011804459844       0.46532895472217495       -4.6136301351681608     
   16.947040498432976        4.1636260963198071       0.46714474294520947       -4.6307708392650149     
   17.071651090333219        4.1789146618785900       0.46896391949771271       -4.6478785813763013     
   17.196261682233462        4.1941696026407316       0.47078296788187829       -4.6649525705226083     
   17.320872274133706        4.2093928010421360       0.47260092059624298       -4.6819937216383796     
   17.445482866033949        4.2245836345314869       0.47441591670819061       -4.6989995512396767     
   17.570093457934192        4.2397416197284912       0.47622520772737070       -4.7159668274558602     
   17.694704049834431        4.2548671506793605       0.47803400116422512       -4.7329011518435866     
   17.819314641734675        4.2699601386302470       0.47984417236786497       -4.7498043109981190     
   17.943925233634918        4.2850235161503338       0.48165489680249168       -4.7666784129528228     
   18.068535825535161        4.3000587918001552       0.48346084447699234       -4.7835196362771484     
   18.193146417435404        4.3150667057278831       0.48526005906402808       -4.8003267647919108     
   18.317757009335644        4.3300478837389358       0.48705339624880556       -4.8171012799877397     
   18.442367601235887        4.3450039295553422       0.48883967963881975       -4.8338436091941608     
   18.566978193136130        4.3599313614685782       0.49062215396982051       -4.8505535154383956     
   18.691588785036373        4.3748300308881918       0.49240860400688724       -4.8672386348950791     
   18.816199376936616        4.3897028500056203       0.49420208685646877       -4.8839049368620833     
   18.940809968836859        4.4045501679977974       0.49599945679824098       -4.9005496247960414     
   19.065420560737099        4.4193681634520949       0.49780600710965800       -4.9171741705617507     
   19.190031152637342        4.4341582502244430       0.49962320202624150       -4.9337814522506847     
   19.314641744537585        4.4489205311915123       0.50145219458420753       -4.9503727257757193     
   19.439252336437828        4.4636565976503979       0.50329129185202237       -4.9669478895024231     
   19.563862928338072        4.4783717274026840       0.50513393387124661       -4.9835056612739272     
   19.688473520238311        4.4930682621332849       0.50697459535908862       -5.0000428574923710     
   19.813084112138554        4.5077445198241195       0.50881167678032113       -5.0165561966044399     
   19.937694704038798        4.5223973121354142       0.51064801604505161       -5.0330453281804628     
   20.062305295939041        4.5370250136433379       0.51248826460777930       -5.0495132782511201     
   20.186915887839284        4.5516268198533689       0.51433302672264170       -5.0659598465760078     
   20.311526479739523        4.5662022774555231       0.51618226235564935       -5.0823845398111738     
   20.436137071639767        4.5807535674198769       0.51803058301400906       -5.0987841504338807     
   20.560747663540010        4.5952828883509929       0.51987563587987162       -5.1151585242308641     
   20.685358255440253        4.6097925856914754       0.52172002416339436       -5.1315126098548678     
   20.809968847340496        4.6242850739827297       0.52356593303347176       -5.1478510070162029     
   20.934579439240736        4.6387607070606016       0.52540943606862511       -5.1641701431292262     
   21.059190031140979        4.6532170209928161       0.52725088793558150       -5.1804679089283967     
   21.183800623041222        4.6676520383133386       0.52909154936618907       -5.1967435876795296     
   21.308411214941465        4.6820634027151442       0.53093246726702759       -5.2129958699821737     
   21.433021806841708        4.6964502327288153       0.53277399381353296       -5.2292242265423505     
   21.557632398741951        4.7108141818690514       0.53461364170439496       -5.2454278235734462     
   21.682242990642191        4.7251600913805305       0.53644885689923993       -5.2616089482797612     
   21.806853582542434        4.7394921569181330       0.53827468636109621       -5.2777668432792337     
   21.931464174442677        4.7538077453896328       0.54009184897488183       -5.2938995943645173     
   22.056074766342920        4.7681027917288139       0.54190413013213523       -5.3100069218609498     
   22.180685358243164        4.7823772562632154       0.54371495000785730       -5.3260922062710749     
   22.305295950143403        4.7966335104927804       0.54552257246085345       -5.3421560829536299     
   22.429906542043646        4.8108717696481547       0.54732971845196410       -5.3582014881001161     
   22.554517133943889        4.8250941894890298       0.54913648629160128       -5.3742306757806251     
   22.679127725844133        4.8393021788829804       0.55094257799363866       -5.3902447568766227     
   22.803738317744376        4.8534910748831894       0.55275173187766691       -5.4062428067608579     
   22.928348909644619        4.8676593224760074       0.55456142291847721       -5.4222207453944815     
   23.052959501544859        4.8818091531183381       0.55637041025375533       -5.4381795633721000     
   23.177570093445102        4.8959397631555710       0.55818236856721593       -5.4541221317227890     
   23.302180685345345        4.9100526855323485       0.55999672025677094       -5.4700494057891174     
   23.426791277245588        4.9241514189025901       0.56181234330950525       -5.4859637622120960     
   23.551401869145831        4.9382347481206663       0.56362661105233636       -5.5018613591730094     
   23.676012461046071        4.9523004290735235       0.56543908056906511       -5.5177395096425874     
   23.800623052946314        4.9663496758091705       0.56724867059016260       -5.5335983463993399     
   23.925233644846557        4.9803839036431841       0.56905425829771072       -5.5494381619408912     
   24.049844236746800        4.9944037522020075       0.57085903128362658       -5.5652627834856307     
   24.174454828647043        5.0084110901515109       0.57266051669902263       -5.5810716068505357     
   24.299065420547283        5.0224082833640633       0.57446187399889048       -5.5968701573629529     
   24.423676012447526        5.0363977739446035       0.57626566884390185       -5.6126634427885111     
   24.548286604347769        5.0503778935706913       0.57807151585819316       -5.6284494094288844     
   24.672897196248012        5.0643512164292330       0.57987605178817747       -5.6442272682174099     
   24.797507788148256        5.0783184081029287       0.58167738498562471       -5.6599957930885507     
   24.922118380048495        5.0922775569063896       0.58347585406967939       -5.6757534109760694     
   25.046728971948738        5.1062271581880179       0.58526677579745134       -5.6914939339854644     
   25.171339563848981        5.1201662273776325       0.58705361442701198       -5.7072198418046467     
   25.295950155749225        5.1340934439385784       0.58883622977576267       -5.7229296737143365     
   25.420560747649468        5.1480071470148800       0.59061718279895636       -5.7386243298138391     
   25.545171339549711        5.1619119895189369       0.59239384786076021       -5.7543058373796976     
   25.669781931449950        5.1758087645649073       0.59416671638596064       -5.7699754809508716     
   25.794392523350194        5.1896938123011607       0.59593630518887897       -5.7856301174900455     
   25.919003115250437        5.2035654858447513       0.59770576024988586       -5.8012712460946370     
   26.043613707150680        5.2174275390415641       0.59947447887523886       -5.8169020179167994     
   26.168224299050923        5.2312816130224338       0.60124313630536841       -5.8325247493278036     
   26.292834890951163        5.2451275267998021       0.60301478506189055       -5.8481423118616895     
   26.417445482851406        5.2589663613928881       0.60479318363248025       -5.8637595450253661     
   26.542056074751649        5.2727974178580039       0.60658035425961687       -5.8793777721176204     
   26.666666666651892        5.2866185618752723       0.60837513442991731       -5.8949936963051908     
   26.791277258552135        5.3004288817003653       0.61017638955278652       -5.9106052712531492     
   26.915887850452378        5.3142309202691171       0.61197771566815151       -5.9262086359372717     
   27.040498442352618        5.3280282912734798       0.61377653139458888       -5.9418048226680602     
   27.165109034252861        5.3418199048950310       0.61557818853997337       -5.9573980934350041     
   27.289719626153104        5.3556039494979881       0.61738289136613367       -5.9729868408641202     
   27.414330218053347        5.3693786829658272       0.61918745544370080       -5.9885661384095306     
   27.538940809953591        5.3831425738303738       0.62099250669082506       -6.0041350805211966     
   27.663551401853830        5.3968938981684724       0.62280043998678980       -6.0196943381552623     
   27.788161993754073        5.4106331892240140       0.62461170022180701       -6.0352448894458153     
   27.912772585654317        5.4243627577222950       0.62642483053370901       -6.0507875882560027     
   28.037383177554560        5.4380795424121970       0.62823462739651392       -6.0663141698087095     
   28.161993769454803        5.4517794385654268       0.63003416383451405       -6.0818136023999401     
   28.286604361355042        5.4654603786740337       0.63182330285718247       -6.0972836815312119     
   28.411214953255286        5.4791196876147144       0.63360893401747398       -6.1127286216321908     
   28.535825545155529        5.4927570388420452       0.63539359812236562       -6.1281506369644116     
   28.660436137055772        5.5063766623696040       0.63717034894015423       -6.1435470113097557     
   28.785046728956015        5.5199804861454806       0.63893864483588858       -6.1589191309813716     
   28.909657320856255        5.5335682034589837       0.64070264539717825       -6.1742708488561568     
   29.034267912756498        5.5471395828914574       0.64246176008124622       -6.1896013429727068     
   29.158878504656741        5.5606907668546839       0.64421471012648446       -6.2049054769811738     
   29.283489096556984        5.5742230370344599       0.64595754598169108       -6.2201805830161492     
   29.408099688457227        5.5877402698209337       0.64768961260156777       -6.2354298824225056     
   29.532710280357470        5.6012428384779760       0.64941451799802008       -6.2506573564759931     
   29.657320872257710        5.6147255588264180       0.65113400557602485       -6.2658595644024508     
   29.781931464157953        5.6281894164181105       0.65284892661959382       -6.2810383430377081     
   29.906542056058196        5.6416373683409562       0.65455989061902997       -6.2961972589599906     
   30.031152647958439        5.6550723442750828       0.65626505956742864       -6.3113374038425150     
   30.155763239858683        5.6684943967305994       0.65796088728342195       -6.3264552840140214     
   30.280373831758922        5.6819042399303648       0.65964629190572577       -6.3415505318360879     
   30.404984423659165        5.6953046849871525       0.66132022341334962       -6.3566249084005042     
   30.529595015559408        5.7086944104383335       0.66298612350740471       -6.3716805339457379     
   30.654205607459652        5.7220720708887356       0.66464588173555916       -6.3867179526242932     
   30.778816199359895        5.7354380399678435       0.66629866772326063       -6.4017367076911098     
   30.903426791260138        5.7487940882921222       0.66794518819470783       -6.4167392764868323     
   31.028037383160378        5.7621434880667568       0.66958822931741191       -6.4317317173841708     
   31.152647975060621        5.7754866833870739       0.67123009149783619       -6.4467167748849068     
   31.277258566960864        5.7888229433665197       0.67287173103125120       -6.4616946743977781     
   31.401869158861107        5.8021520584248094       0.67451425730988623       -6.4766663157346969     
   31.526479750761350        5.8154715699362951       0.67615809626535417       -6.4916296662016437     
   31.651090342661590        5.8287809018956764       0.67780013232658098       -6.5065810342222612     
   31.775700934561833        5.8420806546090365       0.67944053155651751       -6.5215211861655513     
   31.900311526462076        5.8553700214156406       0.68108312443713481       -6.5364531458527759     
   32.024922118362319        5.8686473881919810       0.68272748401668715       -6.5513748722086689     
   32.149532710262562        5.8819094166318955       0.68437170804411440       -6.5662811246760100     
   32.274143302162805        5.8951564661726312       0.68601529154907381       -6.5811717577217062     
   32.398753894063049        5.9083914585145560       0.68766081996558448       -6.5960522784801441     
   32.523364485963292        5.9216178400455792       0.68930650462228937       -6.6109243446678665     
   32.647975077863528        5.9348364663871118       0.69095308739881189       -6.6257895537859248     
   32.772585669763771        5.9480445934881834       0.69260086642438290       -6.6406454599125651     
   32.897196261664014        5.9612388146194100       0.69424575965564128       -6.6554845742750484     
   33.021806853564257        5.9744149771939146       0.69589155794411262       -6.6703065351380273     
   33.146417445464500        5.9875719605169930       0.69753977753847274       -6.6851117380554639     
   33.271028037364744        6.0007114685456937       0.69918698829876458       -6.6998984568444593     
   33.395638629264987        6.0138335576580131       0.70083056756957718       -6.7146641252275918     
   33.520249221165230        6.0269403693604540       0.70246854553543414       -6.7294089148958856     
   33.644859813065473        6.0400311916884410       0.70410259811360720       -6.7441337898020430     
   33.769470404965716        6.0531065723667874       0.70573574513151127       -6.7588423174982992     
   33.894080996865952        6.0661645242249085       0.70736969674065431       -6.7735342209655602     
   34.018691588766195        6.0792051230111976       0.70900364763740020       -6.7882087706485992     
   34.143302180666439        6.0922293194710919       0.71064014443318813       -6.8028694639042762     
   34.267912772566682        6.1052389167917367       0.71227903330093378       -6.8175179500926681     
   34.392523364466925        6.1182374208272714       0.71391617309342981       -6.8321535939207010     
   34.517133956367168        6.1312234985769063       0.71555156828923561       -6.8467750668661349     
   34.641744548267411        6.1441942900012352       0.71719027155366044       -6.8613845615548987     
   34.766355140167654        6.1571523792195144       0.71883316811287934       -6.8759855473323892     
   34.890965732067897        6.1700986589421705       0.72047726749897600       -6.8905759264411461     
   35.015576323968141        6.1830333953071328       0.72211745569502572       -6.9051508510021549     
   35.140186915868384        6.1959567532588640       0.72375250716630923       -6.9197092604251758     
   35.264797507768620        6.2088707576362445       0.72538337644319384       -6.9342541340794410     
   35.389408099668863        6.2217764131480919       0.72700787814042578       -6.9487842912885176     
   35.514018691569106        6.2346702831113534       0.72863194786400554       -6.9633022309753603     
   35.638629283469349        6.2475542616544768       0.73025816124038034       -6.9778124228948526     
   35.763239875369592        6.2604319136082998       0.73188530302402621       -6.9923172166323262     
   35.887850467269836        6.2733054764644827       0.73350831408868544       -7.0068137905531698     
   36.012461059170079        6.2861752284841756       0.73512992824679380       -7.0213051567309677     
   36.137071651070322        6.2990421338011648       0.73675181978904425       -7.0357939535902076     
   36.261682242970565        6.3119040076470796       0.73837490483181234       -7.0502789124788929     
   36.386292834870808        6.3247579334656550       0.74000109685957216       -7.0647590303252237     
   36.510903426771051        6.3376051300444303       0.74163096337811307       -7.0792360934225433     
   36.635514018671287        6.3504462181397896       0.74326278454423123       -7.0937090026840233     
   36.760124610571530        6.3632803283207764       0.74489343023802701       -7.1081737585588076     
   36.884735202471774        6.3761105303410410       0.74652101533026127       -7.1226315456713030     
   37.009345794372017        6.3889389155391738       0.74814704288574652       -7.1370859584249171     
   37.133956386272260        6.4017633177501745       0.74977705267637518       -7.1515403704265434     
   37.258566978172503        6.4145834832116098       0.75140823535845791       -7.1659917185700701     
   37.383177570072746        6.4274017138833663       0.75303645772779404       -7.1804381716111640     
   37.507788161972989        6.4402177348760414       0.75466043499751345       -7.1948781698735536     
   37.632398753873233        6.4530296813292685       0.75628170656396965       -7.2093113878932424     
   37.757009345773476        6.4658376801891668       0.75790055110795851       -7.2237382312971228     
   37.881619937673719        6.4786427487460099       0.75951583901918884       -7.2381585877652004     
   38.006230529573955        6.4914431226713445       0.76112842935829150       -7.2525715520296323     
   38.130841121474198        6.5042377613604891       0.76273772112944282       -7.2669754824899355     
   38.255451713374441        6.5170264747635223       0.76434388695009547       -7.2813703617136127     
   38.380062305274684        6.5298106565848206       0.76594436025274282       -7.2957550168375658     
   38.504672897174927        6.5425917035129331       0.76754190952638879       -7.3101336130393193     
   38.629283489075171        6.5553707191236636       0.76913125171566676       -7.3245019708393313     
   38.753894080975414        6.5681453537396797       0.77071334010317172       -7.3388586938428499     
   38.878504672875657        6.5809146133968168       0.77228889880555207       -7.3532035122023682     
   39.003115264775900        6.5936792258058912       0.77385523692256164       -7.3675344627284600     
   39.127725856676143        6.6064385800116678       0.77541255941341070       -7.3818511394250796     
   39.252336448576379        6.6191941011583193       0.77696310324203210       -7.3961572044003523     
   39.376947040476622        6.6319460221137394       0.77851014520328166       -7.4104561673170215     
   39.501557632376866        6.6446908516540004       0.78005445531353756       -7.4247453069675364     
   39.626168224277109        6.6574269916668980       0.78159513712596185       -7.4390221287928613     
   39.750778816177352        6.6701559208892007       0.78313332791467816       -7.4532892488038778     
   39.875389408077595        6.6828779902558599       0.78467172939283825       -7.4675497196486935     
   39.999999999977838        6.6955907345023498       0.78621259859689419       -7.4818033330992444     
   40.124610591878081        6.7082937205526330       0.78775362047374409       -7.4960473410263777     
   40.249221183778324        6.7209891278237599       0.78929320251391100       -7.5102823303376747     
   40.373831775678568        6.7336783386666523       0.79083422404446668       -7.5245125627111191     
   40.498442367578811        6.7463601135308355       0.79238198485377542       -7.5387420983846143     
   40.623052959479047        6.7590323538356882       0.79393572922620492       -7.5529680830618879     
   40.747663551379290        6.7716967757900681       0.79548810483804244       -7.5671848806281039     
   40.872274143279533        6.7843564516291117       0.79703969311035738       -7.5813961447394682     
   40.996884735179776        6.7970123123948314       0.79859369708494976       -7.5956060094797841     
   41.121495327080019        6.8096653810525094       0.80014927566532201       -7.6098146567178269     
   41.246105918980263        6.8223150091975668       0.80170668423895353       -7.6240216934365179     
   41.370716510880506        6.8349621100368729       0.80326646818565084       -7.6382285782225203     
   41.495327102780749        6.8476088555225854       0.80482830722365795       -7.6524371627462457     
   41.619937694680992        6.8602552384885227       0.80639695154338265       -7.6666521900319085     
   41.744548286581235        6.8728997617137573       0.80797702278370964       -7.6808767844974577     
   41.869158878481471        6.8855421292419710       0.80956645171268837       -7.6951085809546580     
   41.993769470381714        6.8981832708642381       0.81116148255117482       -7.7093447534154125     
   42.118380062281958        6.9108257487924813       0.81276116498646467       -7.7235869137789486     
   42.242990654182201        6.9234688088466116       0.81436540288147541       -7.7378342117280861     
   42.367601246082444        6.9361113002774131       0.81597522894100305       -7.7520865292184125     
   42.492211837982687        6.9487529823231897       0.81758653087734079       -7.7663395132005242     
   42.616822429882930        6.9613929332218500       0.81919748353654565       -7.7805904167583932     
   42.741433021783173        6.9740305568461674       0.82080727608559256       -7.7948378329317531     
   42.866043613683416        6.9866646684503904       0.82241621926283159       -7.8090808877132218     
   42.990654205583660        6.9992977875854772       0.82402244316419071       -7.8233202307496637     
   43.115264797483903        7.0119315963709621       0.82562435636851217       -7.8375559527394678     
   43.239875389384139        7.0245630307101115       0.82722470728241460       -7.8517877379925203     
   43.364485981284382        7.0371890365246621       0.82882740316232251       -7.8660164396869856     
   43.489096573184625        7.0498085398838857       0.83043344784866313       -7.8802419877325427     
   43.613707165084868        7.0624217158579414       0.83204457710095092       -7.8944662929589020     
   43.738317756985111        7.0750284727642399       0.83365890068608905       -7.9086873734503316     
   43.862928348885355        7.0876278893960531       0.83527677297236402       -7.9229046623684214     
   43.987538940785598        7.1002191363256797       0.83689547985670631       -7.9371146161823898     
   44.112149532685841        7.1128009964545642       0.83851374051498584       -7.9513147369695547     
   44.236760124586084        7.1253725728431911       0.84012970876261039       -7.9655022816058025     
   44.361370716486327        7.1379354106895407       0.84174058724242051       -7.9796759979319587     
   44.485981308386570        7.1504925551755232       0.84334526648338104       -7.9938378216589099     
   44.610591900286806        7.1630430632050359       0.84494610061899200       -8.0079891638240284     
   44.735202492187049        7.1755910701449981       0.84654122173684321       -8.0221322918818405     
   44.859813084087293        7.1881400693081057       0.84812654010235533       -8.0362666094104611     
   44.984423675987536        7.2006873246398513       0.84970010224334003       -8.0503874268831943     
   45.109034267887779        7.2132292032547580       0.85126535504109513       -8.0644945582958449     
   45.233644859788022        7.2257637765780283       0.85282556181036850       -8.0785893383883902     
   45.358255451688265        7.2382910590578735       0.85438376438375951       -8.0926748234416337     
   45.482866043588508        7.2508114741022283       0.85594302602902272       -8.1067545001312489     
   45.607476635488752        7.2633256309110790       0.85750128889109556       -8.1208269198021661     
   45.732087227388995        7.2758348017096877       0.85905997935100753       -8.1348947810606980     
   45.856697819289238        7.2883383389704237       0.86061981026325951       -8.1489581492336818     
   45.981308411189474        7.3008339722305209       0.86218043412914025       -8.1630144063596735     
   46.105919003089717        7.3133208772270635       0.86374458141264177       -8.1770654586397047     
   46.230529594989960        7.3258008337380200       0.86531360356807363       -8.1911144373060925     
   46.355140186890203        7.3382744817435874       0.86688539022441646       -8.2051598719680126     
   46.479750778790446        7.3507426631190418       0.86846182864532817       -8.2192044917643692     
   46.604361370690690        7.3632054602278565       0.87004251050162618       -8.2332479707294866     
   46.728971962590933        7.3756598821619157       0.87163091882806265       -8.2472908009899761     
   46.853582554491176        7.3881057977385067       0.87322417701239674       -8.2613299747509039     
   46.978193146391419        7.4005436660106829       0.87482294635568913       -8.2753666123663727     
   47.102803738291662        7.4129739725491017       0.87642730329032426       -8.2894012758394293     
   47.227414330191898        7.4253939282210011       0.87803762037743738       -8.3034315485984340     
   47.352024922092141        7.4378010951906086       0.87965403292309075       -8.3174551281137106     
   47.476635513992385        7.4501957139931179       0.88127671014370890       -8.3314724241368268     
   47.601246105892628        7.4625801318358347       0.88290583223239727       -8.3454859640682404     
   47.725856697792871        7.4749547877628943       0.88454266715044472       -8.3594974549133365     
   47.850467289693114        7.4873165772465065       0.88618681982907321       -8.3735033970755826     
   47.975077881593357        7.4996631846877735       0.88783617577432705       -8.3874993604620993     
   48.099688473493600        7.5119942537086200       0.88948987282859227       -8.4014841265372091     
   48.224299065393843        7.5243092523303483       0.89114462132291961       -8.4154538736532665     
   48.348909657294087        7.5366075300179682       0.89279908185251666       -8.4294066118704869     
   48.473520249194330        7.5488910404254499       0.89445078008157486       -8.4433418205070296     
   48.598130841094566        7.5611612541995834       0.89609988686452191       -8.4572611410641034     
   48.722741432994809        7.5734163502637184       0.89774817342806579       -8.4711645236917832     
   48.847352024895052        7.5856558627834936       0.89939933764074542       -8.4850552004242399     
   48.971962616795295        7.5978803839322966       0.90105405982339848       -8.4989344437556902     
   49.096573208695538        7.6100901910698751       0.90271132172586688       -8.5128015127957450     
   49.221183800595782        7.6222872577950724       0.90436849464192681       -8.5266557524370050     
   49.345794392496025        7.6344770567219085       0.90602229119679045       -8.5404993479187024     
   49.470404984396268        7.6466600069773474       0.90767598936323435       -8.5543359963405852     
   49.595015576296511        7.6588381795152740       0.90932784935079158       -8.5681660288660666     
   49.719626168196754        7.6710129415371773       0.91097665052974908       -8.5819895920669218     
   49.844236760096990        7.6831817505181306       0.91262128218722427       -8.5958030327053532     
   49.968847351997233        7.6953399047542881       0.91426183086343127       -8.6096017356177210     
   50.093457943897477        7.7074894104228671       0.91589520060723184       -8.6233846110300956     
   50.218068535797720        7.7196322138135205       0.91751917280750106       -8.6371513866210190     
   50.342679127697963        7.7317655068572142       0.91913422845089265       -8.6508997353081014     
   50.467289719598206        7.7438872107477543       0.92074294513489274       -8.6646301558826515     
   50.591900311498449        7.7559988254600691       0.92234566374357485       -8.6783444892036421     
   50.716510903398692        7.7681006890776283       0.92394268918173916       -8.6920433782593634     
   50.841121495298935        7.7801905135438059       0.92553460546226829       -8.7057251190060700     
   50.965732087199179        7.7922665680627521       0.92712102842901145       -8.7193875964917620     
   51.090342679099422        7.8043286734353865       0.92870023243822308       -8.7330289058736046     
   51.214953270999658        7.8163773171167668       0.93027378388188042       -8.7466511009986387     
   51.339563862899901        7.8284125015108543       0.93184501382461637       -8.7602575153354625     
   51.464174454800144        7.8404315401435678       0.93341700384792825       -8.7738485439915035     
   51.588785046700387        7.8524335081687138       0.93499071199142036       -8.7874242201601422     
   51.713395638600630        7.8644201468400450       0.93656309394197013       -8.8009832407820188     
   51.838006230500874        7.8763936694555792       0.93813420278132986       -8.8145278722369103     
   51.962616822401117        7.8883574560121588       0.93970458201657048       -8.8280620380287242     
   52.087227414301360        7.9003116544673277       0.94127541036198947       -8.8415870648293193     
   52.211838006201603        7.9122566784942752       0.94284504065053876       -8.8551017191448178     
   52.336448598101846        7.9241912988774121       0.94441521359984104       -8.8686065124772551     
   52.461059190002089        7.9361175011385798       0.94598528447400543       -8.8821027856125898     
   52.585669781902325        7.9480361191936089       0.94755409720934169       -8.8955902164029510     
   52.710280373802568        7.9599497288180920       0.94911685547316804       -8.9090665842912600     
   52.834890965702812        7.9718578526755426       0.95067534310200263       -8.9225331957775431     
   52.959501557603055        7.9837613660990234       0.95223092458053771       -8.9359922906795646     
   53.084112149503298        7.9956590488671493       0.95378376598651704       -8.9494428148536613     
   53.208722741403541        8.0075480386747593       0.95533435993034010       -8.9628823986050978     
   53.333333333303784        8.0194283339690706       0.95688195903548712       -8.9763102930045608     
   53.457943925204027        8.0313017015716159       0.95842654523195026       -8.9897282468035726     
   53.582554517104271        8.0431713636025233       0.95996668430194443       -9.0031380479044714     
   53.707165109004514        8.0550363978630930       0.96150153030056529       -9.0165379281636575     
   53.831775700904757        8.0668960117227329       0.96302907839737750       -9.0299250901201127     
   53.956386292804993        8.0787510619235778       0.96454927601973617       -9.0433003379433075     
   54.080996884705236        8.0906013169435429       0.96606646680076136       -9.0566677837443166     
   54.205607476605479        8.1024477206236831       0.96758369877249073       -9.0700314193961731     
   54.330218068505722        8.1142903708682717       0.96910029682665078       -9.0833906676949212     
   54.454828660405965        8.1261284727148873       0.97061329391674689       -9.0967417666316290     
   54.579439252306209        8.1379621545798919       0.97212187003975792       -9.1100840246196508     
   54.704049844206452        8.1497914599690446       0.97362807813075014       -9.1234195380997978     
   54.828660436106695        8.1616184032453560       0.97513189601184702       -9.1367502992571961     
   54.953271028006938        8.1734450514622345       0.97663364421849885       -9.1500786956807314     
   55.077881619907181        8.1852698248762312       0.97813231582946392       -9.1634021407056938     
   55.202492211807417        8.1970908560896056       0.97963226170583995       -9.1767231177954347     
   55.327102803707660        8.2089089619335898       0.98113724343351794       -9.1900462053671053     
   55.451713395607904        8.2207278923971554       0.98264595109552877       -9.2033738434926864     
   55.576323987508147        8.2325485986674991       0.98415619769601226       -9.2167047963635191     
   55.700934579408390        8.2443713997095358       0.98566751246760587       -9.2300389121771307     
   55.825545171308633        8.2561965081463509       0.98717718708665414       -9.2433736952330001     
   55.950155763208876        8.2680233783062338       0.98868221006140611       -9.2567055883676392     
   56.074766355109119        8.2798487027812939       0.99018196001420422       -9.2700306627955005     
   56.199376947009362        8.2916697660145520       0.99167611245727538       -9.2833458784718292     
   56.323987538909606        8.3034877469048531       0.99316048847942340       -9.2966482353842697     
   56.448598130809849        8.3153053389864500       0.99463518100365700       -9.3099405199901017     
   56.573208722710085        8.3271229401619973       0.99609962476234737       -9.3232225649243432     
   56.697819314610328        8.3389387391740115       0.99755444034044649       -9.3364931795144592     
   56.822429906510571        8.3507519645078325       0.99899960571871593       -9.3497515702265499     
   56.947040498410814        8.3625612543021148        1.0004341588736620       -9.3629954131757867     
   57.071651090311057        8.3743656637681685        1.0018574921356154       -9.3762231559037783     
   57.196261682211301        8.3861656473885162        1.0032726521478303       -9.3894382995363550     
   57.320872274111544        8.3979607923469146        1.0046808104589755       -9.4026416028058879     
   57.445482866011787        8.4097509633476584        1.0060798971024083       -9.4158308604500736     
   57.570093457912030        8.4215367018983986        1.0074685361071425       -9.4290052380055425     
   57.694704049812273        8.4333198311729589        1.0088463658387894       -9.4421661970117476     
   57.819314641712509        8.4451001187146755        1.0102124003237509       -9.4553125190384328     
   57.943925233612752        8.4568747231942005        1.0115708438122417       -9.4684455670064427     
   58.068535825512996        8.4686434333585741        1.0129231577826572       -9.4815665911412328     
   58.193146417413239        8.4804083841996984        1.0142689252982733       -9.4946773094979644     
   58.317757009313482        8.4921719867119787        1.0156064306319801       -9.5077784173439621     
   58.442367601213725        8.5039326069066732        1.0169386961284859       -9.5208713030351575     
   58.566978193113968        8.5156887198883808        1.0182695757874889       -9.5339582956758804     
   58.691588785014211        8.5274404637540773        1.0196016444325455       -9.5470421081866199     
   58.816199376914454        8.5391901804819277        1.0209343924581071       -9.5601245729400421     
   58.940809968814698        8.5509362171977514        1.0222719300972982       -9.5732081472950501     
   59.065420560714941        8.5626776863347249        1.0236155254396788       -9.5862932117744037     
   59.190031152615177        8.5744162494949023        1.0249642620561226       -9.5993805115510256     
   59.314641744515420        8.5861513523455368        1.0263159519838569       -9.6124673043294031     
   59.439252336415663        8.5978835650123742        1.0276671258169803       -9.6255506908293551     
   59.563862928315906        8.6096125980984510        1.0290208177913591       -9.6386334158898084     
   59.688473520216149        8.6213382563878511        1.0303778757414175       -9.6517161321292626     
   59.813084112116393        8.6330636208294855        1.0317381607948057       -9.6648017816243037     
   59.937694704016636        8.6447904234786836        1.0331027094643146       -9.6778931329429998     
   60.062305295916879        8.6565169829971538        1.0344748034958151       -9.6909917864929636     
   60.186915887817122        8.6682466764377306        1.0358520565389631       -9.7040987329766821     
   60.311526479717365        8.6799835829604586        1.0372329265505182       -9.7172165095109833     
   60.436137071617608        8.6917296196440699        1.0386162624178765       -9.7303458820619486     
   60.560747663517844        8.7034844026615446        1.0400003331462049       -9.7434847358077548     
   60.685358255418087        8.7152467442931503        1.0413863705212112       -9.7566331148143650     
   60.809968847318331        8.7270158405225100        1.0427749291006110       -9.7697907696231283     
   60.934579439218574        8.7387908482971000        1.0441647476734901       -9.7829555959705896     
   61.059190031118817        8.7505736636363132        1.0455530532860728       -9.7961267169223802     
   61.183800623019060        8.7623669348896129        1.0469387169849520       -9.8093056518745652     
   61.308411214919303        8.7741707691022395        1.0483237205715663       -9.8224944896738062     
   61.433021806819546        8.7859829537328071        1.0497074046765851       -9.8356903584093907     
   61.557632398719790        8.7978012842187230        1.0510880625483818       -9.8488893467671037     
   61.682242990620033        8.8096253774161273        1.0524666280823241       -9.8620920054984538     
   61.806853582520276        8.8214535439006596        1.0538473872639214       -9.8753009311645812     
   61.931464174420512        8.8332869140423718        1.0552289093072185       -9.8885158233495911     
   62.056074766320755        8.8451291034530488        1.0566064069097063       -9.9017355103627605     
   62.180685358220998        8.8569794709202387        1.0579839410168588       -9.9149634119371051     
   62.305295950121241        8.8688345803420638        1.0593679682477544       -9.9282025485898178     
