           0           0           0           0
  0.12461059190024248        8.6750518711443212E-003   4.3987623239534923E-002  -1.6402550078414704E-002   2.0417770191932383E-008   5.7511632323215238     
  0.24922118380048497        2.5383443320737352E-002   4.5348619404763577E-002  -4.8634214529691189E-002   2.9682672673375649E-008   5.8826129036401973     
  0.37383177570072745        4.1262893887583453E-002   4.6798352249759062E-002  -7.9103807473329235E-002   3.5886391453470348E-008   5.9692713969759881     
  0.49844236760096994        5.5888423045519199E-002   4.7979389663096568E-002 -0.10701568871187536        3.8895980531245380E-008   5.8807120958152996     
  0.62305295950121242        6.9023317527483058E-002   4.8714773713054403E-002 -0.13196521550667362        3.9574205190804650E-008   5.6520258941465036     
  0.74766355140145491        8.0612438674947995E-002   4.8974379450777254E-002 -0.15386066074261145        3.8926475290218842E-008   5.3665443151243313     
  0.87227414330169739        9.0697732763215258E-002   4.8785253291002854E-002 -0.17280448244009386        3.7786377932101137E-008   5.0735832102371559     
  0.99688473520193988        9.9356259638596622E-002   4.8188823037256932E-002 -0.18898782105931655        3.6451938582136311E-008   4.7984806025139353     
   1.1214953271021824       0.10672304173777064        4.7277836220134373E-002 -0.20266921003837413        3.5103060562062449E-008   4.5498300527777236     
   1.2461059190024248       0.11294510545783452        4.6165653435996670E-002 -0.21412806796802886        3.3790626825937527E-008   4.3428675594131319     
   1.3707165109026673       0.11812578106835653        4.4939081727870096E-002 -0.22360332214537065        3.2541883296120833E-008   4.1811741318246431     
   1.4953271028029098       0.12237905812254957        4.3666960897760794E-002 -0.23132136906333178        3.1386296604398502E-008   4.0516786511695333     
   1.6199376947031523       0.12582502137400162        4.2394329139908128E-002 -0.23750431339499839        3.0402619895422562E-008   3.9531852249603872     
   1.7445482866033948       0.12856497432317160        4.1152270846860128E-002 -0.24234723784394796        2.9528025272333152E-008   3.8971590735017849     
   1.8691588785036373       0.13068195230918528        3.9973500381199484E-002 -0.24602678110348622        2.8631702353619102E-008   3.8654097158648075     
   1.9937694704038798       0.13223890527967744        3.8859558841345253E-002 -0.24868548557084819        2.7785864682255285E-008   3.8558270957374843     
   2.1183800623041220       0.13330834217378809        3.7812187043030861E-002 -0.25045514051517093        2.7011736543047608E-008   3.8570289344124191     
   2.2429906542043647       0.13397254944726777        3.6838607243888877E-002 -0.25147676120286994        2.6290068911856373E-008   3.8662262966847742     
   2.3676012461046074       0.13429616443700498        3.5941380141920075E-002 -0.25187371110673190        2.5595441386285190E-008   3.8850663119582727     
   2.4922118380048497       0.13432456045933747        3.5111073561347426E-002 -0.25173744518531782        2.4907431727417407E-008   3.9029980283014094     
   2.6168224299050920       0.13409061726800134        3.4331959476596091E-002 -0.25111682160387794        2.4311160203697659E-008   3.9154912659329453     
   2.7414330218053347       0.13363717007896153        3.3612597135244095E-002 -0.25008487981896410        2.3772800001722709E-008   3.9367690262809201     
   2.8660436137055774       0.13300999838404251        3.2964467195095735E-002 -0.24874238370636723        2.3090406040226360E-008   3.9630852076427550     
   2.9906542056058196       0.13224324995334844        3.2390460121320290E-002 -0.24714810802720955        2.2489599178897778E-008   3.9984391566612940     
   3.1152647975060619       0.13134130740908184        3.1875319703365761E-002 -0.24530833640020527        2.1950498653206247E-008   4.0464862038117237     
   3.2398753894063046       0.13031765306861143        3.1408125629597002E-002 -0.24325346904329304        2.1391877005395280E-008   4.0884367184642256     
   3.3644859813065473       0.12921551045723298        3.0997323665628199E-002 -0.24105357529211990        2.0794889645124142E-008   4.1244847378329448     
   3.4890965732067896       0.12804923329454948        3.0640162162821130E-002 -0.23873802809495348        2.0277050965863487E-008   4.1521883734835505     
   3.6137071651070318       0.12681893816076106        3.0327331381130741E-002 -0.23631777750674504        1.9836368867334932E-008   4.1957565437878674     
   3.7383177570072745       0.12553391614273909        3.0054789003852285E-002 -0.23381589491367455        1.9131623052800485E-008   4.2412752730868748     
   3.8629283489075172       0.12420360337713504        2.9811283745999454E-002 -0.23124376559235421        1.8318054028662450E-008   4.2693682043864118     
   3.9875389408077595       0.12282973571520123        2.9596998820065407E-002 -0.22861164976357037        1.7572462505071388E-008   4.3000595748756476     
   4.1121495327080018       0.12141346797355183        2.9416720874674143E-002 -0.22592743580738642        1.6974862284187667E-008   4.3327061896588290     
   4.2367601246082440       0.11996470101320783        2.9256696020386740E-002 -0.22319973945500937        1.6556248841744976E-008   4.3487696303394108     
   4.3613707165084872       0.11850735454729677        2.9125865272731675E-002 -0.22046545595136036        1.6089962782217657E-008   4.3914637353227111     
   4.4859813084087294       0.11705819334953335        2.9011301790459743E-002 -0.21774978563582592        1.5811246043306615E-008   4.4670000366240430     
   4.6105919003089717       0.11560188631485993        2.8892191055222085E-002 -0.21503461800024737        1.5392259440810878E-008   4.4663496769092959     
   4.7352024922092149       0.11415381619262076        2.8783088626675453E-002 -0.21234196635919658        1.5065232705173816E-008   4.4745800126228064     
   4.8598130841094571       0.11273659556136088        2.8697809548749301E-002 -0.20971050374584060        1.4731673596848188E-008   4.5433915980105661     
   4.9844236760096994       0.11133603306428612        2.8622352700225805E-002 -0.20712800742213933        1.4186069646847807E-008   4.5682336224032163     
   5.1090342679099416       0.10994629377848816        2.8547276654488269E-002 -0.20457024072385166        1.3772977631924104E-008   4.5736206305874187     
   5.2336448598101839       0.10858096918280946        2.8469777140600967E-002 -0.20204842866867381        1.3468465464394771E-008   4.5706743338314189     
   5.3582554517104271       0.10724557568125496        2.8401496470783005E-002 -0.19956860471237664        1.3061874155841952E-008   4.5880107883480488     
   5.4828660436106693       0.10594538776140985        2.8350891755896918E-002 -0.19714694514305670        1.2959441974757152E-008   4.6363603381618512     
   5.6074766355109116       0.10467161037084036        2.8306763146333312E-002 -0.19477917814799234        1.2910411754763082E-008   4.6293280048629599     
   5.7320872274111547       0.10340678868239248        2.8278336117869479E-002 -0.19242999155615292        1.2937742174865254E-008   4.6340750346214534     
   5.8566978193113970       0.10215831789320975        2.8259101059143182E-002 -0.19010954125589319        1.3017579620700356E-008   4.6482085779548603     
   5.9813084112116393       0.10093565772742677        2.8233387156211282E-002 -0.18783914958780132        1.3018217890730375E-008   4.6490673806794396     
   6.1059190031118815        9.9735324119361077E-002   2.8203715181775134E-002 -0.18562049035958406        1.2706771883152607E-008   4.6477411500236139     
   6.2305295950121238        9.8558984652746623E-002   2.8178531765622069E-002 -0.18345097394847301        1.2083106324801962E-008   4.6489680675964573     
   6.3551401869123669        9.7403020089466039E-002   2.8160847805968107E-002 -0.18131348353048474        1.1510961779320601E-008   4.6560367504840832     
   6.4797507788126092        9.6261039161337991E-002   2.8142597912467048E-002 -0.17920246261059941        1.1127143504701290E-008   4.6590763686379777     
   6.6043613707128515        9.5143001980911954E-002   2.8113376254331104E-002 -0.17713885496540011        1.0902961342106171E-008   4.6514028726163072     
   6.7289719626130946        9.4061363462351277E-002   2.8078063154976615E-002 -0.17514629933411041        1.0548107003645443E-008   4.6461006349726013     
   6.8535825545133369        9.3019217586572875E-002   2.8049810454528978E-002 -0.17322049870345213        1.0076777068700096E-008   4.6382081726866140     
   6.9781931464135791        9.2007190193687333E-002   2.8035590759803518E-002 -0.17133500101639998        9.9188528433578385E-009   4.6426528864343171     
   7.1028037383138214        9.1011136636694176E-002   2.8025399130919434E-002 -0.16948239449974026        9.9033580362498927E-009   4.6483727739616949     
   7.2274143302140637        9.0026787714677592E-002   2.8017666387846855E-002 -0.16766447698872150        9.8218337664908689E-009   4.6586529168788307     
   7.3520249221143068        8.9054951497655896E-002   2.8007919128529731E-002 -0.16587134828026634        9.7436000037774602E-009   4.6631148808727545     
   7.4766355140145491        8.8099956591003198E-002   2.7988769039183247E-002 -0.16410145991532393        9.4098935059728184E-009   4.6739877958693166     
   7.6012461059147913        8.7183403078643931E-002   2.7979474057635165E-002 -0.16239375461577238        8.9768252631821583E-009   4.6807765243338224     
   7.7258566978150345        8.6315365966632460E-002   2.7976742532124149E-002 -0.16077101531700419        8.7252040521120883E-009   4.6990086750094546     
   7.8504672897152767        8.5481609408491158E-002   2.7971062358290052E-002 -0.15920756867149929        8.7559012202679143E-009   4.7104960100635864     
   7.9750778816155190        8.4668442629760976E-002   2.7958976383353012E-002 -0.15769053978224801        9.2463639348341165E-009   4.6983579382801537     
   8.0996884735157622        8.3876026390477906E-002   2.7941706511595721E-002 -0.15622135445709806        9.7688829198980401E-009   4.6772736502463497     
   8.2242990654160035        8.3110937181185160E-002   2.7925238067874579E-002 -0.15478599763616874        1.0379648421277720E-008   4.6679457780830864     
   8.3489096573162467        8.2369654011797230E-002   2.7917873180386639E-002 -0.15338458748693726        1.0738323144845068E-008   4.6633633192164616     
   8.4735202492164881        8.1654719975312803E-002   2.7917510846787064E-002 -0.15203629220288367        1.1100105670893221E-008   4.6670709110693931     
   8.5981308411167312        8.0979877924117288E-002   2.7919383648476001E-002 -0.15075190597477578        1.1101305266831577E-008   4.6774862177245913     
   8.7227414330169744        8.0348218747151437E-002   2.7929698625533565E-002 -0.14953859937148531        1.0969593763105493E-008   4.6814296171770593     
   8.8473520249172157        7.9737081851890587E-002   2.7938922814332575E-002 -0.14836495107094821        1.1190881918253176E-008   4.7022167822882430     
   8.9719626168174589        7.9125971613452015E-002   2.7935367494089126E-002 -0.14719835045298488        1.1408928059982737E-008   4.7123673508065602     
   9.0965732087177020        7.8514897755943933E-002   2.7919683001911416E-002 -0.14604111336287257        1.1322280410543688E-008   4.7154852361327846     
   9.2211838006179434        7.7923374551522817E-002   2.7907674990444047E-002 -0.14492354498200649        1.1054775404646882E-008   4.7176558671532698     
   9.3457943925181866        7.7363629951495427E-002   2.7902937231043760E-002 -0.14385745478400538        1.0940819187641949E-008   4.7318058017140183     
   9.4704049844184297        7.6827601235754883E-002   2.7895422027486416E-002 -0.14282913700239713        1.0848395431051458E-008   4.7437548771509537     
   9.5950155763186711        7.6302839278933887E-002   2.7879170998943756E-002 -0.14183001239093823        1.0723067093647715E-008   4.7413553052373594     
   9.7196261682189142        7.5785806180247273E-002   2.7850866527123468E-002 -0.14085316140075099        1.0597074196432818E-008   4.7348604865183077     
   9.8442367601191556        7.5289658913611057E-002   2.7818061206334167E-002 -0.13991747733847681        1.0565552060474013E-008   4.7220640104608682     
   9.9688473520193988        7.4821607028464729E-002   2.7783565094861941E-002 -0.13902972578010975        1.0716879015137326E-008   4.7022419561893569     
   10.093457943919642        7.4372136915098516E-002   2.7746652409599004E-002 -0.13817601414122072        1.0792329438946339E-008   4.6837711516606646     
   10.218068535819883        7.3931470842455077E-002   2.7715729058650645E-002 -0.13735493038780486        1.0919349616723321E-008   4.6859810470421142     
   10.342679127720126        7.3503234072172061E-002   2.7692802175474922E-002 -0.13656755612637442        1.1002861463655679E-008   4.7039548072468325     
   10.467289719620368        7.3088617928480176E-002   2.7668120927154965E-002 -0.13580070769630465        1.0991781855419996E-008   4.7072317429157220     
   10.591900311520611        7.2682569673172936E-002   2.7631703426256222E-002 -0.13504891953841300        1.1078741218010779E-008   4.6753350520853427     
   10.716510903420854        7.2281811741489413E-002   2.7593679871626003E-002 -0.13430815975919833        1.1222187553898700E-008   4.6427872460126087     
   10.841121495321095        7.1886750041282324E-002   2.7569492336443829E-002 -0.13358282059999085        1.1574713207130843E-008   4.6249579397935774     
   10.965732087221339        7.1502484550500872E-002   2.7545393573101196E-002 -0.13288860130647270        1.1961278532512383E-008   4.6394658074040027     
   11.090342679121582        7.1125802701621124E-002   2.7517233212199399E-002 -0.13222114961524573        1.1869971750794530E-008   4.6686591212876563     
   11.214953271021823        7.0753765144024802E-002   2.7489534660220954E-002 -0.13157060515479238        1.1463677200829426E-008   4.6765402935180100     
   11.339563862922066        7.0405383734158694E-002   2.7459606889240068E-002 -0.13095181538661349        1.0994191560886994E-008   4.6739791309160248     
   11.464174454822309        7.0073515219168228E-002   2.7433143295013573E-002 -0.13035393922521599        1.0430537037122857E-008   4.6806349236854432     
   11.588785046722551        6.9743297880773686E-002   2.7398563713192010E-002 -0.12975445176294828        1.0405634295851615E-008   4.6396514677259590     
   11.713395638622794        6.9426976132831150E-002   2.7361947080206180E-002 -0.12917456093272559        1.0197773506933789E-008   4.6303218634701251     
   11.838006230523035        6.9125645234936667E-002   2.7326655295685776E-002 -0.12862285723104419        1.0160447605702279E-008   4.6308348502112029     
   11.962616822423279        6.8836857086527245E-002   2.7292598804766990E-002 -0.12810209848369480        1.0144831396522941E-008   4.6096000585960732     
   12.087227414323522        6.8560566569827494E-002   2.7265060535885385E-002 -0.12761120104657026        1.0143243539499835E-008   4.6119614651748275     
   12.211838006223763        6.8288202555829472E-002   2.7251570893274381E-002 -0.12712580788017291        9.9070419986878243E-009   4.6433367258103209     
   12.336448598124006        6.8022212210299596E-002   2.7253112688065888E-002 -0.12664716826150524        9.7686448737721680E-009   4.6773468560591667     
   12.461059190024248        6.7767189039371567E-002   2.7254985711417091E-002 -0.12619060614791738        9.8073500780421718E-009   4.6861583339722603     
   12.585669781924491        6.7522077667570762E-002   2.7238358662256438E-002 -0.12575387075780642        9.9991103681444569E-009   4.6775714322475537     
   12.710280373824734        6.7291609715745160E-002   2.7202318126203134E-002 -0.12533665671070490        1.0008850203764650E-008   4.6590638529122028     
   12.834890965724975        6.7073392757917946E-002   2.7162605276071471E-002 -0.12494248298990347        9.7957070256326246E-009   4.6361436218574950     
   12.959501557625218        6.6850495349573741E-002   2.7131103695959124E-002 -0.12454663564078758        9.5693920624317020E-009   4.6212527095147227     
   13.084112149525462        6.6626031922057391E-002   2.7103627537607148E-002 -0.12414954901472576        9.5492416920421181E-009   4.6068349522681569     
   13.208722741425703        6.6417274578344079E-002   2.7070660697722401E-002 -0.12378044355689140        9.7119040782380399E-009   4.5979320645454225     
   13.333333333325946        6.6215641597662078E-002   2.7037904525033948E-002 -0.12342800769477003        9.8134450244149433E-009   4.5920243718558806     
   13.457943925226189        6.6022710856738845E-002   2.7012021305885810E-002 -0.12308929185928413        9.9064568860180234E-009   4.5940286988077155     
   13.582554517126431        6.5847721820341473E-002   2.6990556231705414E-002 -0.12277371663946103        9.8563598318713943E-009   4.5994035554569521     
   13.707165109026674        6.5677174091565468E-002   2.6969626435865479E-002 -0.12246674922921071        9.8476020517566483E-009   4.6030945323549712     
   13.831775700926915        6.5519838994561749E-002   2.6944651413458833E-002 -0.12218403105457512        1.0049313467185123E-008   4.5921873469198022     
   13.956386292827158        6.5372109955497582E-002   2.6921441902261298E-002 -0.12191384740100727        1.0257556591076820E-008   4.5778578680016020     
   14.080996884727401        6.5212988750316364E-002   2.6898124000776274E-002 -0.12162724406901189        1.0439852396833452E-008   4.5675337508705036     
   14.205607476627643        6.5057860204401324E-002   2.6871193367903137E-002 -0.12135538908803888        1.0625958499348202E-008   4.5810783032092095     
   14.330218068527886        6.4913003328275931E-002   2.6845139311791423E-002 -0.12109881241942221        1.0594801324831326E-008   4.5898889046847282     
   14.454828660428127        6.4766274071125021E-002   2.6823174566455443E-002 -0.12084103727754693        1.0492528673111858E-008   4.5715349253907052     
   14.579439252328370        6.4628023102500071E-002   2.6803293256987073E-002 -0.12060053996051676        1.0589938101352784E-008   4.5574804972692471     
   14.704049844228614        6.4505648500163978E-002   2.6785743013647913E-002 -0.12037506589993169        1.0944109348766352E-008   4.5667600251025000     
   14.828660436128855        6.4390263863685626E-002   2.6767009420686577E-002 -0.12015557996900404        1.1360704784540939E-008   4.5604321159347840     
   14.953271028029098        6.4277016152751110E-002   2.6756301295646705E-002 -0.11994631754666735        1.1830045168762100E-008   4.5487763447970018     
   15.077881619929341        6.4165221764329594E-002   2.6758993226266545E-002 -0.11974162049835188        1.2201060095722651E-008   4.5560793097828052     
   15.202492211829583        6.4051911890106020E-002   2.6764341762186342E-002 -0.11953159925458004        1.2475490958761946E-008   4.5704975772853587     
   15.327102803729826        6.3938468196991088E-002   2.6764756656962110E-002 -0.11932454454043055        1.2786083719175474E-008   4.5945590361881186     
   15.451713395630069        6.3829762357513517E-002   2.6752917087572860E-002 -0.11913771782988147        1.2812198666086685E-008   4.6151371110601431     
   15.576323987530310        6.3728782718493165E-002   2.6727827234602181E-002 -0.11897484187346477        1.2504220385359439E-008   4.5998387531519667     
   15.700934579430553        6.3632595079157861E-002   2.6702752223865058E-002 -0.11881744487956922        1.1896618852600769E-008   4.5818316907075429     
   15.825545171330795        6.3536888539584488E-002   2.6684916577972912E-002 -0.11865014745690633        1.1385577558373457E-008   4.5650369326013598     
   15.950155763231038        6.3440790950140782E-002   2.6665992570539563E-002 -0.11847468726833973        1.1188333180106407E-008   4.5470881099310283     
   16.074766355131281        6.3338302390087045E-002   2.6646528135617888E-002 -0.11829206737253820        1.1016516116398657E-008   4.5434444266299847     
   16.199376947031524        6.3240905362673350E-002   2.6638652796992037E-002 -0.11811705323004407        1.0815795129139551E-008   4.5541726565208602     
   16.323987538931764        6.3164978129538765E-002   2.6640301164583435E-002 -0.11797473746847568        1.0667369784902251E-008   4.5657243507674616     
   16.448598130832007        6.3087421521857590E-002   2.6644037887311778E-002 -0.11783911649333531        1.0542972685477605E-008   4.5892147872291229     
   16.573208722732250        6.3001870764994666E-002   2.6644673002062975E-002 -0.11769231361697141        1.0498114531491604E-008   4.6086374508612344     
   16.697819314632493        6.2928787975780512E-002   2.6629774552956571E-002 -0.11756017089874719        1.0625279578349119E-008   4.5891758714206752     
   16.822429906532737        6.2867208202537966E-002   2.6612964837297172E-002 -0.11744307049953315        1.0544248509024777E-008   4.5723768527857489     
   16.947040498432976        6.2803044130950142E-002   2.6611588802046539E-002 -0.11731950645438155        1.0194085039304460E-008   4.5830492488953718     
   17.071651090333219        6.2733666515486231E-002   2.6618847441996874E-002 -0.11718609540420047        9.9207101853332509E-009   4.5981654565466785     
   17.196261682233462        6.2666536707000800E-002   2.6621148918348214E-002 -0.11706033122816539        9.7062303894314243E-009   4.5898291929543502     
   17.320872274133706        6.2607210857809889E-002   2.6618866303894911E-002 -0.11695368317899474        9.4655204749686374E-009   4.5776677010156739     
   17.445482866033949        6.2551040605192509E-002   2.6618733015205894E-002 -0.11685128057897698        9.3476019281557218E-009   4.5773840132017352     
   17.570093457934192        6.2485302503908831E-002   2.6623570061030385E-002 -0.11673715349677721        9.3510512130589818E-009   4.5913306623745127     
   17.694704049834431        6.2415349998118839E-002   2.6635524681255178E-002 -0.11660782811964326        9.5785470925696819E-009   4.5888517084633573     
   17.819314641734675        6.2353673127351482E-002   2.6645333099834554E-002 -0.11648666235752758        9.8872854328859593E-009   4.5826289093916648     
   17.943925233634918        6.2296337715419731E-002   2.6648199550626969E-002 -0.11638241721963336        9.8856017888085660E-009   4.5815275765634667     
   18.068535825535161        6.2239333675395636E-002   2.6654857663640119E-002 -0.11627764438704094        9.8182633886607668E-009   4.5842410332811969     
   18.193146417435404        6.2183160254676795E-002   2.6665106649734906E-002 -0.11617462596657030        9.7866677290124089E-009   4.5922751667470232     
   18.317757009335644        6.2122462020495151E-002   2.6671216575585688E-002 -0.11607142398770942        9.6320070478003642E-009   4.5922521904307612     
   18.442367601235887        6.2058518062745149E-002   2.6665736010581378E-002 -0.11596132317060585        9.6402062947332172E-009   4.5817128363376289     
   18.566978193136130        6.1988300618619277E-002   2.6653517171203029E-002 -0.11583664351520191        9.7254225890466895E-009   4.5784342694346103     
   18.691588785036373        6.1919149002163977E-002   2.6642054775203792E-002 -0.11571232076011645        9.6680745671855366E-009   4.5892638103144785     
   18.816199376936616        6.1857850614065880E-002   2.6635394335460371E-002 -0.11559427209609024        9.5774249755714938E-009   4.5943008608514573     
   18.940809968836859        6.1787791299604003E-002   2.6633876114103262E-002 -0.11545894944495645        9.5984712935098886E-009   4.5914829750355981     
   19.065420560737099        6.1716275472789961E-002   2.6628448310347337E-002 -0.11531503507906476        9.6576585895891973E-009   4.5863635293413489     
   19.190031152637342        6.1662162116119898E-002   2.6620349024430268E-002 -0.11518678953089855        9.9530142903869961E-009   4.5763177528560508     
   19.314641744537585        6.1612344921468290E-002   2.6613496872129692E-002 -0.11506081735832953        1.0268859635693249E-008   4.5743363768229939     
   19.439252336437828        6.1555058338519007E-002   2.6609255554911775E-002 -0.11493106704294810        1.0490069493173327E-008   4.5794980124856881     
   19.563862928338072        6.1498744478939750E-002   2.6606022881308755E-002 -0.11481341975394664        1.0683561489532483E-008   4.5974671179470601     
   19.688473520238311        6.1442224808825108E-002   2.6605985150419575E-002 -0.11469748772576438        1.0627404065615354E-008   4.6055353526547362     
   19.813084112138554        6.1370591667514629E-002   2.6608248121312961E-002 -0.11456024774354520        1.0591208433895359E-008   4.6020517637123000     
   19.937694704038798        6.1290630740049562E-002   2.6608446361585159E-002 -0.11441004014984574        1.0811087341570173E-008   4.5981252350294950     
   20.062305295939041        6.1208574161777614E-002   2.6606172584573370E-002 -0.11425312467610735        1.1170309797035540E-008   4.5747308721272235     
   20.186915887839284        6.1126180388615357E-002   2.6604001351241514E-002 -0.11409665704049995        1.1420793121463876E-008   4.5515919749258220     
   20.311526479739523        6.1042725421735701E-002   2.6606411230635490E-002 -0.11394150806194842        1.1486881391026211E-008   4.5296877459471743     
   20.436137071639767        6.0951248442958433E-002   2.6609762773758230E-002 -0.11378415625908062        1.1642179902952572E-008   4.5200728461053661     
   20.560747663540010        6.0863599913231467E-002   2.6612424334199324E-002 -0.11364354179901096        1.1585960174680348E-008   4.5280776119082047     
   20.685358255440253        6.0785379651933827E-002   2.6617011376340208E-002 -0.11351921350237301        1.1328125482648964E-008   4.5385825347036306     
   20.809968847340496        6.0717686320415486E-002   2.6624184596419388E-002 -0.11341020602272375        1.1073799931177165E-008   4.5457850767063857     
   20.934579439240736        6.0652862680391037E-002   2.6627807889474518E-002 -0.11331091570532759        1.0859742676685473E-008   4.5364596048410526     
   21.059190031140979        6.0573994206850230E-002   2.6625925861081066E-002 -0.11319323634043878        1.0631308767900189E-008   4.5138105293988122     
   21.183800623041222        6.0494745083687629E-002   2.6622568451328144E-002 -0.11306217939915952        1.0510132850008035E-008   4.4930400690991972     
   21.308411214941465        6.0433421617066559E-002   2.6630979237187304E-002 -0.11293904658164020        1.0591053108234729E-008   4.4924323967304707     
   21.433021806841708        6.0373587042079783E-002   2.6658552089009548E-002 -0.11281724786373276        1.0639559513543620E-008   4.5125055736934341     
   21.557632398741951        6.0299186459807599E-002   2.6697535791120601E-002 -0.11268571716327386        1.0763881738106871E-008   4.5492083766736275     
   21.682242990642191        6.0223725228326669E-002   2.6731890404130258E-002 -0.11256349594736303        1.0977320517853356E-008   4.5946375761393874     
   21.806853582542434        6.0158365146924138E-002   2.6754265475589154E-002 -0.11246318272725540        1.1003617178152333E-008   4.6005496815186069     
   21.931464174442677        6.0099470808177895E-002   2.6767822841395714E-002 -0.11236539302953949        1.1098276702517714E-008   4.5797264626345049     
   22.056074766342920        6.0047292813317263E-002   2.6769549305233436E-002 -0.11226038384374062        1.1309213811931290E-008   4.5517695832381175     
   22.180685358243164        6.0005918575343348E-002   2.6768383986220202E-002 -0.11216547605681879        1.1362251174441668E-008   4.5269934504046532     
   22.305295950143403        5.9970991140513942E-002   2.6785796092418983E-002 -0.11208416065706059        1.1200028461638422E-008   4.5208694992339176     
   22.429906542043646        5.9944437194289144E-002   2.6824281429637570E-002 -0.11201651778132449        1.1320943678098330E-008   4.5324024657461131     
   22.554517133943889        5.9925397208644600E-002   2.6860898229028818E-002 -0.11196664892475064        1.1632085068455788E-008   4.5592303557389453     
   22.679127725844133        5.9897525857990276E-002   2.6893191923085605E-002 -0.11190929837915811        1.1805571483595545E-008   4.5755947319832853     
   22.803738317744376        5.9852024981636477E-002   2.6928494288923757E-002 -0.11181848507876099        1.2122465320563682E-008   4.5850803971814678     
   22.928348909644619        5.9803651367614313E-002   2.6954985044136265E-002 -0.11172089221919650        1.2343918078605015E-008   4.6010662206824957     
   23.052959501544859        5.9762030991291570E-002   2.6977108299226286E-002 -0.11163946291074597        1.2475865732413624E-008   4.6123226434164426     
   23.177570093445102        5.9719025495462548E-002   2.7000766241496679E-002 -0.11155253503384403        1.2589577082361571E-008   4.6149646509167770     
   23.302180685345345        5.9681617315547685E-002   2.7025095915926074E-002 -0.11147559793798215        1.2518891385778168E-008   4.6232749974877700     
   23.426791277245588        5.9649729459690153E-002   2.7050365542326218E-002 -0.11141648580163763        1.2312789776887776E-008   4.6420461134343478     
   23.551401869145831        5.9604934063233521E-002   2.7065050901627433E-002 -0.11133847914694028        1.2031420669211215E-008   4.6523385253204506     
   23.676012461046071        5.9557035288577267E-002   2.7069336870739657E-002 -0.11125061411718803        1.1773307617793003E-008   4.6243266351245458     
   23.800623052946314        5.9515927855158607E-002   2.7078700770653968E-002 -0.11116966373310640        1.1449786080524767E-008   4.6110133364737225     
   23.925233644846557        5.9476214047846025E-002   2.7098591151893600E-002 -0.11108497262874054        1.1308213257502666E-008   4.6323200697336704     
   24.049844236746800        5.9446391293961169E-002   2.7120181746974521E-002 -0.11101009260217987        1.1415160470786992E-008   4.6532794561226414     
   24.174454828647043        5.9433513281859821E-002   2.7143398758825849E-002 -0.11096608705026882        1.1633269399032135E-008   4.6656891084758891     
   24.299065420547283        5.9439798673158545E-002   2.7179039833114021E-002 -0.11095572645718424        1.1822908611006407E-008   4.6681643101455483     
   24.423676012447526        5.9445552539073812E-002   2.7225051725558055E-002 -0.11094931590082083        1.2238454905959584E-008   4.6829653044452888     
   24.548286604347769        5.9434314681647414E-002   2.7267310708994956E-002 -0.11092213434269924        1.2651094042926350E-008   4.6875427144109993     
   24.672897196248012        5.9422366499696254E-002   2.7298945721441360E-002 -0.11089705726650688        1.2834518245371610E-008   4.6793513198481218     
   24.797507788148256        5.9410298673340467E-002   2.7324043170539183E-002 -0.11087818449801171        1.2718391057731325E-008   4.6808773736833800     
   24.922118380048495        5.9383086925367534E-002   2.7351316688568838E-002 -0.11084185626344659        1.2412247402424025E-008   4.6731657960617090     
   25.046728971948738        5.9351470290302077E-002   2.7376675179437478E-002 -0.11080169115754865        1.2277052332130084E-008   4.6671758669106378     
   25.171339563848981        5.9326398504152923E-002   2.7399202585597932E-002 -0.11076982011182551        1.2336880135254148E-008   4.6737835477676395     
   25.295950155749225        5.9295941315244682E-002   2.7425069631159236E-002 -0.11072076087652996        1.2418096225141212E-008   4.6842314292286504     
   25.420560747649468        5.9269207782201253E-002   2.7460597261809414E-002 -0.11066622419819423        1.2738260875069126E-008   4.7023079111775843     
   25.545171339549711        5.9261689359479459E-002   2.7499784080020372E-002 -0.11064069284290273        1.3033505579714491E-008   4.7284709327637939     
   25.669781931449950        5.9252776487493330E-002   2.7533380125023477E-002 -0.11061770114194207        1.3100498705693145E-008   4.7532227002996175     
   25.794392523350194        5.9222732082153895E-002   2.7569743713497061E-002 -0.11056071010619478        1.2913718520786549E-008   4.7627625234494912     
   25.919003115250437        5.9185944145125485E-002   2.7613049472151836E-002 -0.11049439288197384        1.2766568113817060E-008   4.7709157656784678     
   26.043613707150680        5.9160849689430570E-002   2.7646489701255741E-002 -0.11045615718305772        1.2809076594499587E-008   4.7861249568164377     
   26.168224299050923        5.9145097057549806E-002   2.7667065644888012E-002 -0.11043262185729560        1.2526329622440844E-008   4.7942065489893313     
   26.292834890951163        5.9139150949199325E-002   2.7683379793508992E-002 -0.11041513426365410        1.2258387292307795E-008   4.7676895922085194     
   26.417445482851406        5.9143446068957127E-002   2.7700174755521507E-002 -0.11040485942906401        1.2223755187928702E-008   4.7381261847002882     
   26.542056074751649        5.9151695425643989E-002   2.7725485746459961E-002 -0.11039355171395229        1.2464250236153947E-008   4.7230459597309604     
   26.666666666651892        5.9155472799269665E-002   2.7755862177018170E-002 -0.11037726595478074        1.2811460565080012E-008   4.7440399294575597     
   26.791277258552135        5.9148561836065275E-002   2.7784225215162474E-002 -0.11035658458654971        1.2968964329386968E-008   4.7635517912423024     
   26.915887850452378        5.9135359263793402E-002   2.7810562378903864E-002 -0.11033834663039105        1.3018307127715487E-008   4.7650428322725222     
   27.040498442352618        5.9129086019634534E-002   2.7835810701665919E-002 -0.11032932366192874        1.3054475593825687E-008   4.7415653181687629     
   27.165109034252861        5.9132904544207818E-002   2.7862717825499671E-002 -0.11032853380924237        1.3046916451927579E-008   4.7181699666520789     
   27.289719626153104        5.9121609120477758E-002   2.7888996705938779E-002 -0.11031264307706093        1.3261426167016994E-008   4.7378892092921534     
   27.414330218053347        5.9089576269129529E-002   2.7916813978061363E-002 -0.11027769076314445        1.3240078236307432E-008   4.7729212608869895     
   27.538940809953591        5.9049326818105985E-002   2.7944939592345973E-002 -0.11022507665831521        1.3059726491455065E-008   4.8024368389525929     
   27.663551401853830        5.9016290901765876E-002   2.7958168048032691E-002 -0.11016612983549154        1.2941417510249827E-008   4.7976608022932385     
   27.788161993754073        5.8995435889416394E-002   2.7959155325214449E-002 -0.11012117071338394        1.2966060062575005E-008   4.7830967832967781     
   27.912772585654317        5.8975758188681705E-002   2.7964170309916006E-002 -0.11008330398043685        1.3200859527861706E-008   4.7787905990584063     
   28.037383177554560        5.8940158858330233E-002   2.7966721415877169E-002 -0.11001292972763965        1.3323225494137019E-008   4.7791574113980406     
   28.161993769454803        5.8879870327632679E-002   2.7975500218124606E-002 -0.10989219753933586        1.3165584561793522E-008   4.7609978206127765     
   28.286604361355042        5.8816576279854392E-002   2.7985922101410363E-002 -0.10976082519631675        1.3090142607314210E-008   4.7616846220498958     
   28.411214953255286        5.8760867303003894E-002   2.7990910237018843E-002 -0.10964439517399636        1.3153822732081541E-008   4.7742517136607079     
   28.535825545155529        5.8702010487462312E-002   2.7994593963345606E-002 -0.10952649676210807        1.2822313987873463E-008   4.7721675442701503     
   28.660436137055772        5.8640576434314785E-002   2.8002283406034879E-002 -0.10941115470008224        1.2601968714288628E-008   4.7499435577524221     
   28.785046728956015        5.8580592525853528E-002   2.8018778065100638E-002 -0.10930384072322136        1.2517106996670669E-008   4.7436998116662972     
   28.909657320856255        5.8525939449180650E-002   2.8051284741603722E-002 -0.10920689672542905        1.2323953824702510E-008   4.7636097331575060     
   29.034267912756498        5.8465087380500672E-002   2.8087104772323682E-002 -0.10909382855904891        1.2039796912191458E-008   4.7796147677917871     
   29.158878504656741        5.8388324144174324E-002   2.8114065215991406E-002 -0.10895223399586956        1.1926419233811869E-008   4.7683177393411329     
   29.283489096556984        5.8307831683365646E-002   2.8127405802551249E-002 -0.10882196931499466        1.1916013125262984E-008   4.7677769813211031     
   29.408099688457227        5.8238211573621482E-002   2.8132676198816993E-002 -0.10872610916260159        1.1947518477956503E-008   4.7645092765893633     
   29.532710280357470        5.8170442113633508E-002   2.8129844789031778E-002 -0.10863557622566376        1.1955026795531501E-008   4.7482576470965308     
   29.657320872257710        5.8098028194232106E-002   2.8128526948172153E-002 -0.10851902771246003        1.2008517422089268E-008   4.7240396564041820     
   29.781931464157953        5.8039867241064969E-002   2.8140267836070303E-002 -0.10841236354146187        1.1772442096669228E-008   4.7142791445061851     
   29.906542056058196        5.7994213475701738E-002   2.8164100203262467E-002 -0.10832999369539340        1.1416702444073523E-008   4.7191915293388869     
   30.031152647958439        5.7948626774527889E-002   2.8193238164905814E-002 -0.10825603752938703        1.1285525835067176E-008   4.7309347685252776     
   30.155763239858683        5.7894550706465903E-002   2.8214905062772248E-002 -0.10817432902319599        1.1376800175480174E-008   4.7275179499237394     
   30.280373831758922        5.7839070424588052E-002   2.8219542479672840E-002 -0.10808807659630111        1.1369037568289781E-008   4.7007081814377027     
   30.404984423659165        5.7791563419387654E-002   2.8231226165742251E-002 -0.10801474100627148        1.1211875509716316E-008   4.6992444248110461     
   30.529595015559408        5.7745328202436691E-002   2.8258514991546191E-002 -0.10794427668795663        1.0975179784734288E-008   4.7225346356936919     
   30.654205607459652        5.7698252768784528E-002   2.8282974136985262E-002 -0.10786287446960897        1.0719879061172450E-008   4.7303272963576584     
   30.778816199359895        5.7650965181621626E-002   2.8292473089213521E-002 -0.10778140689232646        1.0609352274004925E-008   4.7277894469722215     
   30.903426791260138        5.7608347772194111E-002   2.8293303792064985E-002 -0.10771650522605913        1.0653693703950268E-008   4.7290998718707797     
   31.028037383160378        5.7582542554948477E-002   2.8309639803506620E-002 -0.10767766885078683        1.0795580117020094E-008   4.7385178367174223     
   31.152647975060621        5.7570488526890236E-002   2.8339682760193510E-002 -0.10765280065579544        1.1183986397210175E-008   4.7450286837163391     
   31.277258566960864        5.7554564841167152E-002   2.8360999274147300E-002 -0.10761735028397475        1.1620892682256717E-008   4.7266953345816702     
   31.401869158861107        5.7533433312463363E-002   2.8381236224580112E-002 -0.10757054316050464        1.1818788163099061E-008   4.7101997063382566     
   31.526479750761350        5.7509348841466676E-002   2.8412947655711143E-002 -0.10751830281810290        1.2130976454978307E-008   4.7170362864033963     
   31.651090342661590        5.7479657287716084E-002   2.8445539406240995E-002 -0.10745959227637528        1.2706547481803870E-008   4.7302730019387758     
   31.775700934561833        5.7443173144228969E-002   2.8479707842087993E-002 -0.10739500209376571        1.2957941548765965E-008   4.7371463861837126     
   31.900311526462076        5.7399627850731286E-002   2.8524758723266749E-002 -0.10732390663451112        1.2756639181407634E-008   4.7511714588089395     
   32.024922118362319        5.7347353687775784E-002   2.8568320638960632E-002 -0.10724019823489025        1.2498919554229186E-008   4.7784658752813494     
   32.149532710262562        5.7272812368219170E-002   2.8596447050298929E-002 -0.10712604707017542        1.2247732090958764E-008   4.8043586319627147     
   32.274143302162805        5.7187301698044861E-002   2.8600196408466550E-002 -0.10699738425917962        1.2053552103764814E-008   4.8051477620818739     
   32.398753894063049        5.7121039973841638E-002   2.8581591307456120E-002 -0.10688839656682605        1.1791792397058206E-008   4.7785780801405746     
   32.523364485963292        5.7079635403561590E-002   2.8568831932071111E-002 -0.10681447806414515        1.1577873273790573E-008   4.7441542484575878     
   32.647975077863528        5.7048174016497900E-002   2.8573483535960315E-002 -0.10676029258413806        1.1708361982950981E-008   4.7383729360894424     
   32.772585669763771        5.7007624051355260E-002   2.8574111735339951E-002 -0.10668990685346989        1.1940090537005321E-008   4.7479973782060956     
   32.897196261664014        5.6953090953638479E-002   2.8563997253059741E-002 -0.10659549298756521        1.2141528039182032E-008   4.7472399067558895     
   33.021806853564257        5.6902356159714750E-002   2.8551048256586695E-002 -0.10650101231486939        1.2375092034201211E-008   4.7224428670117016     
   33.146417445464500        5.6857896691164950E-002   2.8541315179856877E-002 -0.10641589778144270        1.2524114743359605E-008   4.7081608960931032     
   33.271028037364744        5.6803733673140892E-002   2.8541663914939557E-002 -0.10632308445779583        1.2738931243465513E-008   4.7155910674292718     
   33.395638629264987        5.6739299936849993E-002   2.8545877505411758E-002 -0.10620916002273781        1.2975374007598427E-008   4.7353916135536718     
   33.520249221165230        5.6667619173690079E-002   2.8548024864562350E-002 -0.10608213896903763        1.3099391785088501E-008   4.7410766234277331     
   33.644859813065473        5.6590753162557475E-002   2.8550689202425050E-002 -0.10595242371153407        1.3196507411640637E-008   4.7359711810730092     
   33.769470404965716        5.6524691525178687E-002   2.8545943187953404E-002 -0.10583450902792324        1.3335421126797396E-008   4.7283912476966838     
   33.894080996865952        5.6458565582521332E-002   2.8538878235420402E-002 -0.10571191116116174        1.3388753911696636E-008   4.7318879147896915     
   34.018691588766195        5.6377410438627609E-002   2.8540935053432252E-002 -0.10557920852630615        1.3345476411389899E-008   4.7425059028915122     
   34.143302180666439        5.6306512757291656E-002   2.8546566424715741E-002 -0.10546689731249212        1.3212298061734969E-008   4.7559173245616613     
   34.267912772566682        5.6247461945638157E-002   2.8550698307426604E-002 -0.10536794439269176        1.2992535710062075E-008   4.7692925793199326     
   34.392523364466925        5.6181558052386858E-002   2.8556681035463587E-002 -0.10526412854168912        1.2843862532289491E-008   4.7706090469418552     
   34.517133956367168        5.6116954797131989E-002   2.8563278723426434E-002 -0.10515623343817213        1.2724140373153538E-008   4.7620631433115355     
   34.641744548267411        5.6067796371802953E-002   2.8568779911312375E-002 -0.10506270441044774        1.2632122097502510E-008   4.7581452996635614     
   34.766355140167654        5.6030762280032551E-002   2.8572978680839883E-002 -0.10498513933004089        1.2761540938904152E-008   4.7572581231507245     
   34.890965732067897        5.6001336149677020E-002   2.8572242345882171E-002 -0.10491313541073302        1.2875001403752925E-008   4.7611624952382492     
   35.015576323968141        5.5974582600756863E-002   2.8572915352515320E-002 -0.10484335201519171        1.2726945822164594E-008   4.7465476006479861     
   35.140186915868384        5.5944726024946927E-002   2.8581835099773089E-002 -0.10477942940483340        1.2572019210873171E-008   4.7453291587291604     
   35.264797507768620        5.5907456843998664E-002   2.8593257983849766E-002 -0.10471575803217398        1.2404920521497531E-008   4.7581738893233370     
   35.389408099668863        5.5866604286550478E-002   2.8600501712291466E-002 -0.10464596738138933        1.2377037413736086E-008   4.7702314215718173     
   35.514018691569106        5.5840227147207350E-002   2.8604109329298983E-002 -0.10459494723542860        1.2364681003892222E-008   4.7781255295818683     
   35.638629283469349        5.5837244588172207E-002   2.8614008944168358E-002 -0.10458412364437364        1.2201175415552805E-008   4.7869167883260584     
   35.763239875369592        5.5836138178640762E-002   2.8632602788728048E-002 -0.10458453371302046        1.1899263671862185E-008   4.8050772660054584     
   35.887850467269836        5.5816158923553634E-002   2.8647168553439007E-002 -0.10456568550307740        1.1861551708324079E-008   4.8215721376403895     
   36.012461059170079        5.5799859910647329E-002   2.8650253488245268E-002 -0.10455172125025718        1.2174450793870570E-008   4.8234987013269377     
   36.137071651070322        5.5798235259827397E-002   2.8645370475165095E-002 -0.10455545195241012        1.2599268394563711E-008   4.8232183961598540     
   36.261682242970565        5.5788212754724169E-002   2.8632636849287782E-002 -0.10454310968191782        1.2917383890480290E-008   4.8369229587518552     
   36.386292834870808        5.5770998911356152E-002   2.8622918838627647E-002 -0.10451983028839895        1.2942091948439775E-008   4.8471853932118991     
   36.510903426771051        5.5763715251491229E-002   2.8607794262957519E-002 -0.10451175175814201        1.2903297759449365E-008   4.8514109033350197     
   36.635514018671287        5.5756057779351186E-002   2.8578592904676677E-002 -0.10449427571903433        1.2945122534754619E-008   4.8377918095220060     
   36.760124610571530        5.5746646266060920E-002   2.8552457545596766E-002 -0.10447040056699244        1.2997275366137326E-008   4.8157909059985036     
   36.884735202471774        5.5751697407284480E-002   2.8536380519012531E-002 -0.10447489147595071        1.3257508623653318E-008   4.8069008764370000     
   37.009345794372017        5.5774243496056738E-002   2.8525604805845407E-002 -0.10451200413374540        1.3725542338028616E-008   4.8226635195635774     
   37.133956386272260        5.5797352757863024E-002   2.8516592477903911E-002 -0.10454293192345782        1.4284768281125797E-008   4.8356351091017657     
   37.258566978172503        5.5805478769800465E-002   2.8503469213926307E-002 -0.10454510948106904        1.4875732644159708E-008   4.8515082719898679     
   37.383177570072746        5.5803537649871532E-002   2.8488158561549168E-002 -0.10454064517286729        1.5264070226873969E-008   4.8384952033641966     
   37.507788161972989        5.5797601773563112E-002   2.8479784415570766E-002 -0.10452994600175218        1.5547700741559794E-008   4.8366062565397741     
   37.632398753873233        5.5788615645415526E-002   2.8480139649442966E-002 -0.10450854593914742        1.5414420577565194E-008   4.8450096294988665     
   37.757009345773476        5.5770672639494721E-002   2.8478872482275559E-002 -0.10448071792645575        1.5040107348582624E-008   4.8499230920520828     
   37.881619937673719        5.5744515064395345E-002   2.8467433971378926E-002 -0.10444334981737827        1.4859472630575291E-008   4.8324499811700843     
   38.006230529573955        5.5716940075805264E-002   2.8436339360557412E-002 -0.10439395210420173        1.5011708620390530E-008   4.8195350190423145     
   38.130841121474198        5.5689768053997404E-002   2.8389718701008450E-002 -0.10434366211431875        1.4785997714904155E-008   4.7901393242619807     
   38.255451713374441        5.5659911014347946E-002   2.8341633012385497E-002 -0.10429548854360252        1.4378461679859765E-008   4.7448142027267215     
   38.380062305274684        5.5632346889561660E-002   2.8303812145471716E-002 -0.10424519040102720        1.4192317992402337E-008   4.7007709218647813     
   38.504672897174927        5.5606885536284997E-002   2.8280822017936559E-002 -0.10419539631391017        1.4230742789080261E-008   4.6947913589370245     
   38.629283489075171        5.5571587745283042E-002   2.8267020520519996E-002 -0.10414220100839558        1.4102774305806197E-008   4.6932191744231906     
   38.753894080975414        5.5525316931506828E-002   2.8253716334345425E-002 -0.10408013945865653        1.3959519904208524E-008   4.7058120586803112     
   38.878504672875657        5.5474243877386246E-002   2.8236505785131875E-002 -0.10401467181725860        1.3671315345575562E-008   4.7141916458547941     
   39.003115264775900        5.5419838523857595E-002   2.8214949827576694E-002 -0.10394554713267198        1.3274680030607511E-008   4.7217194409366474     
   39.127725856676143        5.5372717243316494E-002   2.8193890175980233E-002 -0.10388056373859431        1.2649122376686400E-008   4.7356967885061039     
   39.252336448576379        5.5353052727416696E-002   2.8177644100914584E-002 -0.10385275398623886        1.2176932991573781E-008   4.7443525637285724     
   39.376947040476622        5.5336996467860868E-002   2.8158869999177747E-002 -0.10382712439614071        1.1980344638411471E-008   4.7404295105458703     
   39.501557632376866        5.5305474176146556E-002   2.8137409391735663E-002 -0.10377686757630265        1.1808115029516560E-008   4.7360287849611895     
   39.626168224277109        5.5281763327737266E-002   2.8116667753868802E-002 -0.10373892850627854        1.1738201009101450E-008   4.7314972342367696     
   39.750778816177352        5.5275671108784931E-002   2.8099157899722799E-002 -0.10372783149366922        1.1980837548683079E-008   4.7259435589770327     
   39.875389408077595        5.5279434164234864E-002   2.8082995071522478E-002 -0.10372992370116038        1.2552599335504744E-008   4.7347353986216554     
   39.999999999977838        5.5277968482616888E-002   2.8059937395717504E-002 -0.10371933839158530        1.2951146523265662E-008   4.7289832839048689     
   40.124610591878081        5.5268587298499192E-002   2.8043794407693050E-002 -0.10369591404292272        1.3241038883626365E-008   4.7096472758458026     
   40.249221183778324        5.5256454155881270E-002   2.8042615453446582E-002 -0.10367037964320164        1.3613212573321813E-008   4.7057112957776148     
   40.373831775678568        5.5247331398921622E-002   2.8042935092857501E-002 -0.10365504159755232        1.4204689483311280E-008   4.7028839823380482     
   40.498442367578811        5.5246338667732681E-002   2.8034904190704625E-002 -0.10364962851695747        1.4779360838846996E-008   4.6993475800299516     
   40.623052959479047        5.5244260658382865E-002   2.8029198877386637E-002 -0.10363404106181956        1.5092733892532929E-008   4.7062070777757521     
   40.747663551379290        5.5233804067440447E-002   2.8032594307831348E-002 -0.10361041655818158        1.5096380783053254E-008   4.7260233129504288     
   40.872274143279533        5.5226776181807331E-002   2.8032430740371910E-002 -0.10360126080606762        1.4866259576403516E-008   4.7362149295578320     
   40.996884735179776        5.5228555293360383E-002   2.8022964506708992E-002 -0.10361093624400539        1.4701803505898036E-008   4.7321558146983111     
   41.121495327080019        5.5223352724786443E-002   2.8002543735447295E-002 -0.10361244842988857        1.4722359774967887E-008   4.7233146156381363     
   41.246105918980263        5.5218847673591337E-002   2.7968567660551679E-002 -0.10360969719393767        1.4782325965886821E-008   4.7044755266587641     
   41.370716510880506        5.5231689544659845E-002   2.7927691547813417E-002 -0.10363027121960056        1.4772124099493247E-008   4.6912712290931582     
   41.495327102780749        5.5261162046175219E-002   2.7892846095047250E-002 -0.10368118314346039        1.4877790044320870E-008   4.6792902011213018     
   41.619937694680992        5.5304862882596832E-002   2.7870083011706102E-002 -0.10375022595302973        1.4958962925676505E-008   4.6816358573376124     
   41.744548286581235        5.5350213976213862E-002   2.7854365198845724E-002 -0.10381397972830761        1.5032330929076980E-008   4.6839376145979106     
   41.869158878481471        5.5387899822139375E-002   2.7834741294616473E-002 -0.10386150007038181        1.5235057148317916E-008   4.6959580533119061     
   41.993769470381714        5.5416359696781069E-002   2.7819075043327156E-002 -0.10390138605967161        1.5193665147117724E-008   4.7068735970546074     
   42.118380062281958        5.5443629086616604E-002   2.7814411339510011E-002 -0.10394692104930829        1.5156507102878563E-008   4.6994459633731278     
   42.242990654182201        5.5474032052320064E-002   2.7812407224307563E-002 -0.10399058214687704        1.5321346251223235E-008   4.6853914236347265     
   42.367601246082444        5.5500337402624930E-002   2.7805837705341955E-002 -0.10402810381105110        1.5475187084391654E-008   4.6733017348674162     
   42.492211837982687        5.5520860084673121E-002   2.7798619982850815E-002 -0.10406402716010690        1.5294777118627759E-008   4.6723018667080929     
   42.616822429882930        5.5532032818943956E-002   2.7795129030365795E-002 -0.10408614957553418        1.5086480694931828E-008   4.6830203135042785     
   42.741433021783173        5.5526190398850692E-002   2.7790501155795858E-002 -0.10408015549815333        1.4898203501298507E-008   4.6949489749481774     
   42.866043613683416        5.5511056935181262E-002   2.7784764850843698E-002 -0.10405450552568632        1.4668750749526895E-008   4.6991610283260448     
   42.990654205583660        5.5496046404021296E-002   2.7778134497049880E-002 -0.10403061877527309        1.4584146405096631E-008   4.6903668200269832     
   43.115264797483903        5.5479350633777888E-002   2.7761074238535285E-002 -0.10400785612880944        1.4529201798433386E-008   4.6690509856566873     
   43.239875389384139        5.5463402368111696E-002   2.7735687832775070E-002 -0.10397813389106240        1.4297338278008119E-008   4.6515483276295049     
   43.364485981284382        5.5450130089582585E-002   2.7716521035748995E-002 -0.10394606860610645        1.4136050712724947E-008   4.6446155132042009     
   43.489096573184625        5.5432802536120158E-002   2.7700246693094930E-002 -0.10390414370645805        1.4154838225572973E-008   4.6541000164312063     
   43.613707165084868        5.5409668588074862E-002   2.7684289951056953E-002 -0.10384998746585036        1.4068930311681487E-008   4.6647093578459007     
   43.738317756985111        5.5377634323379978E-002   2.7663737259085330E-002 -0.10378564444094780        1.3932051500066676E-008   4.6680808339385020     
   43.862928348885355        5.5344431684580774E-002   2.7640838367241939E-002 -0.10372546264626567        1.3858814211906028E-008   4.6582364687813538     
   43.987538940785598        5.5315935264553952E-002   2.7621246349903667E-002 -0.10367106394318121        1.3806408297737442E-008   4.6490110632433410     
   44.112149532685841        5.5284221637910455E-002   2.7610211369957286E-002 -0.10360653480577814        1.3933425918293169E-008   4.6513546290842269     
   44.236760124586084        5.5250109161225643E-002   2.7605891273647570E-002 -0.10352929812670944        1.4249742725815368E-008   4.6667063471291916     
   44.361370716486327        5.5217465635718478E-002   2.7601905421856410E-002 -0.10345276795871475        1.4601977305197523E-008   4.6885410578147573     
   44.485981308386570        5.5185727190793191E-002   2.7592192658496197E-002 -0.10338503172380006        1.4757023387922682E-008   4.7028704532923404     
   44.610591900286806        5.5152726199456673E-002   2.7571200564765076E-002 -0.10331783258622837        1.4736363466864366E-008   4.7171478540296032     
   44.735202492187049        5.5124181773918320E-002   2.7547015752321033E-002 -0.10327130642566455        1.4215344524774884E-008   4.7276844561945062     
   44.859813084087293        5.5099206671833420E-002   2.7534369053126354E-002 -0.10324452796368365        1.3580623496225418E-008   4.7285375426880663     
   44.984423675987536        5.5065951220338125E-002   2.7522405264015549E-002 -0.10319669645195187        1.3340943424752578E-008   4.7320786021208212     
   45.109034267887779        5.5025492819026557E-002   2.7502296503410704E-002 -0.10312808325735003        1.3318514789169356E-008   4.7268458708123369     
   45.233644859788022        5.4986629079851253E-002   2.7475809976836192E-002 -0.10306091635860332        1.3351176115875697E-008   4.7129517665356113     
   45.358255451688265        5.4957899087372614E-002   2.7450469444502027E-002 -0.10300781730074664        1.3446186642276839E-008   4.7069540401231951     
   45.482866043588508        5.4940557122604192E-002   2.7433348976165263E-002 -0.10297572603510052        1.3485838592633540E-008   4.7141423119324086     
   45.607476635488752        5.4923414321517053E-002   2.7416135946131480E-002 -0.10295622699064660        1.3532031065152464E-008   4.7379283370890439     
   45.732087227388995        5.4908720732973607E-002   2.7391422833201517E-002 -0.10294742092480336        1.3737573943645398E-008   4.7468550673853089     
   45.856697819289238        5.4897076319082541E-002   2.7357528307722808E-002 -0.10293251036266618        1.4026859813193273E-008   4.7337901840258265     
   45.981308411189474        5.4880590942939213E-002   2.7318515181488541E-002 -0.10289755426469341        1.4189003517203385E-008   4.7124511575548604     
   46.105919003089717        5.4867963990651532E-002   2.7281883867633482E-002 -0.10286685385456379        1.4117536842878349E-008   4.6991513437537451     
   46.230529594989960        5.4860860154586015E-002   2.7256952574265678E-002 -0.10284634438577224        1.3926004617353973E-008   4.6853273595255605     
   46.355140186890203        5.4853312245421740E-002   2.7236442105731458E-002 -0.10282747123699069        1.3770641284010650E-008   4.6827046224163649     
   46.479750778790446        5.4848116213547321E-002   2.7218526448172617E-002 -0.10281410969685978        1.3826062804161016E-008   4.6944058549387213     
   46.604361370690690        5.4847485159535997E-002   2.7199640224143614E-002 -0.10280731951395147        1.3990121411864818E-008   4.7118391067077905     
   46.728971962590933        5.4840001576737213E-002   2.7170134284705796E-002 -0.10278718793950672        1.3967124243402936E-008   4.7208137899780800     
   46.853582554491176        5.4826348792636363E-002   2.7141194201461487E-002 -0.10275633013062649        1.3861513211204050E-008   4.7281865090488386     
   46.978193146391419        5.4812690775803946E-002   2.7121103264777686E-002 -0.10272973520297116        1.3717867852982809E-008   4.7448053000327999     
   47.102803738291662        5.4797267114964673E-002   2.7098428370037373E-002 -0.10270134013062575        1.3736784926558579E-008   4.7352101100949788     
   47.227414330191898        5.4779360135629278E-002   2.7068084923863159E-002 -0.10265895055135421        1.4135286771290572E-008   4.7078951763378871     
   47.352024922092141        5.4759491846229191E-002   2.7028457707824721E-002 -0.10260316099879890        1.4700842739457074E-008   4.6992034907459566     
   47.476635513992385        5.4738409309183451E-002   2.6977586311491379E-002 -0.10254648652424200        1.5025683668173470E-008   4.6944877210935516     
   47.601246105892628        5.4727966166549916E-002   2.6934634850318887E-002 -0.10250919028676807        1.5318677020365755E-008   4.6890419684373725     
   47.725856697792871        5.4726642076417524E-002   2.6904548944212237E-002 -0.10248138905077667        1.5659572046864942E-008   4.6908943590519021     
   47.850467289693114        5.4714361778970988E-002   2.6880327075623607E-002 -0.10242942533611538        1.5800059246840033E-008   4.6857611379113706     
   47.975077881593357        5.4689038260108853E-002   2.6851628653654248E-002 -0.10235262567128757        1.5697355465089786E-008   4.6849249286506804     
   48.099688473493600        5.4653996534670658E-002   2.6821251852740344E-002 -0.10226042334304251        1.5651690503141704E-008   4.6843734241299995     
   48.224299065393843        5.4604419154360914E-002   2.6790738854419738E-002 -0.10214955184496907        1.5651624746472219E-008   4.6831917787384816     
   48.348909657294087        5.4538065799762322E-002   2.6757437365312588E-002 -0.10202275380490378        1.5485705711541500E-008   4.6822966182390306     
   48.473520249194330        5.4465435852690515E-002   2.6725172266672696E-002 -0.10190048748051830        1.5196098204904308E-008   4.6759571421103683     
   48.598130841094566        5.4399083130125890E-002   2.6698260102593893E-002 -0.10179138313086140        1.5109685831863325E-008   4.6709073940457371     
   48.722741432994809        5.4343173007158796E-002   2.6665462356114777E-002 -0.10168547119602002        1.5181279228786628E-008   4.6687607393941093     
   48.847352024895052        5.4294279981007797E-002   2.6626658445559958E-002 -0.10158429802886088        1.5033186633522427E-008   4.6640447407225052     
   48.971962616795295        5.4253303996465913E-002   2.6588639273935458E-002 -0.10149262349227424        1.4729366824988341E-008   4.6601111271779718     
   49.096573208695538        5.4212042088367315E-002   2.6553157018753989E-002 -0.10139962860682655        1.4595013187228318E-008   4.6547070114366509     
   49.221183800595782        5.4161524547811521E-002   2.6520882243050412E-002 -0.10130279651156392        1.4687802858386149E-008   4.6518218277422809     
   49.345794392496025        5.4117757144103558E-002   2.6480749769359050E-002 -0.10122535558360782        1.4826656953861415E-008   4.6444631703781489     
   49.470404984396268        5.4088095300725274E-002   2.6432978992588587E-002 -0.10117166090285724        1.4890335397791510E-008   4.6274691469890250     
   49.595015576296511        5.4061543159933514E-002   2.6394948434089290E-002 -0.10113177498165152        1.4776004997799055E-008   4.6265055393724968     
   49.719626168196754        5.4032405812038269E-002   2.6369919022755650E-002 -0.10109237050089354        1.4650025381348318E-008   4.6471421246337714     
   49.844236760096990        5.3990687258941010E-002   2.6342215899048935E-002 -0.10102609684113188        1.4481739938712084E-008   4.6506019041030600     
   49.968847351997233        5.3940441768807572E-002   2.6311020048988616E-002 -0.10094057239243184        1.4566951039777967E-008   4.6421588634963236     
   50.093457943897477        5.3890315839512946E-002   2.6278474392924380E-002 -0.10086122624225492        1.4849065263274596E-008   4.6390307776788262     
   50.218068535797720        5.3839350361107888E-002   2.6244122818712089E-002 -0.10078413374282311        1.4986389630650199E-008   4.6477327692376740     
   50.342679127697963        5.3788734635631802E-002   2.6214994926638958E-002 -0.10069242217287826        1.5031519546104502E-008   4.6629167922698000     
   50.467289719598206        5.3739780782685598E-002   2.6189029967152208E-002 -0.10059343867849888        1.5154044989564358E-008   4.6813749801706024     
   50.591900311498449        5.3695837106395645E-002   2.6160253965483063E-002 -0.10050847601045571        1.5178950167468810E-008   4.6676250180363557     
   50.716510903398692        5.3655539758227330E-002   2.6136738160444813E-002 -0.10043328669354223        1.5076815107303160E-008   4.6499635203908181     
   50.841121495298935        5.3610301894236254E-002   2.6115861239223308E-002 -0.10034698129887876        1.5195455440351407E-008   4.6473871164775105     
   50.965732087199179        5.3550627636014418E-002   2.6093077508002618E-002 -0.10023740750858159        1.5147134003134045E-008   4.6494878800709243     
   51.090342679099422        5.3484549119295184E-002   2.6071945878133100E-002 -0.10011624158289806        1.4866966212424919E-008   4.6453156464782968     
   51.214953270999658        5.3426074114069286E-002   2.6058495746457359E-002 -0.10000300455447669        1.4606614095522657E-008   4.6366240060039727     
   51.339563862899901        5.3372034274506278E-002   2.6047424388828989E-002  -9.9897880045308557E-002   1.4454124736374637E-008   4.6348595032073510     
   51.464174454800144        5.3315562955577413E-002   2.6027697023991127E-002  -9.9788000589529330E-002   1.4427951525699140E-008   4.6428488829918395     
   51.588785046700387        5.3252964798430238E-002   2.5999097377012843E-002  -9.9666206513592925E-002   1.4425769763506868E-008   4.6452327336822714     
   51.713395638600630        5.3189449757500680E-002   2.5975521470468582E-002  -9.9545115550463970E-002   1.4451813334022277E-008   4.6465389140786444     
   51.838006230500874        5.3139158091287206E-002   2.5957592089671896E-002  -9.9449393921275123E-002   1.4296414169799842E-008   4.6495667189571677     
   51.962616822401117        5.3098983658677282E-002   2.5937965440220270E-002  -9.9376904434295560E-002   1.4087711032700560E-008   4.6368130294163814     
   52.087227414301360        5.3061951592310141E-002   2.5918039931749237E-002  -9.9310577769130909E-002   1.4026842341690953E-008   4.6215990060713397     
   52.211838006201603        5.3030500690964204E-002   2.5903423742911737E-002  -9.9246479171386404E-002   1.4173982249659622E-008   4.6129161753451760     
   52.336448598101846        5.3003590213185910E-002   2.5899187656580214E-002  -9.9183685516611192E-002   1.4465750920290000E-008   4.6290400987795017     
   52.461059190002089        5.2982394411789785E-002   2.5896618835889732E-002  -9.9130743510471214E-002   1.4752274774872349E-008   4.6502855660495941     
   52.585669781902325        5.2957768326821419E-002   2.5890374001593764E-002  -9.9083947750977480E-002   1.5019835312785542E-008   4.6624703293530203     
   52.710280373802568        5.2921735821562246E-002   2.5878796804134574E-002  -9.9032405016335007E-002   1.5278456940943155E-008   4.6707504161563058     
   52.834890965702812        5.2884456175151875E-002   2.5858632447868103E-002  -9.8981589285564026E-002   1.5262722442707656E-008   4.6845086859986669     
   52.959501557603055        5.2848150563227253E-002   2.5828959566228365E-002  -9.8933619561829139E-002   1.5122451323061003E-008   4.7025560837080445     
   53.084112149503298        5.2803244352863939E-002   2.5797328569964043E-002  -9.8873900517562577E-002   1.4937428526297778E-008   4.7044971863786245     
   53.208722741403541        5.2755203236827544E-002   2.5773935773183952E-002  -9.8801455370449376E-002   1.4906711389556848E-008   4.6762375412667776     
   53.333333333303784        5.2714769484571426E-002   2.5759365283481390E-002  -9.8732857045679995E-002   1.4962890887024408E-008   4.6748045151077298     
   53.457943925204027        5.2682941646474940E-002   2.5749653890492115E-002  -9.8681175178365901E-002   1.5374607148692380E-008   4.7265382363039219     
   53.582554517104271        5.2656664130635869E-002   2.5736546599381006E-002  -9.8642119173886489E-002   1.5310692727883422E-008   4.7411158169709013     
   53.707165109004514        5.2627899768881582E-002   2.5725058523270446E-002  -9.8595998305834709E-002   1.5122071405754998E-008   4.7409309898779330     
   53.831775700904757        5.2590670374562686E-002   2.5712563859304604E-002  -9.8538467713246536E-002   1.5223525799423289E-008   4.7507998954185977     
   53.956386292804993        5.2553834448413300E-002   2.5681222483875287E-002  -9.8486170849536842E-002   1.5627769967153676E-008   4.7440189725147164     
   54.080996884705236        5.2527972326700506E-002   2.5639439990343488E-002  -9.8449984756806941E-002   1.5915061426215875E-008   4.7251411222746196     
   54.205607476605479        5.2514129740124017E-002   2.5607992215784664E-002  -9.8427541865914417E-002   1.6221916333451379E-008   4.7210860574895657     
   54.330218068505722        5.2498724006767569E-002   2.5582934790427884E-002  -9.8401038127436641E-002   1.6696675610311597E-008   4.7380685236505711     
   54.454828660405965        5.2474057332112384E-002   2.5558606275873530E-002  -9.8362233824753634E-002   1.7203923872263059E-008   4.7609685978858272     
   54.579439252306209        5.2449992346247150E-002   2.5529858647330980E-002  -9.8323328610513488E-002   1.7879502503043456E-008   4.7724647809415046     
   54.704049844206452        5.2430005542807190E-002   2.5491098857568156E-002  -9.8293596066372668E-002   1.8173004935222965E-008   4.7754023235492511     
   54.828660436106695        5.2413454901843744E-002   2.5453689701827206E-002  -9.8275414459696786E-002   1.7980266161695911E-008   4.7659756643210374     
   54.953271028006938        5.2399969236579767E-002   2.5423523408762239E-002  -9.8265378159529376E-002   1.7530188845276184E-008   4.7720329568013646     
   55.077881619907181        5.2388985701481497E-002   2.5386703911944829E-002  -9.8258607849427665E-002   1.7282968207426758E-008   4.7802277149997581     
   55.202492211807417        5.2390207164898762E-002   2.5334899475134176E-002  -9.8259394392339522E-002   1.7358504965977063E-008   4.7667921230093526     
   55.327102803707660        5.2408732205047312E-002   2.5276012210800437E-002  -9.8283590634029416E-002   1.7558564770974526E-008   4.7397883306771353     
   55.451713395607904        5.2440031669088824E-002   2.5219533916070007E-002  -9.8332036060572947E-002   1.7637165229513236E-008   4.7125887728002498     
   55.576323987508147        5.2472125355809286E-002   2.5176393606618486E-002  -9.8381133357392514E-002   1.7716415027856701E-008   4.7037824112721598     
   55.700934579408390        5.2500894542971570E-002   2.5150606425242257E-002  -9.8425004298630409E-002   1.7898324409494869E-008   4.7082304040887868     
   55.825545171308633        5.2519312854139646E-002   2.5135211572068574E-002  -9.8457009631920431E-002   1.8267044144074800E-008   4.7205442066070376     
   55.950155763208876        5.2516228670661400E-002   2.5118302271707256E-002  -9.8465524151547065E-002   1.8503753855562257E-008   4.7370255704440094     
   56.074766355109119        5.2491391979721497E-002   2.5098282246779249E-002  -9.8436704521907836E-002   1.8346475972948925E-008   4.7484313663659403     
   56.199376947009362        5.2450662902807428E-002   2.5077587112681453E-002  -9.8378749331151677E-002   1.7892846629088138E-008   4.7545086219026693     
   56.323987538909606        5.2404646988336218E-002   2.5049486181147905E-002  -9.8326049755609324E-002   1.7659427365853167E-008   4.7485315652125228     
   56.448598130809849        5.2361742838342412E-002   2.5012501685261541E-002  -9.8288955964679098E-002   1.7729224970840830E-008   4.7274665362151165     
   56.573208722710085        5.2317724053582565E-002   2.4967678096315258E-002  -9.8247568833982266E-002   1.7843409740854788E-008   4.6974083722496207     
   56.697819314610328        5.2269782991417268E-002   2.4924269754330854E-002  -9.8192286802821743E-002   1.7448341786867113E-008   4.6858592796124059     
   56.822429906510571        5.2218819932932266E-002   2.4893388820392694E-002  -9.8131873634183547E-002   1.6784907577768646E-008   4.6943564710509191     
   56.947040498410814        5.2158710963352208E-002   2.4868035517166855E-002  -9.8054914943158877E-002   1.6266083366411502E-008   4.6887962154963096     
   57.071651090311057        5.2088295443594460E-002   2.4842565401995781E-002  -9.7960262245908397E-002   1.5933323348276090E-008   4.6846873583666593     
   57.196261682211301        5.2022640682497734E-002   2.4816085552414945E-002  -9.7870573525774385E-002   1.5678214985359236E-008   4.6808059472656032     
   57.320872274111544        5.1964465493950757E-002   2.4791579827047605E-002  -9.7784136008809169E-002   1.5576141153274042E-008   4.6828954610157894     
   57.445482866011787        5.1902024276624006E-002   2.4774271601952374E-002  -9.7692557607322775E-002   1.5377619652961924E-008   4.6943998743371660     
   57.570093457912030        5.1841763751431826E-002   2.4765180197573556E-002  -9.7605414303604560E-002   1.5178986998620407E-008   4.7135058548242537     
   57.694704049812273        5.1792373720162370E-002   2.4762421992637153E-002  -9.7535632650756113E-002   1.4990233540928791E-008   4.7279281346447792     
   57.819314641712509        5.1740800720336086E-002   2.4770091497292313E-002  -9.7469056426758210E-002   1.5359547908688199E-008   4.7251636980133833     
   57.943925233612752        5.1688044915023941E-002   2.4778044493691361E-002  -9.7398973624293533E-002   1.6039568248705676E-008   4.7076994468003317     
   58.068535825512996        5.1638120981009353E-002   2.4779510445890586E-002  -9.7331380233079620E-002   1.6734767166164457E-008   4.7071889660539235     
   58.193146417413239        5.1592726788150009E-002   2.4779977363678221E-002  -9.7275994534044022E-002   1.7347800348067494E-008   4.7405602633252304     
   58.317757009313482        5.1551779602386147E-002   2.4786090152538888E-002  -9.7230864001792372E-002   1.7414882450156010E-008   4.7625487670352928     
   58.442367601213725        5.1509558699909169E-002   2.4796733651453809E-002  -9.7180969300063008E-002   1.7521577806609902E-008   4.7863816755166013     
   58.566978193113968        5.1474781654158794E-002   2.4801971467643309E-002  -9.7132406239435434E-002   1.7644377564998438E-008   4.8139671095287087     
   58.691588785014211        5.1444120368823142E-002   2.4799415690107886E-002  -9.7086384260741260E-002   1.7570063023467314E-008   4.8063801013966296     
   58.816199376914454        5.1425009433952229E-002   2.4791241054739732E-002  -9.7062980693052581E-002   1.7404201844945328E-008   4.7668625647101246     
   58.940809968814698        5.1422174255880720E-002   2.4785474777882659E-002  -9.7057410175266937E-002   1.7048620105249962E-008   4.7293051893942097     
   59.065420560714941        5.1427191884455103E-002   2.4784811325334145E-002  -9.7052485129212163E-002   1.7038550779916981E-008   4.7144283465920678     
   59.190031152615177        5.1436212602986461E-002   2.4774905527631869E-002  -9.7050042228776945E-002   1.7323332506429146E-008   4.7057170770928352     
   59.314641744515420        5.1435409944176065E-002   2.4757258444599733E-002  -9.7037437847300650E-002   1.7455097414440202E-008   4.6862538765175348     
   59.439252336415663        5.1428979608081925E-002   2.4743814666827839E-002  -9.7025615299021220E-002   1.7281704947998974E-008   4.6729835114757181     
   59.563862928315906        5.1428346847656896E-002   2.4735697955054006E-002  -9.7023699690344328E-002   1.7152538539643241E-008   4.6735903039439126     
   59.688473520216149        5.1432163757291455E-002   2.4730246977703391E-002  -9.7028384016125513E-002   1.7067018692514122E-008   4.6768417530876345     
   59.813084112116393        5.1443728593659137E-002   2.4731513076942938E-002  -9.7053127886364166E-002   1.7061005143868011E-008   4.6715506599964396     
   59.937694704016636        5.1471749003074482E-002   2.4733138031793982E-002  -9.7102400525352212E-002   1.7155639742306491E-008   4.6700100125032602     
   60.062305295916879        5.1506772383884514E-002   2.4725088040720700E-002  -9.7155359771251004E-002   1.7487407596988329E-008   4.6652070527225469     
   60.186915887817122        5.1545538444793218E-002   2.4717757308470478E-002  -9.7216286756253267E-002   1.7897016538853456E-008   4.6638697849789539     
   60.311526479717365        5.1597473561469244E-002   2.4716803665016811E-002  -9.7301901315310926E-002   1.8313292884001370E-008   4.6592320986984950     
   60.436137071617608        5.1664453549759064E-002   2.4717037495795881E-002  -9.7411513606933564E-002   1.8712170285782726E-008   4.6501908625420363     
   60.560747663517844        5.1725952067156009E-002   2.4723769893576716E-002  -9.7516640617744857E-002   1.8826924299409765E-008   4.6667789752040703     
   60.685358255418087        5.1774091054215016E-002   2.4732836096402974E-002  -9.7597376969994765E-002   1.9093169118859176E-008   4.6966274540400512     
   60.809968847318331        5.1820610856683449E-002   2.4733883558391345E-002  -9.7664801077991498E-002   1.9270277685745657E-008   4.7048041847079700     
   60.934579439218574        5.1866105339813832E-002   2.4729101245870997E-002  -9.7729018405748019E-002   1.9028476893781926E-008   4.6808875950583282     
   61.059190031118817        5.1911903067458451E-002   2.4722675214235188E-002  -9.7804083979979500E-002   1.8635256849376151E-008   4.6476128883433745     
   61.183800623019060        5.1960631555555123E-002   2.4721879259501089E-002  -9.7893734703802887E-002   1.8144736715587598E-008   4.6364307699231748     
   61.308411214919303        5.2008847047995584E-002   2.4730676205129552E-002  -9.7984154086760894E-002   1.7736955127552542E-008   4.6375785149724926     
   61.433021806819546        5.2045642628418258E-002   2.4734801225866975E-002  -9.8060827326790861E-002   1.7454617729804296E-008   4.6406955029714076     
   61.557632398719790        5.2067424210670669E-002   2.4726732241799262E-002  -9.8111221180048461E-002   1.7075222110488113E-008   4.6284060749810720     
   61.682242990620033        5.2092588804834451E-002   2.4724179194562268E-002  -9.8155368512847424E-002   1.6674085344142030E-008   4.6125820461557403     
   61.806853582520276        5.2123873307040686E-002   2.4730643901330996E-002  -9.8207459216017867E-002   1.6436302224761641E-008   4.6101132531851654     
   61.931464174420512        5.2145258651815019E-002   2.4737075173042185E-002  -9.8259622547550968E-002   1.6111611306252638E-008   4.6088315711617183     
   62.056074766320755        5.2166049361836532E-002   2.4742015811907932E-002  -9.8325899435404818E-002   1.5669771876566707E-008   4.6063455609902091     
   62.180685358220998        5.2198829244937524E-002   2.4748230727632946E-002  -9.8403526844880060E-002   1.5508837085645613E-008   4.5989506355509127     
   62.305295950121241        5.2240249207599669E-002   2.4759126246848135E-002  -9.8476490167112768E-002   1.5470946091523441E-008   4.6031373114993421     
