   1.2500000000000178E-002  0.75089582800102372       0.78208983875095972        2.0176126183772713       0.53269772203736876        1.0840318658817505       0.60364410033273608        2.2885206040440234     
   3.7500000000000089E-002  0.75853436140261066       0.77385142052725864        1.9709815715382644       0.52881846685436396        1.0785929101612488       0.60168447658049651        2.2120552853852056     
   6.2500000000000000E-002  0.75929421551062182       0.78152994625031980        1.9536648963399026       0.52609898899411311        1.0731539544407473       0.60856315587407206        2.1249520092142307     
   8.7500000000000133E-002  0.75973413104683896       0.78025019196314294        1.9209911696954183       0.53597709239825952        1.0773131558740721       0.60424398515485023        2.0152130790888148     
  0.11250000000000004       0.75749456104427937       0.78001023803429737        1.8848381110826720       0.52825857435372403        1.0747536472997183       0.60128455336575370        1.9364282057844890     
  0.13750000000000018       0.75093582032249795       0.78884854108011249        1.8350876631686714       0.53297766828768867        1.0578768876375735       0.60012477604299963        1.8587631174814434     
  0.16250000000000009       0.76357339390836954       0.79012829536728935        1.8011341822370104       0.53533721525467104        1.0601964422830816       0.62052085999488094        1.7598621064755564     
  0.18750000000000022       0.75361530586127456       0.78600908625543886        1.7518636421807010       0.54233587151266949        1.0419999360122856       0.61556181213207062        1.6691995136933706     
  0.21250000000000013       0.77689083695930372       0.79372760429997435        1.6737186460199640       0.53921647043767595        1.0511181853084206       0.62456008446378286        1.5808964678781672     
  0.23750000000000004       0.77921039160481176       0.79384758126439714        1.6198089966726386       0.55621320706424360        1.0434396595853594       0.63079888661377004        1.4816355259790119     
  0.26250000000000018       0.77569106731507542       0.79792679805477340        1.5476228564115688       0.54753487330432549        1.0324017788584590       0.63979715894548239        1.4162480803685691     
  0.28750000000000009       0.78360954696698226       0.80124616073713839        1.4881942667007932       0.56465158689531603        1.0194042743793190       0.63967718198105961        1.3317842974148961     
  0.31250000000000022       0.79832672126951620       0.80636517788584583        1.3957320194522651       0.56493153314563593        1.0148851420527258       0.65183484770923972        1.2492401458919886     
  0.33750000000000013       0.79924654466342449       0.81624328128999224        1.3220261709751726       0.58024859227028402        1.0023275531098028       0.67123112362426407        1.1762541592014333     
  0.36250000000000004       0.80760493985154835       0.83803909649347319        1.2397619657025849       0.59316611210647552        1.0077265165088303       0.67043127719477857        1.0961495392884566     
  0.38750000000000018       0.82536153058612738       0.82532153826465304        1.1821330304581519       0.59916496032761701       0.97901202969029932       0.67930957256206803        1.0303621704632708     
  0.41250000000000009       0.83371992577425125       0.83983875095981564        1.1110666751983618       0.61560180445354484       0.98665056309188626       0.70018556437164059       0.95985570770412065     
  0.43750000000000022       0.84407793703608902       0.84251823649859214        1.0328017020732019       0.62464006910673142       0.98593070130534921       0.71294311492193485       0.92034329408753512     
  0.46250000000000013       0.85911504991041709       0.84883702329152788       0.96749424110570759       0.64279658305605314       0.97081360378807258       0.71706232403378545       0.86999296135142046     
  0.48750000000000004       0.86295431277194767       0.86055477348349108       0.90138693370872780       0.65859355003839259       0.95805605323777820       0.72870008958279997       0.81692315075505495     
  0.51250000000000018       0.89170879191195285       0.87975108779114397       0.82988066291272067       0.67906961863322235       0.95497664448425890       0.75689467622216522       0.76433324801638081     
  0.53750000000000009       0.91270476068594819       0.88451017404658294       0.78496928589710768       0.70078544919375474       0.93646019964166871       0.78528922446890193       0.72662048886613761     
  0.56250000000000022       0.91706392372664436       0.89466822370104926       0.71602252367545427       0.72941995136933702       0.94565843358075241       0.80836479395955962       0.67854971845405676     
  0.58750000000000013       0.95653634502175566       0.90678589710775526       0.68210903506526743       0.74825633478372144       0.93234099052981811       0.83324001791655988       0.65079504735090854     
  0.61250000000000004       0.97009374200153564       0.93126119785001271       0.62460007678525720       0.77721077553109796       0.93989953928845649       0.85875511901714863       0.61888117481443561     
  0.63750000000000018       0.99044983363194250       0.95965574609674931       0.57916879959047851       0.81448361914512402       0.92786185052469916       0.90590606603532109       0.60108459175838236     
  0.66250000000000009        1.0067267084719733       0.96449481699513684       0.54957448169951362       0.84251823649859214       0.91662400819042733       0.93358075249552075       0.56461159457384180     
  0.68750000000000022        1.0547174942411055        1.0090462631174812       0.50454312771947785       0.88782953672894793       0.92238290248272325       0.97525275147171731       0.54721493473253124     
  0.71250000000000013        1.1026682876887637        1.0323617865369847       0.48170751215766566       0.93506046839006896       0.94177917839774750        1.0156449961607370       0.51626087791144093     
  0.73750000000000004        1.1330224596877398        1.0478788072690042       0.43947562068082924       0.99744848988994106       0.92066323265932926        1.0748336319426668       0.49442507038648575     
  0.76250000000000018        1.1777338750959814        1.0999888021499871       0.41687995904786274        1.0678749680061428       0.92598221141540815        1.1365017916560018       0.48298726644484252     
  0.78750000000000009        1.2157265804965445        1.1379815075505502       0.38472613258254412        1.1381014845149731       0.91510429997440479        1.1931309188635781       0.46675038392628609     
  0.81250000000000022        1.2595981571538264        1.1757342590222677       0.36193050934220627        1.2312436012285639       0.93206104427949821        1.2762749552085999       0.43651618889173271     
  0.83750000000000013        1.3117081520348091        1.2244449065779368       0.34577361146659835        1.3643380470949575       0.94749808036856908        1.3889333248016380       0.42723797030970051     
  0.86250000000000004        1.3775355131814691        1.3141876759662143       0.32537752751471716        1.5183484770923981       0.96945386485794716        1.5089102892244688       0.40788168671615044     
  0.88750000000000018        1.4383238418223698        1.3920527258766315       0.30598125159969281        1.7088718965958534        1.0068066931149218        1.6560020476068593       0.39600396723829018     
  0.91250000000000009        1.5125095981571537        1.4782761709751726       0.28218582032249806        1.9733011261837725        1.0218038136677756        1.8751599692858969       0.37744753007422571     
  0.93750000000000022        1.5809764525211158        1.6222885206040438       0.26426926030202197        2.3899411313027894        1.0755934860506782        2.1868601228564115       0.35773131558740717     
  0.96250000000000013        1.6690395444074735        1.8080528538520602       0.25763053493729199        3.1142420655234191        1.1046279114410031        2.5912224852828256       0.35053269772203732     
  0.98750000000000004        1.7212695162528793        2.1093949961607370       0.24527290760174045        5.0323937803941634        1.1627367545431275        3.3170831200409516       0.33945482467366261     
