           0           0           0           0
   5.4757015742611673E-002   6.1704549317793348E-003   7.2790959355817808E-002  -6.1155594689667218E-003  -1.1457149896393725E-008   3.8260662965676238     
  0.10951403148522335        1.8600374309473380E-002   7.1375505271245934E-002  -1.8622428683974675E-002  -1.1198714497343084E-008   3.8690130859079708     
  0.16427104722783503        3.0688477952305376E-002   7.0162144242359642E-002  -3.0465033647044070E-002  -1.0815372917306798E-008   3.9089260372730843     
  0.21902806297044669        4.2348117343441433E-002   6.9081080155587310E-002  -4.1567352216987395E-002  -1.0328324583738214E-008   3.9405254338115889     
  0.27378507871305835        5.3514475679837227E-002   6.8063552907138655E-002  -5.1885822055394111E-002  -9.7917089812408217E-009   3.9585929139282339     
  0.32854209445567006        6.4141535314023598E-002   6.7057062536131237E-002  -6.1402434096783309E-002  -9.2613824095140416E-009   3.9593663122781981     
  0.38329911019828172        7.4198674542254678E-002   6.6030634606546151E-002  -7.0116177749963801E-002  -8.7797697365819096E-009   3.9422573488613724     
  0.43805612594089338        8.3670021235428257E-002   6.4969503272875151E-002  -7.8041590614599768E-002  -8.3757422722979204E-009   3.9106389407821327     
  0.49281314168350504        9.2551553173907952E-002   6.3874087845214408E-002  -8.5205594307527291E-002  -8.0711028896598284E-009   3.8713052684616160     
  0.54757015742611670       0.10084504313291077        6.2756732787623476E-002  -9.1641984365203974E-002  -7.8845274490718784E-009   3.8319451416738399     
  0.60232717316872841       0.10855782239630499        6.1632226579253352E-002  -9.7391139972044682E-002  -7.8290466339088400E-009   3.7985787101569004     
  0.65708418891134013       0.11569996379863445        6.0513922126065198E-002 -0.10249203761210449       -7.9047584004255127E-009   3.7739897397880435     
  0.71184120465395173       0.12228552371161759        5.9415220845564713E-002 -0.10698672698954217       -8.0934333511266846E-009   3.7577212960371185     
  0.76659822039656345       0.12833339533840443        5.8344790810217061E-002 -0.11091834818901503       -8.3607438368702811E-009   3.7478359768340312     
  0.82135523613917505       0.13386204014543668        5.7301958910522095E-002 -0.11432855984706841       -8.6669594278906040E-009   3.7424560282337325     
  0.87611225188178676       0.13889395216345668        5.6283643591696880E-002 -0.11726650901122593       -8.9784539117695594E-009   3.7401452090322103     
  0.93086926762439848       0.14345815223176020        5.5285260904545483E-002 -0.11978145091256900       -9.2780389812518567E-009   3.7402333041482265     
  0.98562628336701008       0.14758633565005438        5.4303210337577172E-002 -0.12192479726403993       -9.5677376489662889E-009   3.7431278614709176     
   1.0403832991096218       0.15130882260726555        5.3339940486186690E-002 -0.12374687840803539       -9.8632653775760309E-009   3.7500055518724054     
   1.0951403148522334       0.15465236042118816        5.2399650776564645E-002 -0.12528876006515166       -1.0182823830285533E-008   3.7618265742781469     
   1.1498973305948452       0.15764210778147833        5.1485628370293204E-002 -0.12658784799189698       -1.0538296776986161E-008   3.7786026510552060     
   1.2046543463374568       0.16030447848738288        5.0603368935296163E-002 -0.12768226125298140       -1.0932532299754795E-008   3.7994468962682277     
   1.2594113620800684       0.16266585775591888        4.9759570893592238E-002 -0.12860507621684567       -1.1360334898017918E-008   3.8230755057938528     
   1.3141683778226803       0.16474956065826030        4.8956735180216183E-002 -0.12937948588310738       -1.1813465809850946E-008   3.8483995216340805     
   1.3689253935652919       0.16657435635577669        4.8195009493129728E-002 -0.13001653037972830       -1.2284201418495539E-008   3.8745043420256793     
   1.4236824093079035       0.16815862754709468        4.7473696242039329E-002 -0.13053134478694317       -1.2764281750903427E-008   3.9002322852381504     
   1.4784394250505151       0.16952378282292718        4.6793640047565851E-002 -0.13094656202216443       -1.3246385280956357E-008   3.9242666373892292     
   1.5331964407931269       0.17068997596893909        4.6156985379143915E-002 -0.13127586348751119       -1.3724257336139759E-008   3.9460754647288803     
   1.5879534565357385       0.17167347438845951        4.5563578634294048E-002 -0.13152553230075420       -1.4196769730169726E-008   3.9665378086183884     
   1.6427104722783501       0.17248743972465916        4.5011962705221460E-002 -0.13170322223173778       -1.4667291505465848E-008   3.9868716669790611     
   1.6974674880209619       0.17314709328590935        4.4501763616429615E-002 -0.13182051421127575       -1.5138547047873206E-008   4.0074624903493836     
   1.7522245037635735       0.17366993663410202        4.4032437615715903E-002 -0.13189075908558129       -1.5611318173396100E-008   4.0278561672683404     
   1.8069815195061851       0.17406714790864189        4.3602914944379623E-002 -0.13192032930436917       -1.6080577139756867E-008   4.0475254194041295     
   1.8617385352487970       0.17434724586405387        4.3211380768404820E-002 -0.13191208017498965       -1.6540639068204036E-008   4.0658759188571656     
   1.9164955509914086       0.17451917827087396        4.2853914169340333E-002 -0.13186888497792137       -1.6989408059358837E-008   4.0821394305449932     
   1.9712525667340202       0.17459271405197305        4.2528241785164282E-002 -0.13179307229092616       -1.7423020261081792E-008   4.0959886237802756     
   2.0260095824766320       0.17458393436238304        4.2232959138943420E-002 -0.13169794847340216       -1.7840613962145201E-008   4.1079687484628060     
   2.0807665982192436       0.17450123619946406        4.1963950949750653E-002 -0.13158945780740375       -1.8247746591517347E-008   4.1189853114524064     
   2.1355236139618552       0.17434432134761546        4.1717701012626174E-002 -0.13146026942767858       -1.8649872584389289E-008   4.1293825035013825     
   2.1902806297044668       0.17411776626275074        4.1491932627350368E-002 -0.13130954699140043       -1.9050270719446666E-008   4.1387006970418136     
   2.2450376454470784       0.17382700974807674        4.1283225385128713E-002 -0.13113778664361697       -1.9448671677226951E-008   4.1465725279627161     
   2.2997946611896904       0.17348161003219761        4.1090368804761593E-002 -0.13094795542874657       -1.9843983113693775E-008   4.1530263015373459     
   2.3545516769323021       0.17309184515714338        4.0913513200814884E-002 -0.13074350276134497       -2.0235142828677966E-008   4.1582871650120579     
   2.4093086926749137       0.17266709846175549        4.0752043859930975E-002 -0.13053010495610123       -2.0622773992810652E-008   4.1627975410992599     
   2.4640657084175253       0.17221286823334625        4.0603419922617956E-002 -0.13031127696857547       -2.1010944981470457E-008   4.1673345266699977     
   2.5188227241601369       0.17172877192067304        4.0465581863824901E-002 -0.13007855808746152       -2.1401735379081953E-008   4.1726047316689314     
   2.5735797399027485       0.17121767690651787        4.0338190171345358E-002 -0.12982671596511464       -2.1793673059591578E-008   4.1790269502027728     
   2.6283367556453605       0.17068430507994856        4.0219723190398363E-002 -0.12955757764817455       -2.2182855027054117E-008   4.1864850171559773     
   2.6830937713879721       0.17013257007844762        4.0109168441094321E-002 -0.12927130074763710       -2.2564868691898517E-008   4.1944353581926821     
   2.7378507871305837       0.16956445837759485        4.0006187154235595E-002 -0.12896531537155023       -2.2936473125872259E-008   4.2023542437211754     
   2.7926078028731953       0.16898333878590138        3.9910131162964872E-002 -0.12863872538643009       -2.3297000046055150E-008   4.2098806280199632     
   2.8473648186158069       0.16839050086244919        3.9820026115881320E-002 -0.12829159889575767       -2.3640091534944364E-008   4.2165931286561920     
   2.9021218343584185       0.16778551903808847        3.9734554041195483E-002 -0.12792608115611637       -2.3958915770762437E-008   4.2220736035659652     
   2.9568788501010301       0.16717300771148247        3.9653737792521612E-002 -0.12754793246980514       -2.4252434826726583E-008   4.2261388408141798     
   3.0116358658436422       0.16655587438951452        3.9577512854379479E-002 -0.12716002725467662       -2.4520946460172107E-008   4.2287532266404391     
   3.0663928815862538       0.16593362260193081        3.9504446078171974E-002 -0.12676246574253777       -2.4766728899104386E-008   4.2298318577620417     
   3.1211498973288654       0.16530409356769979        3.9431791743086843E-002 -0.12635385555785811       -2.4993127912133258E-008   4.2290763685714925     
   3.1759069130714770       0.16466745993454981        3.9358315216967400E-002 -0.12593500366790730       -2.5199151557197296E-008   4.2262393213633267     
   3.2306639288140886       0.16402599115019467        3.9285840899758957E-002 -0.12550834638594965       -2.5380988508488291E-008   4.2216531062303355     
   3.2854209445567002       0.16338180884514944        3.9214946985088719E-002 -0.12507607539832688       -2.5543073334339620E-008   4.2162517828818844     
   3.3401779602993122       0.16273897046230346        3.9145967817948116E-002 -0.12464398948392613       -2.5692601841475017E-008   4.2103991345942910     
   3.3949349760419238       0.16209848461829413        3.9078533187185918E-002 -0.12421442170920755       -2.5830855788578070E-008   4.2035950949451593     
   3.4496919917845354       0.16146063590143264        3.9011579383415131E-002 -0.12378653057951736       -2.5955466401461323E-008   4.1955284159294672     
   3.5044490075271471       0.16082421980882439        3.8944802535467178E-002 -0.12335917948653582       -2.6063153829425160E-008   4.1865702553040958     
   3.5592060232697587       0.16018977767630285        3.8879245937859727E-002 -0.12293336710691574       -2.6154666223307860E-008   4.1770985312547033     
   3.6139630390123703       0.15956342426398484        3.8816879080377092E-002 -0.12251454599250947       -2.6234031775472105E-008   4.1671422423517681     
   3.6687200547549819       0.15895028274232834        3.8758962492718742E-002 -0.12210841699157921       -2.6304230567528339E-008   4.1570206390929210     
   3.7234770704975939       0.15834824068580228        3.8704928170580431E-002 -0.12171641688560000       -2.6370175976965733E-008   4.1475740368941452     
   3.7782340862402055       0.15775403794318349        3.8655054814460195E-002 -0.12133598824233241       -2.6435453812510505E-008   4.1392985171718548     
   3.8329911019828171       0.15717017862100835        3.8610759190350445E-002 -0.12096807402068574       -2.6496294457264770E-008   4.1317534678566172     
   3.8877481177254287       0.15659534030367167        3.8570752755536841E-002 -0.12061086029770937       -2.6544163461596502E-008   4.1242339297434372     
   3.9425051334680403       0.15602920009345461        3.8534230135541893E-002 -0.12026189524764280       -2.6572322261662590E-008   4.1166190389131341     
   3.9972621492106519       0.15547305345217358        3.8501188669801512E-002 -0.11992218513597747       -2.6578323422802308E-008   4.1092214168620851     
   4.0520191649532640       0.15492562722912437        3.8470519790288350E-002 -0.11959162769633627       -2.6564318753332797E-008   4.1021738183972092     
   4.1067761806958751       0.15438542488729232        3.8439821232586074E-002 -0.11926850670957531       -2.6538378274026753E-008   4.0954455393711440     
   4.1615331964384872       0.15385050420511595        3.8407389128646503E-002 -0.11894982098068113       -2.6509780932504931E-008   4.0889805627204607     
   4.2162902121810992       0.15332371740441209        3.8374526161155852E-002 -0.11863550485812674       -2.6485563079949931E-008   4.0825908851139134     
   4.2710472279237104       0.15281153776041634        3.8343699083471142E-002 -0.11832981271185841       -2.6472095526792075E-008   4.0759863823550555     
   4.3258042436663224       0.15231511041447904        3.8316412754964835E-002 -0.11803230823497179       -2.6472641008545146E-008   4.0688083382309328     
   4.3805612594089336       0.15182902989674144        3.8292252232199481E-002 -0.11773702127190774       -2.6484849453265617E-008   4.0606453309363806     
   4.4353182751515456       0.15135320436428179        3.8271243684330179E-002 -0.11744488042916573       -2.6505451591093809E-008   4.0516860514964792     
   4.4900752908941568       0.15089096288723358        3.8254968194108979E-002 -0.11715864111312776       -2.6534687584456693E-008   4.0436453462522710     
   4.5448323066367688       0.15043974901992088        3.8243726081261795E-002 -0.11687419388930992       -2.6578257684984272E-008   4.0385609382397911     
   4.5995893223793809       0.14999955932630074        3.8238520531240425E-002 -0.11658944941685012       -2.6637314960561981E-008   4.0358380832586551     
   4.6543463381219921       0.14957213172557088        3.8239262507145856E-002 -0.11630600897321777       -2.6701736927183862E-008   4.0334286502840566     
   4.7091033538646041       0.14915352345341085        3.8242834811735620E-002 -0.11602056193646171       -2.6761298806600140E-008   4.0306589523511178     
   4.7638603696072153       0.14874200987997463        3.8246964156518445E-002 -0.11573074624975307       -2.6815066952952684E-008   4.0274438665676033     
   4.8186173853498273       0.14833993614564542        3.8251451001672848E-002 -0.11543889679866925       -2.6867325407935782E-008   4.0233723296356336     
   4.8733744010924385       0.14795062121616667        3.8256410994189104E-002 -0.11514981678015254       -2.6923439055340914E-008   4.0181144677598502     
   4.9281314168350505       0.14757437180120545        3.8260568549093807E-002 -0.11486441115412158       -2.6987614605962711E-008   4.0119048968319753     
   4.9828884325776626       0.14720992514798709        3.8263376593219899E-002 -0.11458205162833773       -2.7059519358373467E-008   4.0055481117039138     
   5.0376454483202737       0.14686159824458647        3.8266575036287692E-002 -0.11430909440254225       -2.7138299162645259E-008   4.0000706866525002     
   5.0924024640628858       0.14653073097528238        3.8269553164200540E-002 -0.11404784576203331       -2.7223336934633475E-008   3.9957432112152262     
   5.1471594798054969       0.14621009205243840        3.8267920389231359E-002 -0.11379356966932117       -2.7312020629478090E-008   3.9921932225839800     
   5.2019164955481090       0.14589826439846104        3.8261006757510541E-002 -0.11354606196571404       -2.7399181037269977E-008   3.9894660029541704     
   5.2566735112907210       0.14560028358447147        3.8250827602502119E-002 -0.11330905077056141       -2.7484624336855160E-008   3.9878347313287206     
   5.3114305270333322       0.14531968576487400        3.8238019619355731E-002 -0.11308670162955373       -2.7572098654236829E-008   3.9870554998169734     
   5.3661875427759442       0.14505316448302175        3.8221486409351073E-002 -0.11287689743299170       -2.7663408243960592E-008   3.9867571974743048     
   5.4209445585185554       0.14479519844025593        3.8199386044410921E-002 -0.11267502428771975       -2.7760332334034055E-008   3.9871565821217132     
   5.4757015742611674       0.14454837113222568        3.8172889392517499E-002 -0.11248501379057674       -2.7865705252033785E-008   3.9886902243251541     
   5.5304585900037786       0.14431588785728061        3.8143954154558492E-002 -0.11231055470251636       -2.7981239583715746E-008   3.9914138158054326     
   5.5852156057463906       0.14409737084918561        3.8113006463752326E-002 -0.11215244420313675       -2.8104968434879314E-008   3.9949370800771096     
   5.6399726214890027       0.14389323626016937        3.8080354252939305E-002 -0.11201069971896829       -2.8232750694992312E-008   3.9987923456350551     
   5.6947296372316139       0.14370371843291219        3.8046489288835555E-002 -0.11188559709666607       -2.8360171889255715E-008   4.0025763843447359     
   5.7494866529742259       0.14352600415463715        3.8011084197807278E-002 -0.11177570097194725       -2.8483609732154216E-008   4.0060125162539748     
   5.8042436687168371       0.14335741962579157        3.7972481110903601E-002 -0.11167693722108341       -2.8604395791510013E-008   4.0093651056409874     
   5.8590006844594491       0.14320039732393849        3.7931556080302999E-002 -0.11159082059393255       -2.8723352969485921E-008   4.0130852860695967     
   5.9137577002020603       0.14305660126451003        3.7889325765319871E-002 -0.11151820302367280       -2.8840177969215977E-008   4.0171139242540734     
   5.9685147159446723       0.14292579979127498        3.7846287740212682E-002 -0.11145581285776493       -2.8956876430543630E-008   4.0208642050172214     
   6.0232717316872844       0.14281015564805322        3.7804290168220511E-002 -0.11140325407287974       -2.9072576624257388E-008   4.0238614931208874     
   6.0780287474298955       0.14270819188945749        3.7762936869917253E-002 -0.11135975967128581       -2.9186443055213568E-008   4.0261466875543128     
   6.1327857631725076       0.14261158423477685        3.7719572460757279E-002 -0.11131757086816746       -2.9300565430809000E-008   4.0280551876049548     
   6.1875427789151187       0.14251937501399181        3.7674794896185318E-002 -0.11127519311575831       -2.9415539073185796E-008   4.0300219344845551     
   6.2422997946577308       0.14243766647775019        3.7631562014175612E-002 -0.11123791932942509       -2.9533135530359420E-008   4.0324867260496520     
   6.2970568104003419       0.14236373488032178        3.7589115000612988E-002 -0.11120103539949244       -2.9656486781834304E-008   4.0355950562145262     
   6.3518138261429540       0.14228996773218469        3.7545277471589630E-002 -0.11115504162782339       -2.9781126176227720E-008   4.0388508262192291     
   6.4065708418855660       0.14221750193882227        3.7500516917887985E-002 -0.11109904504713139       -2.9896532387874534E-008   4.0415368860329322     
   6.4613278576281772       0.14214862793678698        3.7454785117802161E-002 -0.11103590529742477       -2.9996731370463734E-008   4.0434868378219946     
   6.5160848733707892       0.14207989087838616        3.7406365367994902E-002 -0.11096436109178329       -3.0083567044556743E-008   4.0450663624549366     
   6.5708418891134004       0.14201173569330880        3.7355298651282058E-002 -0.11088469827155442       -3.0164846741962318E-008   4.0465980800486046     
   6.6255989048560124       0.14194424789707391        3.7302189784099771E-002 -0.11079753948444940       -3.0250094444172477E-008   4.0482034211238549     
   6.6803559205986245       0.14187945878294475        3.7248392794544019E-002 -0.11070747701194183       -3.0340565333366192E-008   4.0495268234895025     
   6.7351129363412356       0.14181731451388790        3.7193548261792664E-002 -0.11061618199398768       -3.0431462108510623E-008   4.0497266408274504     
   6.7898699520838477       0.14175378843395137        3.7136349043592726E-002 -0.11052111619021435       -3.0516098025914462E-008   4.0482584069711161     
   6.8446269678264589       0.14169258243595537        3.7079199946067815E-002 -0.11042735568160722       -3.0584380542417658E-008   4.0454617483744633     
   6.8993839835690709       0.14163653648514446        3.7022508214402138E-002 -0.11033817327476095       -3.0638717808751994E-008   4.0424655902433964     
   6.9541409993116821       0.14158436415759112        3.6964390049056967E-002 -0.11025232568638951       -3.0691701735464376E-008   4.0402151352264219     
   7.0088980150542941       0.14153708943283874        3.6904854253270121E-002 -0.11016970389314054       -3.0754385233148524E-008   4.0388191500151240     
   7.0636550307969062       0.14149408936651933        3.6844259947556184E-002 -0.11008996035908195       -3.0833305103916659E-008   4.0378897142493368     
   7.1184120465395173       0.14145545736124271        3.6783704026317879E-002 -0.11001369449980070       -3.0925291228501276E-008   4.0367471695924921     
   7.1731690622821294       0.14142272048895627        3.6724071192449553E-002 -0.10994146163962026       -3.1025543709351791E-008   4.0353379532080389     
   7.2279260780247405       0.14139446268768632        3.6665426445747849E-002 -0.10987110438867792       -3.1133637822753177E-008   4.0346532769986680     
   7.2826830937673526       0.14136846383181625        3.6607619406056391E-002 -0.10980054025489960       -3.1250039616155285E-008   4.0356809181770386     
   7.3374401095099637       0.14134423403239474        3.6551123238807680E-002 -0.10973062891446975       -3.1370229864448116E-008   4.0384410015174126     
   7.3921971252525758       0.14132276837950669        3.6496810229335534E-002 -0.10966273283213485       -3.1487566594477446E-008   4.0426092247526029     
   7.4469541409951878       0.14129978033770707        3.6442485565531112E-002 -0.10959370333017607       -3.1601483010599537E-008   4.0479998810005622     
   7.5017111567377990       0.14127062472800911        3.6385951897671624E-002 -0.10952025490668557       -3.1714600790664216E-008   4.0541133622847587     
   7.5564681724804110       0.14123905074826934        3.6328456349736568E-002 -0.10944699250545684       -3.1827188974734677E-008   4.0603411412229820     
   7.6112251882230222       0.14120556825829678        3.6269890439815620E-002 -0.10937526768674005       -3.1941574187139594E-008   4.0664762343368395     
   7.6659822039656342       0.14117153174904648        3.6210383699872450E-002 -0.10930723680510804       -3.2061778174674567E-008   4.0724494888548888     
   7.7207392197082463       0.14114117967928125        3.6150976035512740E-002 -0.10924832763937470       -3.2189763819591197E-008   4.0779797580367054     
   7.7754962354508574       0.14111167732519553        3.6091378254254528E-002 -0.10919571698726122       -3.2322603362579825E-008   4.0823881198707737     
   7.8302532511934695       0.14108197112135032        3.6032649505707913E-002 -0.10914910961381075       -3.2453762327317133E-008   4.0846878018686379     
   7.8850102669360806       0.14105417702475492        3.5974989995769195E-002 -0.10910946765869037       -3.2579165444386968E-008   4.0840538020563608     
   7.9397672826786927       0.14102515481776151        3.5916870195369890E-002 -0.10907226597334402       -3.2697799234723634E-008   4.0809552832260030     
   7.9945242984213039       0.14099167488865266        3.5857551825963202E-002 -0.10903523965370665       -3.2817877996114419E-008   4.0787511840599926     
   8.0492813141639150       0.14095263815464487        3.5796876163236117E-002 -0.10899689334234644       -3.2957087227811278E-008   4.0810709925576152     
   8.1040383299065279       0.14091030265583934        3.5736669923158278E-002 -0.10895940050813188       -3.3114778752234301E-008   4.0866637341063807     
   8.1587953456491391       0.14086852063938957        3.5678317528016451E-002 -0.10892714361164960       -3.3271589923434412E-008   4.0925069145657966     
   8.2135523613917503       0.14082689395324988        3.5620557955478464E-002 -0.10889895753851925       -3.3414842236268843E-008   4.0980212093471113     
   8.2683093771343632       0.14078440715117296        3.5562823416490405E-002 -0.10887257054285546       -3.3544056020744337E-008   4.1027996207992485     
   8.3230663928769744       0.14073961633284957        3.5505085243435659E-002 -0.10884498890296582       -3.3661631083315331E-008   4.1060460980608262     
   8.3778234086195855       0.14068818258334267        3.5446210219803979E-002 -0.10881063365872753       -3.3767236782633022E-008   4.1076631849323588     
   8.4325804243621985       0.14062920785379474        3.5386157933328159E-002 -0.10876793946291097       -3.3858372039659867E-008   4.1078070938380469     
   8.4873374401048096       0.14056606805503749        3.5325837452436941E-002 -0.10872000670608842       -3.3932230373406186E-008   4.1062825276719845     
   8.5420944558474208       0.14049934448885021        3.5265833376197202E-002 -0.10866780929840736       -3.3982710020003557E-008   4.1025212395006836     
   8.5968514715900319       0.14043018261736226        3.5206378329410135E-002 -0.10861244848570797       -3.4004259395658127E-008   4.0961992278118862     
   8.6516084873326449       0.14035829929761628        3.5147716382101575E-002 -0.10855439208492995       -3.3997188537327980E-008   4.0876969788600119     
   8.7063655030752560       0.14028501370081245        3.5091369588379856E-002 -0.10849520870850524       -3.3968503913427488E-008   4.0780839957187975     
   8.7611225188178672       0.14021206432460395        3.5037535823166183E-002 -0.10843594818585706       -3.3931713897574053E-008   4.0684029374283437     
   8.8158795345604801       0.14014015401565666        3.4986650646240278E-002 -0.10837786856931658       -3.3894716157428163E-008   4.0597302481715101     
   8.8706365503030913       0.14007431329836328        3.4940703014392581E-002 -0.10832509976750648       -3.3863644902633398E-008   4.0541120591707953     
   8.9253935660457024       0.14001308870123205        3.4898595579129582E-002 -0.10827488651738540       -3.3847655577585221E-008   4.0527079318244503     
   8.9801505817883136       0.13995033572226637        3.4858008853809089E-002 -0.10822286173570200       -3.3846100893672616E-008   4.0539631403672489     
   9.0349075975309265       0.13988475418943777        3.4817860004580876E-002 -0.10817012419058947       -3.3848934979225673E-008   4.0556216040964372     
   9.0896646132735377       0.13981639904084484        3.4777776097289402E-002 -0.10811899297097993       -3.3846611888820309E-008   4.0565329842691762     
   9.1444216290161489       0.13974325898582277        3.4737361972372378E-002 -0.10806746742211540       -3.3835237420010642E-008   4.0560421009496590     
   9.1991786447587618       0.13966446977843702        3.4695911143861204E-002 -0.10801398113311236       -3.3816018367085361E-008   4.0539252796730905     
   9.2539356605013730       0.13957951998337909        3.4652962208326296E-002 -0.10795969547905690       -3.3788404745763337E-008   4.0505299997116655     
   9.3086926762439841       0.13949012275382430        3.4609356319250002E-002 -0.10790667496379908       -3.3750312187378678E-008   4.0463972290838202     
   9.3634496919865953       0.13940109259250297        3.4566800874544883E-002 -0.10785835996947965       -3.3700293790013973E-008   4.0421552534396739     
   9.4182067077292082       0.13930934812542295        3.4523522523483827E-002 -0.10781178796975863       -3.3647390310757597E-008   4.0385503252627393     
   9.4729637234718194       0.13921755259074217        3.4480137055110896E-002 -0.10777001343382595       -3.3603926147035103E-008   4.0358941686442824     
   9.5277207392144305       0.13913161974693269        3.4439125587817317E-002 -0.10773878731088288       -3.3573937566449071E-008   4.0339753887075549     
   9.5824777549570435       0.13904367129164227        3.4398325520911988E-002 -0.10771117678539854       -3.3558247812541777E-008   4.0325310833526515     
   9.6372347706996546       0.13894703675811049        3.4356406965170554E-002 -0.10768088731895789       -3.3553656744059701E-008   4.0314605719327830     
   9.6919917864422658       0.13884267392091443        3.4314328293617184E-002 -0.10764884524637619       -3.3552505914916200E-008   4.0306335408280995     
   9.7467488021848769       0.13873438899390644        3.4273405945117678E-002 -0.10761765261396777       -3.3549356990956292E-008   4.0297953631074908     
   9.8015058179274899       0.13862492929205153        3.4234528985224347E-002 -0.10758830777849820       -3.3543194726993986E-008   4.0287711562418496     
   9.8562628336701010       0.13851105837416680        3.4196501468244503E-002 -0.10755832098391019       -3.3534658464531866E-008   4.0274443877922579     
   9.9110198494127122       0.13838955564086236        3.4158014708060534E-002 -0.10752423297147096       -3.3527382734572749E-008   4.0258663763394562     
   9.9657768651553251       0.13826368854981536        3.4119721309604341E-002 -0.10748759980683545       -3.3525950934914087E-008   4.0241263924603139     
   10.020533880897936       0.13813669649719929        3.4083285874021867E-002 -0.10745014268408543       -3.3525976635491833E-008   4.0220234188550563     
   10.075290896640547       0.13801012129782797        3.4050545144341880E-002 -0.10741167184918879       -3.3521674263208338E-008   4.0193282371887760     
   10.130047912383159       0.13788481138660583        3.4021238371798879E-002 -0.10737258568213684       -3.3515808630846117E-008   4.0161998114531290     
   10.184804928125772       0.13775945338065559        3.3993304197852237E-002 -0.10733144707058015       -3.3513349773346533E-008   4.0128773115159611     
   10.239561943868383       0.13763322723174584        3.3965967036859258E-002 -0.10728751233340988       -3.3516690346384365E-008   4.0091406070605720     
   10.294318959610994       0.13750730944299092        3.3939634409792419E-002 -0.10724096527040439       -3.3528085217143439E-008   4.0046272594146899     
   10.349075975353607       0.13738244944216882        3.3914340250371246E-002 -0.10719023674005237       -3.3548181612006859E-008   3.9991922238848354     
   10.403832991096218       0.13726161160762732        3.3890614934951942E-002 -0.10713734543450718       -3.3575139062205262E-008   3.9929640761403209     
   10.458590006838829       0.13714764430489096        3.3868410959680850E-002 -0.10708484366463522       -3.3611701670940268E-008   3.9864327675398146     
   10.513347022581442       0.13703807127764037        3.3846939797283711E-002 -0.10703049216959579       -3.3660347185749825E-008   3.9801527983839868     
   10.568104038324053       0.13692904882997781        3.3825311137397854E-002 -0.10697089214514988       -3.3719835060371926E-008   3.9743976764072610     
   10.622861054066664       0.13682106284891740        3.3803781718609656E-002 -0.10690735868732817       -3.3786282800503316E-008   3.9691539595448724     
   10.677618069809276       0.13671453831198851        3.3783338496370302E-002 -0.10684218625757977       -3.3853356756905134E-008   3.9643076080699693     
   10.732375085551888       0.13660430483089375        3.3762086053317542E-002 -0.10677172689296577       -3.3919822599483173E-008   3.9597181373666079     
   10.787132101294500       0.13649226974470949        3.3739653421962446E-002 -0.10669764582107127       -3.3984105406781411E-008   3.9552223916041473     
   10.841889117037111       0.13638500517630656        3.3717537906860724E-002 -0.10662679127796781       -3.4044826816551569E-008   3.9506628329305715     
   10.896646132779724       0.13628402097522047        3.3696475700547644E-002 -0.10656266383929835       -3.4106573673718745E-008   3.9461428610993057     
   10.951403148522335       0.13618886261696034        3.3676372127278857E-002 -0.10650637705706875       -3.4176971956848839E-008   3.9419224140798486     
   11.006160164264946       0.13609595928886967        3.3656241306303243E-002 -0.10645533938481885       -3.4262855482611809E-008   3.9381897276594624     
   11.060917180007557       0.13600595416740704        3.3637272688343718E-002 -0.10640984780506069       -3.4366045983558594E-008   3.9350061379658801     
   11.115674195750170       0.13592458958254505        3.3621584598027852E-002 -0.10637340615933857       -3.4483653480870330E-008   3.9324147649732684     
   11.170431211492781       0.13585318721032874        3.3609319730781372E-002 -0.10634655672371654       -3.4614961713579274E-008   3.9305983467155103     
   11.225188227235392       0.13579183023952787        3.3600563353951771E-002 -0.10632965348033574       -3.4758937199921696E-008   3.9299173913021477     
   11.279945242978005       0.13574093710084548        3.3595917585894357E-002 -0.10632212379224248       -3.4909817846982758E-008   3.9306232184572858     
   11.334702258720617       0.13569761369405442        3.3594107129077198E-002 -0.10632022760104398       -3.5064970843531406E-008   3.9326731219484281     
   11.389459274463228       0.13565941922305624        3.3594045743991351E-002 -0.10632007351268036       -3.5220367782877429E-008   3.9355970407422576     
   11.444216290205839       0.13562326807867930        3.3594684075744750E-002 -0.10631697855423822       -3.5369433545110495E-008   3.9387899348201429     
   11.498973305948452       0.13558687231464003        3.3594727693906881E-002 -0.10630938764391598       -3.5509673191323325E-008   3.9418830753556917     
   11.553730321691063       0.13555405312205193        3.3594966795402206E-002 -0.10630230906252844       -3.5636217627246580E-008   3.9446066084320970     
   11.608487337433674       0.13552547320996036        3.3595300216130809E-002 -0.10629574319672572       -3.5745537480981157E-008   3.9468774800664232     
   11.663244353176287       0.13549621471968412        3.3593729602486883E-002 -0.10628564832800749       -3.5841404917721982E-008   3.9486059646235807     
   11.718001368918898       0.13546660711980579        3.3589804395654191E-002 -0.10627463899247286       -3.5924949485773838E-008   3.9494899580981451     
   11.772758384661509       0.13543933049531326        3.3584493339492295E-002 -0.10626614823784372       -3.5991409924858132E-008   3.9493126576771127     
   11.827515400404121       0.13541738317333615        3.3579068347349132E-002 -0.10626343388547982       -3.6036498397966571E-008   3.9480856203131105     
   11.882272416146733       0.13540496497268101        3.3574122537536361E-002 -0.10627129152673503       -3.6059580985279476E-008   3.9461213238168802     
   11.937029431889345       0.13540251374835935        3.3569704622513158E-002 -0.10629205264378616       -3.6062181529043912E-008   3.9437224686970715     
   11.991786447631956       0.13540562433098141        3.3565701163451582E-002 -0.10632325383785785       -3.6046198417279731E-008   3.9408840706447714     
   12.046543463374569       0.13541075034408132        3.3561881827949537E-002 -0.10636124045739714       -3.6010375182736373E-008   3.9373849107409540     
   12.101300479117180       0.13541823108275697        3.3558603649994648E-002 -0.10640650694457682       -3.5953804316197700E-008   3.9330556656221187     
   12.156057494859791       0.13542679410018368        3.3555013777688443E-002 -0.10645798601515716       -3.5880110432055502E-008   3.9280958674943922     
   12.210814510602402       0.13543765093026380        3.3551257996931171E-002 -0.10651660725411607       -3.5794048035568731E-008   3.9229967790801110     
   12.265571526345015       0.13545311859850087        3.3548422937931928E-002 -0.10658448532812986       -3.5701933576374686E-008   3.9182830831840918     
   12.320328542087626       0.13547011571836354        3.3545936756747108E-002 -0.10665756408398991       -3.5611536624362854E-008   3.9142459619559200     
   12.375085557830237       0.13548872827340433        3.3543963183068876E-002 -0.10673360143284522       -3.5526917362104091E-008   3.9108279406814628     
   12.429842573572850       0.13550832290229903        3.3542721873488925E-002 -0.10681103820041277       -3.5447499398351485E-008   3.9079261740941420     
   12.484599589315462       0.13552535869674404        3.3541584583277800E-002 -0.10688777061024787       -3.5374126286080974E-008   3.9056861404670982     
   12.539356605058073       0.13554103332661885        3.3539898802890503E-002 -0.10696442830320999       -3.5310709467698798E-008   3.9044914715336896     
   12.594113620800684       0.13555802337208203        3.3538237679531790E-002 -0.10704148509567035       -3.5255429406155615E-008   3.9047610317123254     
   12.648870636543297       0.13557897266357086        3.3538127649100670E-002 -0.10711960123197020       -3.5205540013264725E-008   3.9064906886776685     
   12.703627652285908       0.13560342165941455        3.3538949876452895E-002 -0.10719798742234937       -3.5163884894720312E-008   3.9092112927423703     
   12.758384668028519       0.13562821305051678        3.3540260706125126E-002 -0.10727572315008554       -3.5126043407857955E-008   3.9123810790028264     
   12.813141683771132       0.13565192826670291        3.3541288216306420E-002 -0.10735078395396550       -3.5086520192251182E-008   3.9156252438427210     
   12.867898699513743       0.13567001232232048        3.3539596173066635E-002 -0.10741757738955474       -3.5046870865672980E-008   3.9185780856561925     
   12.922655715256354       0.13568262484108171        3.3535630092580940E-002 -0.10747698647776588       -3.5003663519703003E-008   3.9206708961744070     
   12.977412730998967       0.13569403112306541        3.3530800307544434E-002 -0.10753310337576241       -3.4948541509337759E-008   3.9215054599285870     
   13.032169746741578       0.13570989387298252        3.3526892964553044E-002 -0.10759154463461068       -3.4877969996722247E-008   3.9213102794179759     
   13.086926762484190       0.13573155777892890        3.3524233629996902E-002 -0.10765331790822591       -3.4797824101358459E-008   3.9208035563468311     
   13.141683778226801       0.13575441117741929        3.3521537035657932E-002 -0.10771268641833451       -3.4716992551087288E-008   3.9207619128225337     
   13.196440793969414       0.13577882067971039        3.3519220200577918E-002 -0.10776870849008338       -3.4643493693598166E-008   3.9215083774660751     
   13.251197809712025       0.13580302437960748        3.3517152735220122E-002 -0.10782013164305818       -3.4583228649155839E-008   3.9228498454614296     
   13.305954825454636       0.13582570173733621        3.3515406968442275E-002 -0.10786623736391962       -3.4535669872990122E-008   3.9246966351468511     
   13.360711841197249       0.13584448793310561        3.3513823273177992E-002 -0.10790429028458301       -3.4499187574816708E-008   3.9271896310277090     
   13.415468856939860       0.13586036061447679        3.3514086181394925E-002 -0.10793500669774259       -3.4469609008819203E-008   3.9303679890981917     
   13.470225872682471       0.13587428956291067        3.3516987424275606E-002 -0.10795934906387919       -3.4442801923265772E-008   3.9340651145669496     
   13.524982888425082       0.13588125619870747        3.3520594607786502E-002 -0.10797284578259198       -3.4420354985746166E-008   3.9380655548416059     
   13.579739904167695       0.13588179555967186        3.3525053290680389E-002 -0.10797535555984419       -3.4399486460492154E-008   3.9420497338164324     
   13.634496919910307       0.13587831012394530        3.3530876799656655E-002 -0.10796843065145634       -3.4373302949261952E-008   3.9454732589567123     
   13.689253935652918       0.13587232073079911        3.3538156037820739E-002 -0.10795397013662672       -3.4334429567544390E-008   3.9477135792299349     
   13.744010951395531       0.13586149964840136        3.3545080096030591E-002 -0.10793081802263244       -3.4278213155115194E-008   3.9484570388050368     
   13.798767967138142       0.13584350621786462        3.3549799759636324E-002 -0.10789731754342430       -3.4202755899907831E-008   3.9478120879671939     
   13.853524982880753       0.13582090152915646        3.3553785507828504E-002 -0.10785735530791407       -3.4106717031175148E-008   3.9461296245052333     
   13.908281998623364       0.13579545492696293        3.3557494551136616E-002 -0.10781440435675652       -3.3994853861548455E-008   3.9438536979939509     
   13.963039014365977       0.13576656851931332        3.3559609466416611E-002 -0.10776793192975437       -3.3874551007583588E-008   3.9411314215980675     
   14.017796030108588       0.13573338489890016        3.3560084715153232E-002 -0.10771820903366774       -3.3750448133156642E-008   3.9379001953568182     
   14.072553045851199       0.13569751649116907        3.3560037680605774E-002 -0.10766716320011460       -3.3622336844883306E-008   3.9340552756951186     
   14.127310061593812       0.13565835467359930        3.3559607500770798E-002 -0.10761408361119870       -3.3488968220107096E-008   3.9295920597769989     
   14.182067077336423       0.13561436345729747        3.3558466975948942E-002 -0.10755896223628067       -3.3350904948877483E-008   3.9245292847090303     
   14.236824093079035       0.13556922334789101        3.3557755887574953E-002 -0.10750645952884400       -3.3209700279678607E-008   3.9190293603849931     
   14.291581108821646       0.13552427920956836        3.3557904571159244E-002 -0.10745852874116515       -3.3071216190675767E-008   3.9135974504435298     
   14.346338124564259       0.13547759472241919        3.3558392672055591E-002 -0.10741323305228229       -3.2940492791086038E-008   3.9087458489892302     
   14.401095140306870       0.13542543940890167        3.3558037509981577E-002 -0.10736751015960480       -3.2822874292037646E-008   3.9046197825395410     
   14.455852156049481       0.13536535327904423        3.3555697580583632E-002 -0.10731956306550364       -3.2723676029379879E-008   3.9010677170915047     
   14.510609171792094       0.13530070455776286        3.3551872452406380E-002 -0.10727310563742079       -3.2642856741472310E-008   3.8979063798732185     
   14.565366187534705       0.13523356598391323        3.3547786484363656E-002 -0.10723105993265561       -3.2577838759029510E-008   3.8952138590039116     
   14.620123203277316       0.13516691831122465        3.3545219535024658E-002 -0.10719579007754612       -3.2524369967874217E-008   3.8932385228922382     
   14.674880219019927       0.13510148436594940        3.3544154145426767E-002 -0.10716673669517457       -3.2481161371265797E-008   3.8921455158453169     
   14.729637234762540       0.13503349963887398        3.3542754825583734E-002 -0.10714000083951566       -3.2450638439745004E-008   3.8920793031962315     
   14.784394250505152       0.13496654056478644        3.3542086414612725E-002 -0.10711884449239675       -3.2431163932652206E-008   3.8929599072863055     
   14.839151266247763       0.13490304018147384        3.3543088666788727E-002 -0.10710448509478449       -3.2418840846244064E-008   3.8945494672446084     
   14.893908281990376       0.13483835355282492        3.3543983205347329E-002 -0.10709156582475488       -3.2413649904286471E-008   3.8965752979689801     
   14.948665297732987       0.13477155838231336        3.3543962892142967E-002 -0.10707830698800772       -3.2414882721427932E-008   3.8986808415974967     
   15.003422313475598       0.13470443357943720        3.3542638650880335E-002 -0.10706576383802602       -3.2420186246802274E-008   3.9005662389851712     
   15.058179329218209       0.13464205535400128        3.3541047428635673E-002 -0.10705743329771675       -3.2426805202991258E-008   3.9019826066050238     
   15.112936344960822       0.13458603665235133        3.3539754322785734E-002 -0.10705337683314872       -3.2431436282687129E-008   3.9026706568274356     
   15.167693360703433       0.13453564355878014        3.3538726976512882E-002 -0.10705200680192248       -3.2430166465474389E-008   3.9023644226305945     
   15.222450376446044       0.13449116945359246        3.3538307532821873E-002 -0.10705287401141403       -3.2420046135602163E-008   3.9010467613445252     
   15.277207392188657       0.13444809160734603        3.3537079401702419E-002 -0.10705223814641457       -3.2403719044829401E-008   3.8992188479839864     
   15.331964407931268       0.13440508042344054        3.3534885353918131E-002 -0.10704728802250044       -3.2385199009012062E-008   3.8974830334989381     
   15.386721423673880       0.13436331634398491        3.3531453476500078E-002 -0.10703690484241252       -3.2371387046462007E-008   3.8963218471215590     
   15.441478439416493       0.13432280298771318        3.3526600764099121E-002 -0.10702199480362479       -3.2368546387801162E-008   3.8959789332001047     
   15.496235455159104       0.13428224137787440        3.3521371636374794E-002 -0.10700228774437803       -3.2379884384154110E-008   3.8965942006146781     
   15.550992470901715       0.13424136321828989        3.3516134970455240E-002 -0.10697705269798552       -3.2408861971594047E-008   3.8982126428037533     
   15.605749486644326       0.13420056728212076        3.3510956366681097E-002 -0.10694649122822866       -3.2453392294344438E-008   3.9006742421372143     
   15.660506502386939       0.13415791767782453        3.3505515418799266E-002 -0.10690979523866381       -3.2509876458586104E-008   3.9036589290432357     
   15.715263518129550       0.13411165699319916        3.3499717388991865E-002 -0.10686523358930441       -3.2572533386056597E-008   3.9067502819967426     
   15.770020533872161       0.13406369255320888        3.3493715989592776E-002 -0.10681351703564471       -3.2633855105685700E-008   3.9096720417458455     
   15.824777549614774       0.13401340707498668        3.3487568430896189E-002 -0.10675525922307422       -3.2688513574551596E-008   3.9121171609220204     
   15.879534565357385       0.13395743445897451        3.3480815234026476E-002 -0.10668930247170749       -3.2731599590024033E-008   3.9138312363120487     
   15.934291581099997       0.13389449976754056        3.3471887125886148E-002 -0.10661587042905243       -3.2760940673845043E-008   3.9146748830848144     
   15.989048596842608       0.13382627406402139        3.3460284029201121E-002 -0.10653786828332973       -3.2774831639572188E-008   3.9145904123075881     
   16.043805612585221       0.13375814873479305        3.3447607055808737E-002 -0.10646189779686974       -3.2770658432745645E-008   3.9135766993134466     
   16.098562628327830       0.13369153347350968        3.3434507674009753E-002 -0.10639048798427539       -3.2746989064532511E-008   3.9117623130760766     
   16.153319644070443       0.13362446058850164        3.3421155641443913E-002 -0.10632233239819344       -3.2703953398268620E-008   3.9095235090853335     
   16.208076659813056       0.13355863403110740        3.3408377110689294E-002 -0.10625887115907290       -3.2644997122374511E-008   3.9071198213951286     
   16.262833675555665       0.13349539047095588        3.3396078112296480E-002 -0.10620122322210893       -3.2575819628088031E-008   3.9043479176669553     
   16.317590691298278       0.13343319622599881        3.3384163523896698E-002 -0.10614768470352873       -3.2496402878131779E-008   3.9009194185579754     
   16.372347707040891       0.13337115847228209        3.3373102952418097E-002 -0.10609708377502436       -3.2404149103595089E-008   3.8969365629869084     
   16.427104722783501       0.13331042146203406        3.3363229116298944E-002 -0.10605006155589183       -3.2304525159196250E-008   3.8931141327291123     
   16.481861738526113       0.13325045164354196        3.3354432255031263E-002 -0.10600584410489217       -3.2207041407617951E-008   3.8901498596404145     
   16.536618754268726       0.13318998200817214        3.3346730171409530E-002 -0.10596347525042171       -3.2118663584841091E-008   3.8881468081496937     
   16.591375770011336       0.13312960016109915        3.3340487067878156E-002 -0.10592399303636663       -3.2042292542932790E-008   3.8868186304176087     
   16.646132785753949       0.13306721568348265        3.3335652812548765E-002 -0.10588515856443362       -3.1976263140743837E-008   3.8856409172543591     
   16.700889801496562       0.13300092188299587        3.3331663741401951E-002 -0.10584377274322945       -3.1915965252230640E-008   3.8840440735542709     
   16.755646817239171       0.13293407571063479        3.3328770030181837E-002 -0.10580270876683015       -3.1853830412131637E-008   3.8814841557720174     
   16.810403832981784       0.13286655865780128        3.3326606495269862E-002 -0.10576252513633280       -3.1785151387224687E-008   3.8778454712628663     
   16.865160848724397       0.13279778906523040        3.3325252128280469E-002 -0.10572295397917289       -3.1707470752869014E-008   3.8735170743185421     
   16.919917864467006       0.13273173062836388        3.3326041770912078E-002 -0.10568817779090786       -3.1619772999180150E-008   3.8691339216920526     
   16.974674880209619       0.13267103433917340        3.3329529450358532E-002 -0.10566119926157166       -3.1527732787887075E-008   3.8654125718893493     
   17.029431895952229       0.13261513209101933        3.3335720928430450E-002 -0.10564129550529605       -3.1438478383823583E-008   3.8627980862721891     
   17.084188911694842       0.13255780510770854        3.3343455125862030E-002 -0.10562477879038629       -3.1356307082880164E-008   3.8613672361102034     
   17.138945927437454       0.13249811983156717        3.3352418297696897E-002 -0.10561211012379468       -3.1282035111083014E-008   3.8611037009265115     
   17.193702943180064       0.13243809289663871        3.3361765096309955E-002 -0.10560311103466324       -3.1216159540260359E-008   3.8621131485194704     
   17.248459958922677       0.13237932404067826        3.3371047423381518E-002 -0.10559773223386434       -3.1158471803798011E-008   3.8643263903676552     
   17.303216974665290       0.13232363954188944        3.3381274070671749E-002 -0.10559739416961564       -3.1105337629265433E-008   3.8672438532047764     
   17.357973990407899       0.13226879419849499        3.3392420870449822E-002 -0.10559953085648680       -3.1050170186336936E-008   3.8700514386815286     
   17.412731006150512       0.13221202660314840        3.3403775642525245E-002 -0.10560051232234580       -3.0987836040493403E-008   3.8719297923161471     
   17.467488021893125       0.13215288530774355        3.3413813031912494E-002 -0.10559803574539467       -3.0915414502339403E-008   3.8722852955411406     
   17.522245037635734       0.13209274446886116        3.3421776583205554E-002 -0.10559153274332503       -3.0828596775131703E-008   3.8706854533896213     
   17.577002053378347       0.13203321366264650        3.3428370117004932E-002 -0.10558250895345678       -3.0722791732184239E-008   3.8670452291225543     
   17.631759069120960       0.13197393234410940        3.3433081019240730E-002 -0.10557066910156929       -3.0601823110345971E-008   3.8620141792026419     
   17.686516084863570       0.13191327788957652        3.3435024930126477E-002 -0.10555452878345215       -3.0476038158497917E-008   3.8568780600166930     
   17.741273100606183       0.13185650177511157        3.3436697342385240E-002 -0.10553904614007636       -3.0356547743060860E-008   3.8528376473660075     
   17.796030116348792       0.13180514202849278        3.3438957188706230E-002 -0.10552510399397277       -3.0256471898432168E-008   3.8500865434663116     
   17.850787132091405       0.13175670645262658        3.3441108522194320E-002 -0.10550979727653906       -3.0175049741560030E-008   3.8476526836810576     
   17.905544147834018       0.13171153277101816        3.3443866284271963E-002 -0.10549410778440371       -3.0097701528654508E-008   3.8445531229992724     
   17.960301163576627       0.13166925963732534        3.3447734752874922E-002 -0.10547816269355720       -3.0012613453053827E-008   3.8409138439766433     
   18.015058179319240       0.13162936132030092        3.3452360562287543E-002 -0.10546131055690006       -2.9922207555690371E-008   3.8379938044297544     
   18.069815195061853       0.13159138678511012        3.3457365181900380E-002 -0.10544397833214539       -2.9841261783274199E-008   3.8372264166276140     
   18.124572210804462       0.13155728440432324        3.3464518774429332E-002 -0.10542801139070720       -2.9780488865714262E-008   3.8389268306573703     
   18.179329226547075       0.13152804231982629        3.3475312431573243E-002 -0.10541336084288269       -2.9742358063725876E-008   3.8422229627386764     
   18.234086242289688       0.13150118429719007        3.3488921867421501E-002 -0.10539732091178777       -2.9724218895035153E-008   3.8459884293040862     
   18.288843258032298       0.13147525537983937        3.3504051853230132E-002 -0.10537791225741563       -2.9719532252770027E-008   3.8496159444052322     
   18.343600273774911       0.13144864256104299        3.3519318679290401E-002 -0.10535234775121929       -2.9722339776435192E-008   3.8531048653335627     
   18.398357289517524       0.13142012912895012        3.3533487534847514E-002 -0.10531890968758695       -2.9731356692240615E-008   3.8566731451100158     
   18.453114305260133       0.13139315686133299        3.3547368628622801E-002 -0.10528096321757888       -2.9747615291929749E-008   3.8603598074585279     
   18.507871321002746       0.13137040507077979        3.3562011588782199E-002 -0.10524143124724625       -2.9769921795312225E-008   3.8637901926133011     
   18.562628336745355       0.13135192713813959        3.3577598263552923E-002 -0.10520111726713829       -2.9790518262922455E-008   3.8661610681689882     
   18.617385352487968       0.13133485404283179        3.3593004063872473E-002 -0.10515918635459634       -2.9802815746420305E-008   3.8670105625481286     
   18.672142368230581       0.13131733442165744        3.3607144646239241E-002 -0.10511431627907600       -2.9802757299687044E-008   3.8663385722159709     
   18.726899383973191       0.13130168820910940        3.3620542897567336E-002 -0.10506831386124088       -2.9787582133985367E-008   3.8643311096564599     
   18.781656399715803       0.13128842416109748        3.3633169442996783E-002 -0.10502314852709371       -2.9759326595348833E-008   3.8611842800009835     
   18.836413415458416       0.13127902457804844        3.3644810922789356E-002 -0.10498086782213722       -2.9723727332077799E-008   3.8571191681993442     
   18.891170431201026       0.13127202182689568        3.3653835868559287E-002 -0.10493971481656655       -2.9688069114179479E-008   3.8527797119974130     
   18.945927446943639       0.13126726336696742        3.3660778438153863E-002 -0.10489872452435917       -2.9654330756789724E-008   3.8489964036580453     
   19.000684462686252       0.13127093299506570        3.3668983568193020E-002 -0.10486306593571471       -2.9623936983736608E-008   3.8464635802647491     
   19.055441478428861       0.13128161723343207        3.3678674592855389E-002 -0.10483223962677654       -2.9602870122355281E-008   3.8455246569540114     
   19.110198494171474       0.13129285855291831        3.3688217147230096E-002 -0.10480200636083323       -2.9594313680996488E-008   3.8460742497590821     
   19.164955509914087       0.13130479943626280        3.3697277276228663E-002 -0.10477400544201310       -2.9599215227552667E-008   3.8480048341360802     
   19.219712525656696       0.13131791889096489        3.3706489050969950E-002 -0.10474890342566098       -2.9616823600639093E-008   3.8513848523789629     
   19.274469541399309       0.13133186759225612        3.3715958329227226E-002 -0.10472556701013316       -2.9646471886479263E-008   3.8560205977733637     
   19.329226557141922       0.13134843047613848        3.3725585089836169E-002 -0.10470502265074441       -2.9688379838124896E-008   3.8612480267267633     
   19.383983572884532       0.13136973946510536        3.3736401786003248E-002 -0.10469027418096088       -2.9734872222720729E-008   3.8660217925176226     
   19.438740588627144       0.13139500443610311        3.3748566819619574E-002 -0.10468069318933412       -2.9775554080901349E-008   3.8694984993386732     
   19.493497604369754       0.13141852232240198        3.3760371439214010E-002 -0.10467147343215374       -2.9806932739389123E-008   3.8714454215279863     
   19.548254620112367       0.13143739905060411        3.3770906713834752E-002 -0.10466191901691996       -2.9826731615435382E-008   3.8721049019926839     
   19.603011635854980       0.13145073745482838        3.3780664002731914E-002 -0.10465192348790070       -2.9835434769451606E-008   3.8717916877652860     
   19.657768651597589       0.13146091115082265        3.3790614521580366E-002 -0.10464351002767339       -2.9835650756208077E-008   3.8705911572061535     
   19.712525667340202       0.13147199176484742        3.3801572095231061E-002 -0.10464029115092816       -2.9825273487312826E-008   3.8685829718851679     
   19.767282683082815       0.13148362398771818        3.3813357024143419E-002 -0.10464146045098729       -2.9807603976868699E-008   3.8668632218754020     
   19.822039698825424       0.13149386481815498        3.3825798331611812E-002 -0.10464500319497008       -2.9793935838773441E-008   3.8673697577216375     
   19.876796714568037       0.13150420759293918        3.3839391995869224E-002 -0.10465221465849120       -2.9792763150595703E-008   3.8703427260580821     
   19.931553730310650       0.13151422825118883        3.3853150880272756E-002 -0.10466319484831615       -2.9804699854945513E-008   3.8738434476936341     
   19.986310746053260       0.13152173731388139        3.3865172162934366E-002 -0.10467569778028737       -2.9821686789545211E-008   3.8763783172379052     
   20.041067761795873       0.13152766995168533        3.3874912710757245E-002 -0.10468902663242446       -2.9832958080487069E-008   3.8778679064163906     
   20.095824777538486       0.13153093218279727        3.3881541039445559E-002 -0.10470191385456457       -2.9838938261565779E-008   3.8787195950574853     
   20.150581793281095       0.13153276042554390        3.3884701452761457E-002 -0.10471562480538135       -2.9850367327191173E-008   3.8794723262613666     
   20.205338809023708       0.13153648035581125        3.3885952040744426E-002 -0.10473299154628057       -2.9876693269456932E-008   3.8808061712790658     
   20.260095824766317       0.13154239913095969        3.3887217482777870E-002 -0.10475575710632148       -2.9921896698689250E-008   3.8833138834961543     
   20.314852840508930       0.13155232717524346        3.3889804032154115E-002 -0.10478649760997816       -2.9991420536092131E-008   3.8872287739659286     
   20.369609856251543       0.13156192633040817        3.3892276046816605E-002 -0.10482092917447525       -3.0089449865038128E-008   3.8922631243050039     
   20.424366871994152       0.13156689142975364        3.3893466535591055E-002 -0.10485451574420232       -3.0211194218198355E-008   3.8979149943113343     
   20.479123887736765       0.13157038693279377        3.3894918803262446E-002 -0.10488928064286793       -3.0348089284906838E-008   3.9038511248476131     
   20.533880903479378       0.13157297128862400        3.3897182379479605E-002 -0.10492566229949982       -3.0492366443143567E-008   3.9099472700799485     
   20.588637919221988       0.13157505410449197        3.3899632931234526E-002 -0.10496262023795364       -3.0642617047579898E-008   3.9162949730997094     
   20.643394934964601       0.13157770742023869        3.3902632346671305E-002 -0.10499982625206564       -3.0796464401085402E-008   3.9228900370088593     
   20.698151950707214       0.13157984414988555        3.3906541434897797E-002 -0.10503573264924074       -3.0945376934927423E-008   3.9295140234741854     
   20.752908966449823       0.13158269331270533        3.3911008748105508E-002 -0.10507006203945454       -3.1084786915611529E-008   3.9360484755571550     
   20.807665982192436       0.13158214006816982        3.3913669802626813E-002 -0.10509751332603498       -3.1215886750674184E-008   3.9425235062831843     
   20.862422997935049       0.13157654355475285        3.3914074081191743E-002 -0.10511579211709418       -3.1337916563916048E-008   3.9487075292031943     
   20.917180013677658       0.13157302724246264        3.3914498202600972E-002 -0.10513140711031019       -3.1447041902056823E-008   3.9538567845603509     
   20.971937029420271       0.13157252048310433        3.3914029178798932E-002 -0.10514455121985641       -3.1542653178103717E-008   3.9572899150828991     
   21.026694045162884       0.13157106059997559        3.3910835304496546E-002 -0.10515170217046726       -3.1625394034960842E-008   3.9589718067191333     
   21.081451060905493       0.13156697423953237        3.3904536151461738E-002 -0.10515193955844271       -3.1696725644433305E-008   3.9595956817794979     
   21.136208076648106       0.13156116687459404        3.3895077998969819E-002 -0.10514473096051410       -3.1765028449903108E-008   3.9600949784966359     
   21.190965092390716       0.13155553474601436        3.3883654128149671E-002 -0.10513235783318639       -3.1833920361402575E-008   3.9603912353966368     
   21.245722108133329       0.13155240094266857        3.3871681736650540E-002 -0.10511868031094840       -3.1894273173931438E-008   3.9596038594647229     
   21.300479123875942       0.13155189770941161        3.3859087335075741E-002 -0.10510471704487576       -3.1936744127601524E-008   3.9578990557807452     
   21.355236139618551       0.13155040192334222        3.3843667023025291E-002 -0.10508786392101158       -3.1966182937136965E-008   3.9566240873402028     
   21.409993155361164       0.13154528611341942        3.3823654765429499E-002 -0.10506650009499249       -3.1996092158886917E-008   3.9564459864818668     
   21.464750171103777       0.13153860014873078        3.3800301108792521E-002 -0.10504471881561794       -3.2031293514974236E-008   3.9566889212287384     
   21.519507186846386       0.13153035504155700        3.3775083027945393E-002 -0.10502461348451150       -3.2069727895902484E-008   3.9566587797598909     
   21.574264202588999       0.13152100357676955        3.3748683774552965E-002 -0.10500738244253346       -3.2109473619961448E-008   3.9561951241890796     
   21.629021218331612       0.13151355846792562        3.3720767625445146E-002 -0.10499551590353345       -3.2153048609385022E-008   3.9551969386443111     
   21.683778234074222       0.13151275108861180        3.3692597257136365E-002 -0.10499314221693196       -3.2200938494336725E-008   3.9535980632858299     
   21.738535249816834       0.13152070946035349        3.3666164138221627E-002 -0.10500284442446520       -3.2251788780050874E-008   3.9516281301548739     
   21.793292265559447       0.13153225724103385        3.3640264917673850E-002 -0.10501999521127647       -3.2308893942020013E-008   3.9498323211979680     
   21.848049281302057       0.13154297242153196        3.3613038418831127E-002 -0.10504038533947854       -3.2378414558539190E-008   3.9488081197768730     
   21.902806297044670       0.13155019208232457        3.3584008741513870E-002 -0.10506279045378983       -3.2463366608189484E-008   3.9489988700168444     
   21.957563312787279       0.13155306434814132        3.3554175128478421E-002 -0.10508686880026571       -3.2562201122316367E-008   3.9508438323071826     
   22.012320328529892       0.13155513185634937        3.3525207305915870E-002 -0.10511509783037890       -3.2676346460458802E-008   3.9546113106547933     
   22.067077344272505       0.13155938121718980        3.3498457007038039E-002 -0.10515041269349731       -3.2807252076551660E-008   3.9601658019857964     
   22.121834360015114       0.13156363714565356        3.3473922594052678E-002 -0.10519070523146604       -3.2948770469831288E-008   3.9667958836727504     
   22.176591375757727       0.13156761324016206        3.3451085293075167E-002 -0.10523446064044542       -3.3092809289686591E-008   3.9734167878965994     
   22.231348391500340       0.13156990004948715        3.3427988793128097E-002 -0.10527848273755316       -3.3234221649593537E-008   3.9791741925310946     
   22.286105407242950       0.13156885250172271        3.3402805498144471E-002 -0.10532005098802846       -3.3363835125900380E-008   3.9834921752909369     
   22.340862422985563       0.13156643538226567        3.3375279495444388E-002 -0.10536171266697095       -3.3473864216186051E-008   3.9860759432797699     
   22.395619438728176       0.13156381315813045        3.3345550640946207E-002 -0.10540611259106492       -3.3561574513391132E-008   3.9869108585145825     
   22.450376454470785       0.13156035662462776        3.3313899381379221E-002 -0.10545361944157641       -3.3626266193552301E-008   3.9860427095932511     
   22.505133470213398       0.13155762934714677        3.3280669667907409E-002 -0.10550577271253214       -3.3668642076351358E-008   3.9837368573877248     
   22.559890485956011       0.13155519781075162        3.3245753384607196E-002 -0.10556186607398063       -3.3693325583404342E-008   3.9805897116333728     
   22.614647501698620       0.13155075860121349        3.3209375635156503E-002 -0.10562035818897059       -3.3707451766450673E-008   3.9772879248280577     
   22.669404517441233       0.13154694145917431        3.3172617098171785E-002 -0.10568467946702642       -3.3720734055150735E-008   3.9744130480812334     
   22.724161533183842       0.13154317221185197        3.3135342742766270E-002 -0.10575413782409537       -3.3744338680994680E-008   3.9722922116116641     
   22.778918548926455       0.13154264972268168        3.3099247978711277E-002 -0.10583143738092921       -3.3777804728846099E-008   3.9706753766612737     
   22.833675564669068       0.13154588058257460        3.3064995226931918E-002 -0.10591687526088500       -3.3815871859581984E-008   3.9689642862247818     
   22.888432580411678       0.13154846227689010        3.3031181384867943E-002 -0.10600483044432896       -3.3854948760564778E-008   3.9669181638830810     
   22.943189596154291       0.13154942578099493        3.2998446552781641E-002 -0.10609393855838412       -3.3888715418791914E-008   3.9648194415064739     
   22.997946611896904       0.13154843699199567        3.2966873896056528E-002 -0.10618439220565187       -3.3916417115288087E-008   3.9633169416756613     
   23.052703627639513       0.13154592440261523        3.2935762159323596E-002 -0.10627602438246386       -3.3944284871751957E-008   3.9631466684678855     
   23.107460643382126       0.13154456341170398        3.2906312757905266E-002 -0.10637049778507249       -3.3974454624449387E-008   3.9644491222240563     
   23.162217659124739       0.13154510140162387        3.2878913955211059E-002 -0.10646673120121450       -3.4004652760322920E-008   3.9664504158004514     
   23.216974674867348       0.13154394198245892        3.2852222791084670E-002 -0.10656098764773070       -3.4035106858687863E-008   3.9681866182701699     
   23.271731690609961       0.13153808854954249        3.2825080617221392E-002 -0.10665026198349614       -3.4064621247078938E-008   3.9690753298901096     
   23.326488706352574       0.13152840909437388        3.2797141883341582E-002 -0.10673462071333445       -3.4090912476141581E-008   3.9690175432927610     
   23.381245722095183       0.13151641974435083        3.2768351930839212E-002 -0.10681399807336792       -3.4115733377943510E-008   3.9685899222846674     
   23.436002737837796       0.13150267412384986        3.2738938932020199E-002 -0.10688614295090673       -3.4143553754523057E-008   3.9687933777143267     
   23.490759753580409       0.13148946707739639        3.2709584802843021E-002 -0.10695299813850589       -3.4182629448572555E-008   3.9705110375003723     
   23.545516769323019       0.13147802818296242        3.2680821229585585E-002 -0.10701485337492664       -3.4239324445298598E-008   3.9737879248525605     
   23.600273785065632       0.13146856620582292        3.2653475755347730E-002 -0.10707055816256389       -3.4312026087475857E-008   3.9781336530151021     
   23.655030800808241       0.13146234415068936        3.2628421682169367E-002 -0.10712111009828090       -3.4394848877474943E-008   3.9831614576253620     
   23.709787816550854       0.13145919217790880        3.2605454007037363E-002 -0.10716592620561086       -3.4485203623961542E-008   3.9884410363383038     
   23.764544832293467       0.13145429459207170        3.2582645642749222E-002 -0.10720085816604022       -3.4581496186398464E-008   3.9932398245370431     
   23.819301848036076       0.13144501026381838        3.2558424953419610E-002 -0.10722245649010800       -3.4676766389630998E-008   3.9970688838267883     
   23.874058863778689       0.13143562702050041        3.2534669193554376E-002 -0.10723377682040539       -3.4757924017119451E-008   3.9998456739654240     
   23.928815879521302       0.13142924309665302        3.2512688184009250E-002 -0.10723864038939379       -3.4818178866493931E-008   4.0018491259443874     
   23.983572895263912       0.13142542060258250        3.2490895281658036E-002 -0.10723719949414617       -3.4863852101652126E-008   4.0037897243350313     
   24.038329911006524       0.13142695235806051        3.2469727523643611E-002 -0.10723284835220592       -3.4902155450031150E-008   4.0061421324179536     
   24.093086926749137       0.13143387314876417        3.2449771836302661E-002 -0.10722722409105068       -3.4935710698634114E-008   4.0092829578718918     
   24.147843942491747       0.13144021393840485        3.2429494862619840E-002 -0.10721507758126092       -3.4969418583108626E-008   4.0135291402523778     
   24.202600958234360       0.13144396080332546        3.2408545971166110E-002 -0.10719420104206751       -3.5005595234880862E-008   4.0187205854560357     
   24.257357973976973       0.13144979002248525        3.2388271678632931E-002 -0.10716866401439076       -3.5041468125408138E-008   4.0244462599579176     
   24.312114989719582       0.13145656826970517        3.2367547340943346E-002 -0.10713623655933180       -3.5078515799337296E-008   4.0304897859946056     
   24.366872005462195       0.13146162350617580        3.2345452390652486E-002 -0.10709423486287131       -3.5114042743602508E-008   4.0366071032383193     
   24.421629021204804       0.13146398238304319        3.2322102582443731E-002 -0.10704269608394165       -3.5146268948402193E-008   4.0423888960970480     
   24.476386036947417       0.13146041349623735        3.2296848207857436E-002 -0.10697891735711620       -3.5176370313043322E-008   4.0473307512264061     
   24.531143052690030       0.13145133089589248        3.2270222207698609E-002 -0.10690347288211294       -3.5199726410398537E-008   4.0508074075765856     
   24.585900068432640       0.13144360752777492        3.2244682432074165E-002 -0.10682342521133414       -3.5210924942604177E-008   4.0524406106593505     
   24.640657084175253       0.13143665311414340        3.2220593363191316E-002 -0.10673954572275618       -3.5210070782390025E-008   4.0523449228138757     
   24.695414099917866       0.13142635928078031        3.2197224675108500E-002 -0.10664892568281165       -3.5200667072897629E-008   4.0510871681039502     
   24.750171115660475       0.13141427135790326        3.2175146209259937E-002 -0.10655301606081302       -3.5186024844164248E-008   4.0495142459869067     
   24.804928131403088       0.13140165476856741        3.2154873217588496E-002 -0.10645265075052249       -3.5171987288411428E-008   4.0483062630137052     
   24.859685147145701       0.13139097497925897        3.2137571102412950E-002 -0.10635005069482636       -3.5160306727998365E-008   4.0474103936198764     
   24.914442162888310       0.13138029250567843        3.2122824206119178E-002 -0.10624586444420275       -3.5150009840977998E-008   4.0464299402505830     
   24.969199178630923       0.13136768411682384        3.2109930675055277E-002 -0.10614087068340269       -3.5138494805460642E-008   4.0452652423204976     
   25.023956194373536       0.13135382606078763        3.2098790285211856E-002 -0.10603583400627178       -3.5126435060149930E-008   4.0440757542593877     
   25.078713210116145       0.13133882174342604        3.2088860085429195E-002 -0.10593048411984229       -3.5120894149557206E-008   4.0427782994926158     
   25.133470225858758       0.13132521383522955        3.2081381400095484E-002 -0.10582871209463848       -3.5118724231981469E-008   4.0408194074734940     
   25.188227241601368       0.13131364477161997        3.2076307902901356E-002 -0.10573288151040042       -3.5118144484901034E-008   4.0378218364664376     
   25.242984257343981       0.13130203442416927        3.2072105296519604E-002 -0.10564061249858542       -3.5119102715049886E-008   4.0338337034665717     
   25.297741273086594       0.13128730589904333        3.2068937554574017E-002 -0.10554921138498236       -3.5115955249083237E-008   4.0292636980486574     
   25.352498288829203       0.13126573111051032        3.2066058412827239E-002 -0.10545650361993830       -3.5110974103640649E-008   4.0248519038963257     
   25.407255304571816       0.13124145814705629        3.2064427044128985E-002 -0.10536778684122683       -3.5106791383106842E-008   4.0212434534667070     
   25.462012320314429       0.13121842671873829        3.2064994804718749E-002 -0.10528751449521306       -3.5105616344707298E-008   4.0187148537298789     
   25.516769336057038       0.13119144704040800        3.2065266699155479E-002 -0.10520988038385404       -3.5115175067888824E-008   4.0172205741836597     
   25.571526351799651       0.13115812437768648        3.2064699834857109E-002 -0.10513301531061964       -3.5135319057449675E-008   4.0162381363560629     
   25.626283367542264       0.13112164836506313        3.2064638935230212E-002 -0.10505978052288220       -3.5159696231817884E-008   4.0151094137010643     
   25.681040383284873       0.13108169860932684        3.2065020434334117E-002 -0.10498973197344491       -3.5183958285234963E-008   4.0134155580646409     
   25.735797399027486       0.13103358853444966        3.2064000506126039E-002 -0.10491896296834352       -3.5205509571213738E-008   4.0112260703923841     
   25.790554414770099       0.13097911076133573        3.2061575828011502E-002 -0.10484878413894744       -3.5225921177228977E-008   4.0088178152431402     
   25.845311430512709       0.13092185102240142        3.2058937243246911E-002 -0.10478343892594355       -3.5247410509466690E-008   4.0063368526200538     
   25.900068446255322       0.13086034577112762        3.2055908498930877E-002 -0.10472314489836707       -3.5272620084956166E-008   4.0041536554908710     
   25.954825461997935       0.13079641269529219        3.2052876447241786E-002 -0.10466926260093581       -3.5308353785191301E-008   4.0026451614698315     
   26.009582477740544       0.13072988096469015        3.2050190627469444E-002 -0.10462119857252297       -3.5357093149107064E-008   4.0019590560358296     
   26.064339493483157       0.13065696817680780        3.2047304991301193E-002 -0.10457595139790252       -3.5419261056938999E-008   4.0021261698673207     
   26.119096509225766       0.13057570872425836        3.2043465232341993E-002 -0.10453059971174294       -3.5495218514322506E-008   4.0030603596799361     
   26.173853524968379       0.13048712312562988        3.2039208309504671E-002 -0.10448502905673968       -3.5578119739516902E-008   4.0046847186094991     
   26.228610540710992       0.13039186883814610        3.2034389452068310E-002 -0.10443883936151366       -3.5667336068700280E-008   4.0070029503372186     
   26.283367556453602       0.13029128521176275        3.2028580392634960E-002 -0.10439307181730229       -3.5764815206962509E-008   4.0098700829555529     
   26.338124572196215       0.13018699383195226        3.2022129751855422E-002 -0.10434925638441037       -3.5862929192466415E-008   4.0129250836096295     
   26.392881587938827       0.13008025471736695        3.2015894613497679E-002 -0.10430750277033543       -3.5953038668129156E-008   4.0156219963785063     
   26.447638603681437       0.12997339697547591        3.2010983816550168E-002 -0.10426877638308013       -3.6028799570740154E-008   4.0173992831133054     
   26.502395619424050       0.12986382522949716        3.2006189123653224E-002 -0.10422995974539587       -3.6086443375668908E-008   4.0180768963085400     
   26.557152635166663       0.12974827384135468        3.1999342926511770E-002 -0.10418859073080186       -3.6127428138134491E-008   4.0178358325382719     
   26.611909650909272       0.12962572010368628        3.1989440778601254E-002 -0.10414269964429995       -3.6154321565104609E-008   4.0170617234104240     
   26.666666666651885       0.12950062772865620        3.1977631250714116E-002 -0.10409429821389260       -3.6172841757739470E-008   4.0163258263303891     
   26.721423682394498       0.12937882007626955        3.1965312196160327E-002 -0.10404832367489233       -3.6193928113029661E-008   4.0161643266680942     
   26.776180698137107       0.12926161554108362        3.1954034947672835E-002 -0.10400579123153925       -3.6219639863029664E-008   4.0166808670634540     
   26.830937713879720       0.12914458022553488        3.1943327309523546E-002 -0.10396246009591453       -3.6251229969685364E-008   4.0176810083400145     
   26.885694729622330       0.12902545663683285        3.1932942950785088E-002 -0.10391645149417636       -3.6284974825251199E-008   4.0187870534662249     
   26.940451745364943       0.12891046310992035        3.1925239255989300E-002 -0.10387288922571863       -3.6310933645699147E-008   4.0195841329922679     
   26.995208761107556       0.12880055739657872        3.1920400568060510E-002 -0.10383240931535165       -3.6325141271440017E-008   4.0200534978351445     
   27.049965776850165       0.12869000670217248        3.1916358179561254E-002 -0.10379036576239625       -3.6328860851564536E-008   4.0205896196033839     
   27.104722792592778       0.12857648107331970        3.1911852466148583E-002 -0.10374451247017452       -3.6324156851993104E-008   4.0215122028122163     
   27.159479808335391       0.12846192434931167        3.1907448596737394E-002 -0.10369539355939281       -3.6309677588076127E-008   4.0226160560507944     
   27.214236824078000       0.12834552128832014        3.1901697072504537E-002 -0.10364060413965434       -3.6292316599268226E-008   4.0234043148335923     
   27.268993839820613       0.12823175264584133        3.1895478688515499E-002 -0.10358410177325281       -3.6270568322353174E-008   4.0232722764980471     
   27.323750855563226       0.12812258791559700        3.1889787104011920E-002 -0.10352697289258614       -3.6235396910888134E-008   4.0219275977941820     
   27.378507871305835       0.12801712359517642        3.1882912960596324E-002 -0.10346636035540874       -3.6190814545090037E-008   4.0194826894980586     
