   8.9736399327086686E-002  0.36800061540157430        9.9210469249045256E-003 -0.37792166232647845     
  0.17947279865417337       0.36857739478943785        1.0048038389420975E-002 -0.37862543317885633     
  0.26920919798126008       0.36919238200009630        9.5505097651091136E-003 -0.37874289176520659     
  0.35894559730834674       0.36983104325253913        9.3136697269915608E-003 -0.37914471297953106     
  0.44868199663543340       0.37044325995217831        1.0107605261896550E-002 -0.38055086521407488     
  0.53841839596252017       0.37100414819716176        9.9117890521407317E-003 -0.38091593724930467     
  0.62815479528960683       0.37155529788489955        1.0014595858043190E-002 -0.38156989374294759     
  0.71789119461669348       0.37204129981131884        9.7546033979240433E-003 -0.38179590320924217     
  0.80762759394378014       0.37250080825101745        9.8599414523116401E-003 -0.38236074970333001     
  0.89736399327086680       0.37296594728299709        9.3259425040866512E-003 -0.38229188978708767     
  0.98710039259795357       0.37347202412097436        8.7724573633661818E-003 -0.38224448148434498     
   1.0768367919250403       0.37397757956060601        8.6227137197956924E-003 -0.38260029328040263     
   1.1665731912521269       0.37444765046558565        8.1185343922303092E-003 -0.38256618485781507     
   1.2563095905792137       0.37483956897003012        7.9069337842499667E-003 -0.38274650275427868     
   1.3460459899063002       0.37512723018061978        7.9662267763987559E-003 -0.38309345695702068     
   1.4357823892333870       0.37530986321894183        8.1284099887735922E-003 -0.38343827320771362     
   1.5255187885604737       0.37547299227076336        8.8136672151488109E-003 -0.38428665948591295     
   1.6152551878875603       0.37560326545667239        8.3379767814243614E-003 -0.38394124223809978     
   1.7049915872146471       0.37569515620869420        7.8476550234359791E-003 -0.38354281123213202     
   1.7947279865417336       0.37579984198288896        8.3297021945353128E-003 -0.38412954417742684     
   1.8844643858688204       0.37591409232685474        9.6727364216365307E-003 -0.38558682874849026     
   1.9742007851959071       0.37600357839641746        9.9717069632807055E-003 -0.38597528535970016     
   2.0639371845229939       0.37609651693590151        9.4969899176671549E-003 -0.38559350685356580     
   2.1536735838500807       0.37621401405911481        9.3518034476445071E-003 -0.38556581750675661     
   2.2434099831771670       0.37630780018253196        8.3158441315705021E-003 -0.38462364431410029     
   2.3331463825042538       0.37639269898708105        8.5387019152726052E-003 -0.38493140090235184     
   2.4228827818313405       0.37648189846548225        8.3544143440738867E-003 -0.38483631280955566     
   2.5126191811584273       0.37659942114651335        7.4483499299429325E-003 -0.38404777107645893     
   2.6023555804855141       0.37677915988979266        7.1778285749516772E-003 -0.38395698846474557     
   2.6920919798126004       0.37702448602280969        6.6685249727681624E-003 -0.38369301099557457     
   2.7818283791396872       0.37735499049323412        7.1527147633687997E-003 -0.38450770525660333     
   2.8715647784667739       0.37777188023585379        6.5401406377302712E-003 -0.38431202087358202     
   2.9613011777938607       0.37817598165285660        5.6485211562439909E-003 -0.38382450280909985     
   3.0510375771209475       0.37856473581712330        6.5050211778906221E-003 -0.38506975699501200     
   3.1407739764480338       0.37891186013294098        6.2090873749686632E-003 -0.38512094750790632     
   3.2305103757751206       0.37916140578800833        6.0534227756986244E-003 -0.38521482856370837     
   3.3202467751022073       0.37940222984187399        6.1718341553569471E-003 -0.38557406399722949     
   3.4099831744292941       0.37958117188463758        5.3361833464201378E-003 -0.38491735523105891     
   3.4997195737563809       0.37972353824047467        5.0106336546480159E-003 -0.38473417189512149     
   3.5894559730834672       0.37982471781167215        5.4829516788081250E-003 -0.38530766949047984     
   3.6791923724105540       0.37991582728860301        4.9708973033198876E-003 -0.38488672459191925     
   3.7689287717376407       0.38001687848528387        5.3558181965327701E-003 -0.38537269668181517     
   3.8586651710647275       0.38013983524060918        5.8403159585167560E-003 -0.38598015119912593     
   3.9484015703918143       0.38020382741180753        6.5616789180535902E-003 -0.38676550632986340     
   4.0381379697189006       0.38021506895226903        6.5218310799139180E-003 -0.38673690003218292     
   4.1278743690459878       0.38020368957998280        7.6418883036829541E-003 -0.38784557788366714     
   4.2176107683730741       0.38021226652996426        7.5567835431448746E-003 -0.38776905007311274     
   4.3073471677001614       0.38019903052630211        7.9993238630187528E-003 -0.38819835438931982     
   4.3970835670272477       0.38013195242214387        7.8578715299111382E-003 -0.38798982395205400     
   4.4868199663543340       0.38009723757137376        7.9698684587414491E-003 -0.38806710603011446     
   4.5765563656814212       0.38005113075660901        8.2697042319306788E-003 -0.38832083498853898     
   4.6662927650085075       0.37997502712673537        7.9536530259224029E-003 -0.38792868015265919     
   4.7560291643355947       0.37996108061299455        9.1793257728889788E-003 -0.38914040638588471     
   4.8457655636626811       0.38005060866642509        9.2546137956285059E-003 -0.38930522246205396     
   4.9355019629897674       0.38016962463123927        9.5632168142776187E-003 -0.38973284144551318     
   5.0252383623168546       0.38036789186788073        9.8414470944909321E-003 -0.39020933896237009     
   5.1149747616439409       0.38058311352057461        9.9831520907826266E-003 -0.39056626561136132     
   5.2047111609710281       0.38081687071660680        9.9626739097827717E-003 -0.39077954462638503     
   5.2944475602981145       0.38110536934617939        1.0716129121383543E-002 -0.39182149846756581     
   5.3841839596252008       0.38143958262990829        1.0969311442604953E-002 -0.39240889407251228     
   5.4739203589522880       0.38178059484214522        1.0010636284519207E-002 -0.39179123112666470     
   5.5636567582793743       0.38204815049294027        1.0108481510492333E-002 -0.39215663200342982     
   5.6533931576064615       0.38226360571714491        1.0000646234653226E-002 -0.39226425195180104     
   5.7431295569335479       0.38247765595082928        1.0374955422966117E-002 -0.39285261137379274     
   5.8328659562606342       0.38266761588264853        1.0346216290971903E-002 -0.39301383217361952     
   5.9226023555877214       0.38284415871906124        9.0946884302534996E-003 -0.39193884714931426     
   6.0123387549148077       0.38304136686363105        8.9541704939413800E-003 -0.39199553735757076     
   6.1020751542418949       0.38321208130379791        9.7164639105499339E-003 -0.39292854521434606     
   6.1918115535689813       0.38333376946460102        9.4098881514789665E-003 -0.39274365761607793     
   6.2815479528960676       0.38349384254792435        9.3631838344834274E-003 -0.39285702638241232     
   6.3712843522231548       0.38366046270924237        8.7300135527709731E-003 -0.39239047626201068     
   6.4610207515502411       0.38381040936977218        8.3422581517535316E-003 -0.39215266752152639     
   6.5507571508773283       0.38394857182496284        8.0871427434975034E-003 -0.39203571456846159     
   6.6404935502044147       0.38413648795918398        7.9162689649254821E-003 -0.39205275692411035     
   6.7302299495315010       0.38430877555162607        8.5934808692113857E-003 -0.39290225642083804     
   6.8199663488585882       0.38448780374196539        8.7299289043918753E-003 -0.39321773264636128     
   6.9097027481856745       0.38462024105530646        8.1932909038304417E-003 -0.39281353195913749     
   6.9994391475127617       0.38466772231388879        8.7779010191992753E-003 -0.39344562333309013     
   7.0891755468398481       0.38470833867708026        8.4777228207938496E-003 -0.39318606149787477     
   7.1789119461669344       0.38471524853434402        8.8826119203763675E-003 -0.39359786045471923     
   7.2686483454940216       0.38465017160835091        9.0067252010803591E-003 -0.39365689680942950     
   7.3583847448211079       0.38461693198442520        8.4794464330391478E-003 -0.39309637841746253     
   7.4481211441481951       0.38456080094526057        9.4120204033514478E-003 -0.39397282134861539     
   7.5378575434752815       0.38460914893984005        9.2541868982753892E-003 -0.39386333583811611     
   7.6275939428023687       0.38471614280600608        8.5615178144973596E-003 -0.39327766062050451     
   7.7173303421294550       0.38484431596202351        8.8146224834918883E-003 -0.39365893844551292     
   7.8070667414565413       0.38495094003085106        8.8285635482348180E-003 -0.39377950357908370     
   7.8968031407836285       0.38506641496403293        9.4788741310322788E-003 -0.39454528909506698     
   7.9865395401107149       0.38528527286006636        9.5569957857834613E-003 -0.39484226864584693     
   8.0762759394378012       0.38546383647947091        9.4134201718970179E-003 -0.39487725665136236     
   8.1660123387648884       0.38563539759111148        8.6680294221337367E-003 -0.39430342701324400     
   8.2557487380919756       0.38579757370327672        9.6445922814625985E-003 -0.39544216598473930     
   8.3454851374190611       0.38590444854800532        9.5097124805875056E-003 -0.39541416102859150     
   8.4352215367461483       0.38605133694700794        1.0268312024010840E-002 -0.39631964897101984     
   8.5249579360732355       0.38619126760655259        1.0168457506857907E-002 -0.39635972511341161     
   8.6146943354003227       0.38636393669929137        1.0042155350309112E-002 -0.39640609204960070     
   8.7044307347274081       0.38655895745133434        9.0771662462000649E-003 -0.39563612369753604     
   8.7941671340544953       0.38676902765041837        8.6011934950624390E-003 -0.39537022114547937     
   8.8839035333815826       0.38698924249667521        8.2296106875636016E-003 -0.39521885318424110     
   8.9736399327086680       0.38713322355229929        8.5056249091065659E-003 -0.39563884846140795     
   9.0633763320357552       0.38726274041450831        8.7683754509994237E-003 -0.39603111586550438     
   9.1531127313628424       0.38737294900024960        8.1670915759759679E-003 -0.39554004057622449     
   9.2428491306899279       0.38747648135641316        8.4337658030752532E-003 -0.39591024715949191     
   9.3325855300170151       0.38761786202675524        8.1488956311329026E-003 -0.39576675765788849     
   9.4223219293441023       0.38778288267963318        8.4709613100975769E-003 -0.39625384398973040     
   9.5120583286711895       0.38798613632561935        7.9285579708410388E-003 -0.39591469429645981     
   9.6017947279982749       0.38823495155191162        8.4759174792133820E-003 -0.39671086903112363     
   9.6915311273253621       0.38853204154675897        8.2898685230785966E-003 -0.39682191006983425     
   9.7812675266524494       0.38880516476308918        7.8522665047896130E-003 -0.39665743126787428     
   9.8710039259795348       0.38901787798480741        7.2664359742003418E-003 -0.39628431395900809     
   9.9607403253066220       0.38916330583099756        7.2644132992406166E-003 -0.39642771913024050     
   10.050476724633709       0.38923995427874619        7.5001379557476915E-003 -0.39674009223449452     
   10.140213123960795       0.38929441814896681        7.1842614052040170E-003 -0.39647867955417282     
   10.229949523287882       0.38932465455832466        6.8330954276301422E-003 -0.39615774998595571     
   10.319685922614969       0.38936315966929219        6.7994595551788065E-003 -0.39616261922447360     
   10.409422321942056       0.38946026396443206        6.6389978774694294E-003 -0.39609926184190125     
   10.499158721269142       0.38954364784285156        6.4806536547239602E-003 -0.39602430149757334     
   10.588895120596229       0.38961844006362145        6.3297886138259955E-003 -0.39594822867745216     
   10.678631519923316       0.38976516120957116        5.7480382046811223E-003 -0.39551319941425167     
   10.768367919250402       0.38993091858168050        6.1684778869264640E-003 -0.39609939646861042     
   10.858104318577489       0.39005396438994355        6.2155679430931417E-003 -0.39626953233304207     
   10.947840717904576       0.39011861356850069        6.3460635173582256E-003 -0.39646467708586303     
   11.037577117231661       0.39010193104795238        5.8651355723866507E-003 -0.39596706662033671     
   11.127313516558749       0.38999271742986980        6.1002006526358343E-003 -0.39609291808250774     
   11.217049915885836       0.38981848794110463        5.6012935569901591E-003 -0.39541978149809526     
   11.306786315212923       0.38963247502891696        5.3847440446942131E-003 -0.39501721907360732     
   11.396522714540009       0.38942427611588826        4.8705836993365673E-003 -0.39429485981522783     
   11.486259113867096       0.38920868421732924        4.9362915415772897E-003 -0.39414497575890578     
   11.575995513194183       0.38901046025631969        5.1761549050619018E-003 -0.39418661516138404     
   11.665731912521268       0.38886859600501655        5.3703498209549238E-003 -0.39423894582596680     
   11.755468311848356       0.38878388280803705        5.8829781650787481E-003 -0.39466686097311615     
   11.845204711175443       0.38878293093352501        4.9366913679038168E-003 -0.39371962230142638     
   11.934941110502530       0.38884627905924485        4.9544724427306444E-003 -0.39380075150197469     
   12.024677509829615       0.38893407634451982        4.8558006259958614E-003 -0.39378987697051610     
   12.114413909156703       0.38900305432464560        4.3301047561000675E-003 -0.39333315908074451     
   12.204150308483790       0.38910246572229462        3.8622204670947218E-003 -0.39296468618939145     
   12.293886707810875       0.38916273808688251        3.2371443677314915E-003 -0.39239988245461543     
   12.383623107137963       0.38925709868966379        4.3429239166140991E-003 -0.39360002260627636     
   12.473359506465050       0.38932844970530217        4.4658544803525095E-003 -0.39379430418565375     
   12.563095905792135       0.38941865494328570        3.1662429375978883E-003 -0.39258489788088269     
   12.652832305119222       0.38951107245662298        3.8738983029324874E-003 -0.39338497075955875     
   12.742568704446310       0.38966626220086154        3.7996875082845875E-003 -0.39346594970914966     
   12.832305103773397       0.38979961722829493        4.5210322704585066E-003 -0.39432064949875339     
   12.922041503100482       0.38990768716251711        4.5922934280546116E-003 -0.39449998059056968     
   13.011777902427569       0.39001993315999667        3.7351681734333181E-003 -0.39375510133343605     
   13.101514301754657       0.39014431058766208        4.4751139850219401E-003 -0.39461942457268401     
   13.191250701081742       0.39026801723831922        4.0091053355715781E-003 -0.39427712257389230     
   13.280987100408829       0.39037362360077260        5.6540264315605984E-003 -0.39602765003233747     
   13.370723499735917       0.39051447198685668        5.0379419608912075E-003 -0.39555241394774598     
   13.460459899063002       0.39067048364523271        4.7343089532900645E-003 -0.39540479259852190     
   13.550196298390089       0.39080312830421365        5.2351336633469671E-003 -0.39603826196755954     
   13.639932697717176       0.39084648493514118        5.1399163281825467E-003 -0.39598640126332540     
   13.729669097044264       0.39085298217805114        5.2045338546712833E-003 -0.39605751603272216     
   13.819405496371349       0.39085788162722157        5.4630261382787671E-003 -0.39632090776550155     
   13.909141895698436       0.39086084436147123        4.9569556420010737E-003 -0.39581780000347283     
   13.998878295025523       0.39085391834913619        5.7769272328873468E-003 -0.39663084558202377     
   14.088614694352609       0.39082541040018948        7.1576771865475798E-003 -0.39798308758673806     
   14.178351093679696       0.39079757021751443        6.7004323714277792E-003 -0.39749800258894030     
   14.268087493006783       0.39082066254011394        6.5800210080259013E-003 -0.39740068354814201     
   14.357823892333869       0.39087048787801792        6.4055448377557658E-003 -0.39727603271577427     
   14.447560291660956       0.39088164333200742        6.7453858787047847E-003 -0.39762702921071191     
   14.537296690988043       0.39086026031037152        4.8434985070997432E-003 -0.39570375881747327     
   14.627033090315130       0.39078379800801821        4.5909563002817892E-003 -0.39537475430829894     
   14.716769489642216       0.39071172198771448        4.3880712432545288E-003 -0.39509979323096839     
   14.806505888969303       0.39064360499440387        5.0161258829220035E-003 -0.39565973087732281     
   14.896242288296390       0.39062144599195969        5.2279857813855562E-003 -0.39584943177334786     
   14.985978687623476       0.39062288442379850        5.3728731313222103E-003 -0.39599575755511934     
   15.075715086950563       0.39064134434593251        5.7172613881688039E-003 -0.39635860573409942     
   15.165451486277650       0.39058413688026217        6.4136892633678173E-003 -0.39699782614362916     
   15.255187885604737       0.39055534376110168        6.7282840573367622E-003 -0.39728362781843668     
   15.344924284931823       0.39051776128424937        6.3541370831496817E-003 -0.39687189836740172     
   15.434660684258910       0.39042226752630954        6.6675972915115518E-003 -0.39708986481781977     
   15.524397083585997       0.39030610119871945        6.2182764763962142E-003 -0.39652437767511234     
   15.614133482913083       0.39017992487336739        6.2457880263673323E-003 -0.39642571289973144     
   15.703869882240170       0.38997197658986682        6.4326695769562712E-003 -0.39640464616682347     
   15.793606281567257       0.38973464190405538        6.0195415839172078E-003 -0.39575418348797364     
   15.883342680894343       0.38952506859650110        6.1650783061577945E-003 -0.39569014690265414     
   15.973079080221430       0.38937089831295385        6.3136066452904663E-003 -0.39568450495824614     
   16.062815479548515       0.38924444295307775        6.9051713795290929E-003 -0.39614961433260903     
   16.152551878875602       0.38922663051883866        7.1138908032877092E-003 -0.39634052132212411     
   16.242288278202690       0.38930013793045248        6.3935486138307907E-003 -0.39569368654428405     
   16.332024677529777       0.38945157844553163        5.7906512778803706E-003 -0.39524222972341350     
   16.421761076856864       0.38964420925137982        6.0164319802041280E-003 -0.39566064123158390     
   16.511497476183951       0.38982678996034298        5.9841792414739581E-003 -0.39581096920181491     
   16.601233875511038       0.39006461133928444        6.1343478445821387E-003 -0.39619895918386744     
   16.690970274838122       0.39032706990295490        6.6008331360787546E-003 -0.39692790303903580     
   16.780706674165209       0.39061212884611723        5.7117982725364540E-003 -0.39632392711865772     
   16.870443073492297       0.39087875941327077        5.7377906910744169E-003 -0.39661655010434227     
   16.960179472819384       0.39113279711246002        4.7467804981040944E-003 -0.39587957761056214     
   17.049915872146471       0.39138310968677698        5.5453089537633067E-003 -0.39692841864053846     
   17.139652271473558       0.39162249172917984        5.5465622572738417E-003 -0.39716905398645108     
   17.229388670800645       0.39187288647753704        5.1501213301272664E-003 -0.39702300780766614     
   17.319125070127729       0.39211484732995949        5.2577928249971104E-003 -0.39737264015496160     
   17.408861469454816       0.39229332424242108        4.9722100572534202E-003 -0.39726553429967038     
   17.498597868781903       0.39235751902352728        5.0179667257360247E-003 -0.39737548574926401     
   17.588334268108991       0.39237731957120142        5.7140056652483506E-003 -0.39809132523645108     
   17.678070667436078       0.39232689590961084        5.5978025818717398E-003 -0.39792469849148215     
   17.767807066763165       0.39226166925276140        5.5371056735936171E-003 -0.39779877492635490     
   17.857543466090249       0.39217569817067149        5.9885236264883299E-003 -0.39816422179715999     
   17.947279865417336       0.39222388832788779        6.3182825087096705E-003 -0.39854217083659693     
   18.037016264744423       0.39233127833111436        5.9230009923294238E-003 -0.39825427932344215     
   18.126752664071510       0.39246441338362009        5.8302373056661342E-003 -0.39829465068929043     
   18.216489063398598       0.39265934199064945        6.1547205280836383E-003 -0.39881406251873402     
   18.306225462725685       0.39284839516966275        6.1558503384777303E-003 -0.39900424550813984     
   18.395961862052772       0.39306591992430812        6.5434030167528809E-003 -0.39960932294105700     
   18.485698261379856       0.39322338934801399        7.1158004657171335E-003 -0.40033918981373401     
   18.575434660706943       0.39338254729738859        7.0411260152691479E-003 -0.40042367331265710     
   18.665171060034030       0.39346327731364145        6.6705239334641188E-003 -0.40013380124710873     
   18.754907459361117       0.39349254786498422        5.8729267540334048E-003 -0.39936547461902205     
   18.844643858688205       0.39345327924324058        6.2754534741660166E-003 -0.39972873271740550     
   18.934380258015292       0.39334817684258344        6.1641614877137986E-003 -0.39951233833029814     
   19.024116657342379       0.39317800846128564        5.7162683610657806E-003 -0.39889427682234990     
   19.113853056669463       0.39296443086391003        6.2651064886652258E-003 -0.39922953735257549     
   19.203589455996550       0.39275902106984556        6.8138751999065710E-003 -0.39957289626975007     
   19.293325855323637       0.39252861329969613        6.7473633808523134E-003 -0.39927597668054732     
   19.383062254650724       0.39232160085210832        7.0263902896139730E-003 -0.39934799114172331     
   19.472798653977812       0.39211713847216889        6.1587035575622964E-003 -0.39827584202972821     
   19.562535053304899       0.39193810462508011        7.1867608290453085E-003 -0.39912486545412224     
   19.652271452631982       0.39176541431688239        7.6318084096671937E-003 -0.39939722272654971     
   19.742007851959070       0.39157258890377267        8.3971062503653496E-003 -0.39996969515413489     
   19.831744251286157       0.39138094622863151        7.5386267007811350E-003 -0.39891957292941332     
   19.921480650613244       0.39115448213887266        6.5085924091896627E-003 -0.39766307454806443     
   20.011217049940331       0.39088510885006017        6.1138526826981943E-003 -0.39699896153275804     
   20.100953449267418       0.39062449565316187        7.0109670163349949E-003 -0.39763546266949656     
   20.190689848594506       0.39040397509021546        7.8010331766896236E-003 -0.39820500826690408     
   20.280426247921589       0.39026639142175934        7.4336119111085503E-003 -0.39770000333286920     
   20.370162647248677       0.39013527443955975        8.6186313473236905E-003 -0.39875390578688258     
   20.459899046575764       0.39002673949085054        8.8447085419878675E-003 -0.39887144803284080     
   20.549635445902851       0.38994311578502383        8.3940352539502786E-003 -0.39833715103897177     
   20.639371845229938       0.38988345630082533        7.8217776419206506E-003 -0.39770523394274365     
   20.729108244557025       0.38996133651846782        9.2147614280941176E-003 -0.39917609794655962     
   20.818844643884113       0.39005623176213655        9.3002782186356100E-003 -0.39935650998077227     
   20.908581043211196       0.39013040269427540        8.7833710915931756E-003 -0.39891377378586634     
   20.998317442538283       0.39016640654253010        7.9396573693591554E-003 -0.39810606391189018     
   21.088053841865371       0.39025358459448689        7.8896920836442116E-003 -0.39814327667813437     
   21.177790241192458       0.39030351788604489        7.9711732615758094E-003 -0.39827469114761932     
   21.267526640519545       0.39030508934175090        7.3943646342556745E-003 -0.39769945397600481     
   21.357263039846632       0.39026727852754162        7.7223190459624353E-003 -0.39798959757350189     
   21.446999439173720       0.39026489880527626        7.4523577591691309E-003 -0.39771725656444756     
   21.536735838500803       0.39032092571888977        8.0983660139946415E-003 -0.39841929173288759     
   21.626472237827890       0.39047196212354962        8.1734910422566771E-003 -0.39864545316580485     
   21.716208637154978       0.39064990581357584        9.6037380865768157E-003 -0.40025364390015289     
   21.805945036482065       0.39079986964870228        9.0448804963110044E-003 -0.39984475014501086     
   21.895681435809152       0.39098708029177132        9.7905424822703983E-003 -0.40077762277404022     
   21.985417835136239       0.39119264963170880        1.0164476053992628E-002 -0.40135712568569909     
   22.075154234463323       0.39147269568145759        9.7998935829002373E-003 -0.40127258926435866     
   22.164890633790410       0.39183294889413589        9.2954445815576839E-003 -0.40112839347569673     
   22.254627033117497       0.39224689027508630        9.3822538194149995E-003 -0.40162914409450201     
   22.344363432444585       0.39270224976433327        9.2464420377714462E-003 -0.40194869180210313     
   22.434099831771672       0.39315214342008103        9.2047668677961870E-003 -0.40235691028787485     
   22.523836231098759       0.39357626240453242        9.0770585786123081E-003 -0.40265332098314760     
   22.613572630425846       0.39397388540808997        9.1520551261153448E-003 -0.40312594053420475     
   22.703309029752930       0.39432357330666962        8.8174621348487969E-003 -0.40314103544151947     
   22.793045429080017       0.39459100980014217        8.8207254127035482E-003 -0.40341173521284229     
   22.882781828407104       0.39477330299536545        9.1023934030326353E-003 -0.40387569639839888     
   22.972518227734191       0.39484035489273167        8.5574258190252682E-003 -0.40339778071175575     
   23.062254627061279       0.39479622674706877        8.4088301052928378E-003 -0.40320505685236335     
   23.151991026388366       0.39469086424228611        7.8049449583905556E-003 -0.40249580920067896     
   23.241727425715453       0.39457647465744999        8.2363005531145232E-003 -0.40281277521056180     
   23.331463825042537       0.39441068929750189        7.6535015919176113E-003 -0.40206419088941880     
   23.421200224369624       0.39416898197156214        6.9156625443552288E-003 -0.40108464451591541     
   23.510936623696711       0.39394951612793733        6.9299498846496299E-003 -0.40087946601258428     
   23.600673023023798       0.39371601970930853        7.1565135971204084E-003 -0.40087253330643025     
   23.690409422350886       0.39352963797891893        7.1257504367648605E-003 -0.40065538841568349     
   23.780145821677973       0.39343076894787427        7.1981626983297622E-003 -0.40062893164620655     
   23.869882221005060       0.39337398862606426        7.2954414107072674E-003 -0.40066943003677213     
   23.959618620332144       0.39337531998994163        7.3251774706239994E-003 -0.40070049746056113     
   24.049355019659231       0.39341270086758379        6.8141731753463691E-003 -0.40022687404293139     
   24.139091418986318       0.39352457429215193        6.6394490500191090E-003 -0.40016402334217416     
   24.228827818313405       0.39372503982639800        5.9834947683784449E-003 -0.39970853459477546     
   24.318564217640493       0.39395399480342880        6.4836581614168545E-003 -0.40043765296484746     
   24.408300616967580       0.39418667415565262        6.5367221432340045E-003 -0.40072339629888487     
   24.498037016294663       0.39444052721950695        6.7781106714602957E-003 -0.40121863789096934     
   24.587773415621751       0.39472787720359953        5.7565154190969267E-003 -0.40048439262269553     
   24.677509814948838       0.39500383901280423        5.3796133006331990E-003 -0.40038345231344113     
   24.767246214275925       0.39521817876316262        6.1312762280642790E-003 -0.40134945499123087     
   24.856982613603012       0.39538502228312750        5.5490069749710809E-003 -0.40093402925810007     
   24.946719012930100       0.39557593843706751        5.9083359457144779E-003 -0.40148427438277945     
   25.036455412257187       0.39569703017036095        6.2421079686230301E-003 -0.40193913813898757     
   25.126191811584270       0.39579334717989734        6.8027259964319620E-003 -0.40259607317632717     
   25.215928210911358       0.39587788874730523        5.9346749216601432E-003 -0.40181256366896284     
   25.305664610238445       0.39602176524111349        6.1299610607006569E-003 -0.40215172630181301     
   25.395401009565532       0.39615958212182412        5.9041645566451527E-003 -0.40206374667847539     
   25.485137408892619       0.39629190366023415        5.5397579148352954E-003 -0.40183166157506900     
   25.574873808219706       0.39650154304302732        5.4308032239058744E-003 -0.40193234626693092     
   25.664610207546794       0.39681226175976164        5.9345629871791067E-003 -0.40274682474694212     
   25.754346606873877       0.39709359652657883        5.6451025387607243E-003 -0.40273869906534437     
   25.844083006200965       0.39731683374419752        6.3034560383684489E-003 -0.40362028978256514     
   25.933819405528052       0.39747774901328808        6.1867732743269739E-003 -0.40366452228761601     
   26.023555804855139       0.39759272265325762        5.5295478382395291E-003 -0.40312227049149535     
   26.113292204182226       0.39768224978540728        5.7840181087931543E-003 -0.40346626789419621     
   26.203028603509313       0.39775537605056221        7.0212079573555193E-003 -0.40477658400791527     
   26.292765002836401       0.39777829852430602        6.7554653321115349E-003 -0.40453376385641765     
   26.382501402163484       0.39777722582575159        6.5289222235793672E-003 -0.40430614804932868     
   26.472237801490571       0.39777056618555928        7.3087418645839111E-003 -0.40507930805014042     
   26.561974200817659       0.39778303391997372        6.3142768097823460E-003 -0.40409731072975802     
   26.651710600144746       0.39787383181864083        6.4359536081214476E-003 -0.40430978542676571     
   26.741446999471833       0.39796258094340198        6.0031160577612101E-003 -0.40396569700116131     
   26.831183398798920       0.39808263591313953        5.7895785634793813E-003 -0.40387221447661825     
   26.920919798126004       0.39817638185154569        5.0724672489371155E-003 -0.40324884910048214     
   27.010656197453091       0.39827090321777414        4.7854490954151226E-003 -0.40305635231318943     
   27.100392596780178       0.39839784510907778        5.9194845041996551E-003 -0.40431732961327804     
   27.190128996107266       0.39854730271894045        6.2351065494820751E-003 -0.40478240926842213     
   27.279865395434353       0.39871835224263902        6.9961532635054047E-003 -0.40571450550614419     
   27.369601794761440       0.39895205609071360        7.8423483323602182E-003 -0.40679440442307069     
   27.459338194088527       0.39920613126486215        7.2061206688183209E-003 -0.40641225193368019     
   27.549074593415611       0.39941944695054221        6.6281172111263362E-003 -0.40604756416166837     
   27.638810992742698       0.39963964330974755        5.8813138221242012E-003 -0.40552095713187081     
   27.728547392069785       0.39987344131201469        6.3675566419484231E-003 -0.40624099795395957     
   27.818283791396873       0.39999349542852169        7.5609330907359176E-003 -0.40755442851925988     
   27.908020190723960       0.40000587452693365        7.3962792186112137E-003 -0.40740215374554334     
   27.997756590051047       0.39997739525465748        7.0275806691004038E-003 -0.40700497592375956     
   28.087492989378134       0.39987664025166730        6.7448540546427823E-003 -0.40662149430631389     
   28.177229388705218       0.39962491704185749        7.5402864742007544E-003 -0.40716520351605850     
   28.266965788032305       0.39922496719450740        8.7033363251634438E-003 -0.40792830351967013     
   28.356702187359392       0.39873296705450390        9.0567072127412385E-003 -0.40778967426724150     
   28.446438586686480       0.39816653279536490        9.5095019373190696E-003 -0.40767603473268166     
   28.536174986013567       0.39750560087388304        8.9411592078544894E-003 -0.40644676008173586     
   28.625911385340654       0.39689742772737741        8.7643638924685598E-003 -0.40566179161984522     
   28.715647784667738       0.39633961142412266        8.6625336361886834E-003 -0.40500214506031235     
   28.805384183994825       0.39586578706977443        9.1234433691341019E-003 -0.40498923043890644     
   28.895120583321912       0.39547396198917656        9.4245502252322359E-003 -0.40489851221441608     
   28.984856982648999       0.39510379710987104        9.0764983370691180E-003 -0.40418029544694195     
   29.074593381976086       0.39482197354757370        9.4088664916998598E-003 -0.40423084003926912     
   29.164329781303174       0.39462599407448823        9.2472329388198788E-003 -0.40387322701330741     
   29.254066180630261       0.39446314620058304        8.5042515901862133E-003 -0.40296739779076984     
   29.343802579957345       0.39437843627873104        7.9804063382761352E-003 -0.40235884261700561     
   29.433538979284432       0.39430318932645225        8.2403437655952337E-003 -0.40254353309204771     
   29.523275378611519       0.39413248122492267        8.3479631177287607E-003 -0.40248044434265090     
   29.613011777938606       0.39395592998704060        8.6120944310393421E-003 -0.40256802441807915     
   29.702748177265693       0.39379757502411233        8.3527960582112266E-003 -0.40215037108232488     
   29.792484576592781       0.39367642020197513        7.8321204226548154E-003 -0.40150854062462821     
   29.882220975919868       0.39357614214750386        7.9260594623593653E-003 -0.40150220160986205     
   29.971957375246951       0.39345249611200273        7.6201565768349360E-003 -0.40107265268883352     
   30.061693774574039       0.39320457701354433        7.8727040445083305E-003 -0.40107728105805152     
   30.151430173901126       0.39289158323290091        8.0772355671741378E-003 -0.40096881880006924     
   30.241166573228213       0.39260924829961874        8.9170234320107063E-003 -0.40152627173162964     
   30.330902972555300       0.39238397554491666        8.9294523442977978E-003 -0.40131342788921531     
   30.420639371882388       0.39218768680620242        8.4723404229717966E-003 -0.40066002722917277     
   30.510375771209475       0.39210763666597875        9.0864351581115468E-003 -0.40119407182409050     
   30.600112170536558       0.39218936339047128        8.5825189240934640E-003 -0.40077188231456423     
   30.689848569863646       0.39238828027845174        8.3731793783943607E-003 -0.40076145965684962     
   30.779584969190733       0.39272052804382540        8.2667164103696865E-003 -0.40098724445419442     
   30.869321368517820       0.39312539901338989        8.4184914522526244E-003 -0.40154389046564221     
   30.959057767844907       0.39363864753383321        8.0927164857005872E-003 -0.40173136401953435     
   31.048794167171994       0.39413685649181979        8.4891186997214391E-003 -0.40262597519154320     
   31.138530566499078       0.39466369608431962        8.7559517806100936E-003 -0.40341964786493023     
   31.228266965826165       0.39522392060990374        8.7960767204069406E-003 -0.40401999733031552     
   31.318003365153253       0.39576635908529423        8.2451718210242303E-003 -0.40401153090631869     
   31.407739764480340       0.39636111736192620        7.2310485869622404E-003 -0.40359216594888864     
   31.497476163807427       0.39688654706666571        7.6139386708301759E-003 -0.40450048573749997     
   31.587212563134514       0.39731639457147738        7.7685944730038117E-003 -0.40508498904448337     
   31.676948962461601       0.39766990598879653        7.9679764606957037E-003 -0.40563788244949411     
   31.766685361788685       0.39789926962135769        7.6310689461392221E-003 -0.40553033856749976     
   31.856421761115772       0.39809029328498602        8.1527086399206822E-003 -0.40624300192490870     
   31.946158160442859       0.39823397535552368        8.2139477418471975E-003 -0.40644792309737510     
   32.035894559769950       0.39838006456373287        8.5120761675356420E-003 -0.40689214073126806     
   32.125630959097030       0.39847360298684475        8.6799951419202666E-003 -0.40715359812876656     
   32.215367358424118       0.39855459777806146        9.4276508725331196E-003 -0.40798224865059518     
   32.305103757751205       0.39871710193847881        9.5286237183588151E-003 -0.40824572565683948     
   32.394840157078292       0.39888085844676352        9.4528445337492256E-003 -0.40833370298051092     
   32.484576556405379       0.39909872042294869        9.3288540441469597E-003 -0.40842757446709882     
   32.574312955732466       0.39939482428114470        9.9416580337565140E-003 -0.40933648231490344     
   32.664049355059554       0.39977442489530396        9.7718951132728313E-003 -0.40954632000857716     
   32.753785754386641       0.40013151839619393        9.6991696856274703E-003 -0.40983068808182205     
   32.843522153713728       0.40048617836417433        9.7023729044109670E-003 -0.41018855126858283     
   32.933258553040815       0.40086258634086558        9.6944858701238090E-003 -0.41055707221098880     
   33.022994952367902       0.40122627711984160        9.2201716373756862E-003 -0.41044644875721675     
   33.112731351694990       0.40149397039464091        9.1986216195435472E-003 -0.41069259201418412     
   33.202467751022077       0.40168228384056509        9.2695463791419193E-003 -0.41095183021970733     
   33.292204150349157       0.40180744628918008        9.5138118406775819E-003 -0.41132125812985521     
   33.381940549676244       0.40193216234137158        9.6048162039671439E-003 -0.41153697854533977     
   33.471676949003331       0.40197619529264283        9.0106386986286494E-003 -0.41098683399127356     
   33.561413348330419       0.40199370623244296        9.2395786772378249E-003 -0.41123328490967970     
   33.651149747657506       0.40205926456877622        9.7026798413335259E-003 -0.41176194441010650     
   33.740886146984593       0.40219857902513273        1.0123341105321114E-002 -0.41232192013045127     
   33.830622546311680       0.40238972983983445        1.0384906194164696E-002 -0.41277463603400089     
   33.920358945638768       0.40255527251006368        9.5813594471010552E-003 -0.41213663195716310     
   34.010095344965855       0.40277090034390745        8.9808610987928937E-003 -0.41175176144270065     
   34.099831744292942       0.40304253778681320        9.2474193505920083E-003 -0.41228995713740785     
   34.189568143620029       0.40334445532908952        9.6421959234751411E-003 -0.41298665125256634     
   34.279304542947116       0.40365078405322830        9.8652692625389136E-003 -0.41351605331576430     
   34.369040942274204       0.40389900615026697        9.6630006535806251E-003 -0.41356200680385058     
   34.458777341601291       0.40410731678152262        8.6175103251465868E-003 -0.41272482710667063     
   34.548513740928371       0.40425198463455214        9.4871884186811615E-003 -0.41373917305323049     
   34.638250140255458       0.40431664520017463        8.9540196074252894E-003 -0.41327066480760150     
   34.727986539582545       0.40427826172887499        1.0580442538174549E-002 -0.41485870426704563     
   34.817722938909633       0.40426638565212364        1.0590451033808183E-002 -0.41485683668593193     
   34.907459338236720       0.40428456406389834        9.8563446884462023E-003 -0.41414090875234283     
   34.997195737563807       0.40431637884904370        1.0283050776920237E-002 -0.41459942962596380     
   35.086932136890894       0.40432808959745559        1.0900223584213130E-002 -0.41522831318166947     
   35.176668536217981       0.40433979728249558        1.1117756266491806E-002 -0.41545755354898878     
   35.266404935545069       0.40429409937412869        9.5698195903198575E-003 -0.41386391896444952     
   35.356141334872156       0.40431695516388244        9.9217622507311726E-003 -0.41423871741461543     
   35.445877734199243       0.40437096664971195        9.7170619071386619E-003 -0.41408802855684984     
   35.535614133526330       0.40444712917109138        9.0193227109690022E-003 -0.41346645188206210     
   35.625350532853417       0.40455745629759077        9.8319412841690931E-003 -0.41438939758175980     
   35.715086932180498       0.40465413219298657        8.9690705886584839E-003 -0.41362320278164094     
   35.804823331507585       0.40474894411565021        9.8889159484159966E-003 -0.41463786006406589     
   35.894559730834672       0.40486508957997447        1.0980501566215111E-002 -0.41584559114618974     
   35.984296130161759       0.40500240492253797        1.0878550623549064E-002 -0.41588095554608773     
   36.074032529488846       0.40510825114033139        1.0931175619846157E-002 -0.41603942676017797     
   36.163768928815934       0.40516937146987275        1.0458919063487435E-002 -0.41562829053335970     
   36.253505328143021       0.40519090096902288        1.1264962019118948E-002 -0.41645586298814347     
   36.343241727470108       0.40514774881914289        1.1238902554960597E-002 -0.41638665137410619     
   36.432978126797195       0.40509361210993894        1.1442595416809852E-002 -0.41653620752675086     
   36.522714526124282       0.40507575926169137        1.0390310782838228E-002 -0.41546607004453051     
   36.612450925451370       0.40514593866034876        1.0500440146473486E-002 -0.41564637880682226     
   36.702187324778457       0.40530081578219046        9.3246450494560654E-003 -0.41462546083164814     
   36.791923724105544       0.40543910424913554        8.9062556709035619E-003 -0.41434535992004323     
   36.881660123432624       0.40563271700514375        7.9596746167664798E-003 -0.41359239162191030     
   36.971396522759711       0.40578863895545042        8.8128467362607217E-003 -0.41460148569170902     
   37.061132922086799       0.40587324553281873        8.1389456276324719E-003 -0.41401219116045412     
   37.150869321413886       0.40596718113178260        8.1947429708363224E-003 -0.41416192410261832     
   37.240605720740973       0.40610718844261678        8.0875875769322730E-003 -0.41419477601955146     
   37.330342120068060       0.40629902123743511        8.2928826371298624E-003 -0.41459190387456302     
   37.420078519395148       0.40647140710472146        8.5736352912492934E-003 -0.41504504239597217     
   37.509814918722235       0.40664643522103933        8.8932185035843665E-003 -0.41553965372462176     
   37.599551318049322       0.40677359983156014        9.2504321289618580E-003 -0.41602403196052390     
   37.689287717376409       0.40693497844399301        8.9744796612779947E-003 -0.41590945810527186     
   37.779024116703496       0.40698100868997394        8.8161564905672000E-003 -0.41579716518053933     
   37.868760516030584       0.40700350763170851        9.3405380963937617E-003 -0.41634404572810341     
   37.958496915357671       0.40700113889599254        8.8563100711214812E-003 -0.41585744896711657     
   38.048233314684758       0.40691388712895404        8.4241101475763681E-003 -0.41533799727653220     
   38.137969714011838       0.40686541656810327        8.8305993981825943E-003 -0.41569601596628836     
   38.227706113338925       0.40687113909863526        8.9961359985302435E-003 -0.41586727509716409     
   38.317442512666013       0.40696791828922119        8.9722380501380972E-003 -0.41594015633935566     
   38.407178911993100       0.40706776736854300        9.2828551812498376E-003 -0.41635062254979593     
   38.496915311320187       0.40717458179012173        9.8282940676196074E-003 -0.41700287585774082     
   38.586651710647274       0.40729229652127119        9.6425067566243590E-003 -0.41693480327789412     
   38.676388109974361       0.40743244930177364        1.0377217559279948E-002 -0.41780966686105375     
   38.766124509301449       0.40752382761043887        1.0544285347784583E-002 -0.41806811295822482     
   38.855860908628536       0.40754892129594944        1.0494292038333897E-002 -0.41804321333428285     
   38.945597307955623       0.40755134005209620        1.0926374005723860E-002 -0.41847771405782186     
   39.035333707282710       0.40743710540972516        1.0507731009130454E-002 -0.41794483641885743     
   39.125070106609797       0.40722422408915460        1.1104699499840351E-002 -0.41832892358899570     
   39.214806505936885       0.40691261678769053        1.0720933058412542E-002 -0.41763354984610385     
   39.304542905263965       0.40658275986424275        1.0601625215334764E-002 -0.41718438507957917     
   39.394279304591052       0.40624771415256761        1.0097006405044445E-002 -0.41634472055761168     
   39.484015703918139       0.40598164517359064        1.0428539883032360E-002 -0.41641018505662247     
   39.573752103245226       0.40577459855832754        1.0154229323196588E-002 -0.41592882788152519     
   39.663488502572314       0.40572984054029898        1.0151195724259555E-002 -0.41588103626456213     
   39.753224901899401       0.40583216075836903        1.1202684668842666E-002 -0.41703484542721125     
   39.842961301226488       0.40600395316865895        1.0243849856840025E-002 -0.41624780302549885     
   39.932697700553575       0.40622081415625166        9.6723340591412851E-003 -0.41589314821539541     
   40.022434099880662       0.40641215072630810        8.8493683599741857E-003 -0.41526151908628156     
   40.112170499207750       0.40663146479211471        1.0170122599225624E-002 -0.41680158739133882     
   40.201906898534837       0.40681298204677063        1.0232356065421647E-002 -0.41704533811219824     
   40.291643297861924       0.40706215797399964        9.8581166511378208E-003 -0.41692027462513942     
   40.381379697189011       0.40729425254184637        1.0185846390314598E-002 -0.41748009893216409     
   40.471116096516099       0.40755984200370438        1.0645218143647486E-002 -0.41820506014735026     
   40.560852495843179       0.40795680836693560        1.1164000693078111E-002 -0.41912080906001214     
   40.650588895170266       0.40836619209168018        1.1211005307074542E-002 -0.41957719739875321     
   40.740325294497353       0.40869712040292494        1.0654280172794168E-002 -0.41935140057571368     
   40.830061693824440       0.40896211065172083        1.0901923865856254E-002 -0.41986403451757781     
   40.919798093151527       0.40925108731572829        1.1089980734528510E-002 -0.42034106805025673     
   41.009534492478615       0.40948373093766899        1.0711595771640126E-002 -0.42019532670931026     
   41.099270891805702       0.40965015491655432        1.0633851565725480E-002 -0.42028400648227882     
   41.189007291132789       0.40976331041132702        1.0661504823117495E-002 -0.42042481523444497     
   41.278743690459876       0.40998405973375462        1.1033693736865953E-002 -0.42101775347062032     
   41.368480089786964       0.41015292580102086        1.0640705711049090E-002 -0.42079363151206972     
   41.458216489114051       0.41038948305395045        1.0478609828305544E-002 -0.42086809288225629     
   41.547952888441138       0.41059678296438845        1.0104303816523080E-002 -0.42070108678091139     
   41.637689287768225       0.41080285552586260        9.7572577615455021E-003 -0.42056011328740922     
   41.727425687095305       0.41105685673984582        9.1049146259878939E-003 -0.42016177136583566     
   41.817162086422393       0.41128603382922785        9.6744845354785058E-003 -0.42096051836470544     
   41.906898485749480       0.41153418501527961        8.4506441063702271E-003 -0.41998482912165191     
   41.996634885076567       0.41179041618432910        8.5315401047455462E-003 -0.42032195628907404     
   42.086371284403654       0.41192666854993787        7.0062976500184122E-003 -0.41893296619995984     
   42.176107683730741       0.41198377805401404        6.6587546126597816E-003 -0.41864253266667534     
   42.265844083057829       0.41205218637782826        6.4575830786320352E-003 -0.41850976945646162     
   42.355580482384916       0.41201525160912938        7.4977879854944505E-003 -0.41951303959461983     
   42.445316881712003       0.41193790123778429        7.0810469945829010E-003 -0.41901894823236369     
   42.535053281039090       0.41183464393075087        7.7085626919633724E-003 -0.41954320662271322     
   42.624789680366177       0.41169315864281236        7.4982788423720217E-003 -0.41919143748518850     
   42.714526079693265       0.41152729116174375        7.7681606965390362E-003 -0.41929545185827932     
   42.804262479020352       0.41125462308469635        6.8160918349783701E-003 -0.41807071491967629     
   42.893998878347439       0.41095802432876960        7.8313838742349040E-003 -0.41878940820300392     
   42.983735277674519       0.41062121917760502        7.8395125847140427E-003 -0.41846073176231935     
   43.073471677001606       0.41038204697282538        7.4406242730158832E-003 -0.41782267124584066     
   43.163208076328694       0.41019417533063546        7.1370600224427150E-003 -0.41733123535308048     
   43.252944475655781       0.41008483277878416        7.6818613024503728E-003 -0.41776669408123607     
   43.342680874982868       0.41005781565894478        6.7928944224610903E-003 -0.41685071008140495     
   43.432417274309955       0.41009363522957121        7.1013912543542151E-003 -0.41719502648392853     
   43.522153673637042       0.41005644286549126        6.8105187939582505E-003 -0.41686696165944792     
   43.611890072964130       0.41005893488593692        7.2444641570277276E-003 -0.41730339904296376     
   43.701626472291217       0.41011347620639277        7.5104226147401478E-003 -0.41762389882113238     
   43.791362871618304       0.41016176852862285        7.4077104487053303E-003 -0.41756947897732866     
   43.881099270945391       0.41026382109853127        7.1788128000681841E-003 -0.41744263389859759     
   43.970835670272479       0.41044749656609464        6.3951998324882535E-003 -0.41684269639858357     
   44.060572069599566       0.41066635007128183        6.9974932595391450E-003 -0.41766384333082063     
   44.150308468926646       0.41092584818509897        7.3189469364437531E-003 -0.41824479512154172     
   44.240044868253733       0.41126140330449362        7.3860307594457580E-003 -0.41864743406393756     
   44.329781267580820       0.41157533498361981        6.9451939092177338E-003 -0.41852052889283847     
   44.419517666907907       0.41191085968695390        7.0380343447188458E-003 -0.41894889403167118     
   44.509254066234995       0.41229505611255685        7.1902887903658747E-003 -0.41948534490292466     
   44.598990465562082       0.41270714555100063        6.8123541989760688E-003 -0.41951949974997838     
   44.688726864889169       0.41311168940528087        7.0251465228569265E-003 -0.42013683592813805     
   44.778463264216256       0.41348647339160122        6.0812126717336452E-003 -0.41956768606333628     
   44.868199663543344       0.41379031379649817        6.0715149005720094E-003 -0.41986182869707089     
   44.957936062870431       0.41397750712450149        5.5525315024437614E-003 -0.41953003862694516     
   45.047672462197518       0.41406314580397385        6.3488198346025263E-003 -0.42041196563857591     
   45.137408861524605       0.41405812901240568        7.2818466558039396E-003 -0.42133997566821185     
   45.227145260851692       0.41400157703329699        6.8991320320636491E-003 -0.42090070906536087     
   45.316881660178780       0.41388133437620733        7.1385921235988985E-003 -0.42101992649980269     
   45.406618059505860       0.41378454178750651        7.6617220859607543E-003 -0.42144626387346612     
   45.496354458832947       0.41374268620279286        8.0851139554857232E-003 -0.42182780015827570     
   45.586090858160034       0.41368790122438270        8.4584995324022295E-003 -0.42214640075678578     
   45.675827257487121       0.41376580620596126        8.3336431312131063E-003 -0.42209944933717436     
   45.765563656814209       0.41391001689003915        8.3773205426229853E-003 -0.42228733743266283     
   45.855300056141296       0.41406467888670095        7.6773138762662183E-003 -0.42174199276296870     
   45.945036455468383       0.41417837061045637        8.2882890986645426E-003 -0.42246665970912090     
   46.034772854795470       0.41432609278836113        7.0989135615422798E-003 -0.42142500634990293     
   46.124509254122557       0.41449552777832543        7.5431113096180481E-003 -0.42203863908794292     
   46.214245653449645       0.41465735906699408        7.7298370384863086E-003 -0.42238719610547831     
   46.303982052776732       0.41481505757208359        7.8980565580496799E-003 -0.42271311413013779     
   46.393718452103819       0.41500498759056703        6.9209998658322537E-003 -0.42192598745640303     
   46.483454851430906       0.41521478467103207        6.5809437996464451E-003 -0.42179572847067709     
   46.573191250757986       0.41548663774507238        6.1119976983536883E-003 -0.42159863544342807     
   46.662927650085074       0.41565400350962173        5.8990673744449135E-003 -0.42155307088406879     
   46.752664049412161       0.41578828550858266        6.1092590051440932E-003 -0.42189754451372491     
   46.842400448739248       0.41593971260246798        5.7548108918238413E-003 -0.42169452349429498     
   46.932136848066335       0.41610614981692823        5.9395742277186499E-003 -0.42204572404464297     
   47.021873247393422       0.41632058005532629        6.0828480089856951E-003 -0.42240342806431186     
   47.111609646720510       0.41647901680530636        6.0542497832335495E-003 -0.42253326658854234     
   47.201346046047597       0.41649765306611164        6.2456542045719434E-003 -0.42274330727068560     
   47.291082445374684       0.41639123705734349        6.7197397801871421E-003 -0.42311097683753240     
   47.380818844701771       0.41615372317008525        7.0497645759039088E-003 -0.42320348774598415     
   47.470555244028859       0.41587277933148503        7.0816304526740287E-003 -0.42295440978415777     
   47.560291643355946       0.41547618027458949        6.7820482592221591E-003 -0.42225822853381012     
   47.650028042683033       0.41502817453641305        6.5698433987006356E-003 -0.42159801793511392     
   47.739764442010120       0.41449490354153673        6.6031975217753971E-003 -0.42109810106331230     
   47.829500841337200       0.41401051459081234        6.3186372446020741E-003 -0.42032915183541608     
   47.919237240664287       0.41368995844329354        7.4757670586092931E-003 -0.42116572550190623     
   48.008973639991375       0.41344893679295536        6.8739917212874103E-003 -0.42032292851424141     
   48.098710039318462       0.41338702552587919        7.9021486320018028E-003 -0.42128917415788109     
   48.188446438645549       0.41342177212144876        7.5129398970589694E-003 -0.42093471201850352     
   48.278182837972636       0.41359479442384073        6.5496467021092658E-003 -0.42014444112594479     
   48.367919237299724       0.41370531426097285        6.8588681221759115E-003 -0.42056418238314497     
   48.457655636626811       0.41379435002665893        6.8073908727161450E-003 -0.42060174089937563     
   48.547392035953898       0.41389632735232174        6.6011466469135449E-003 -0.42049747399923831     
   48.637128435280985       0.41388480045749659        5.5988702926508729E-003 -0.41948367075014747     
   48.726864834608072       0.41382112191000248        6.6267891659960668E-003 -0.42044791107600393     
   48.816601233935160       0.41364929680838930        6.1604003852686650E-003 -0.41980969719365357     
   48.906337633262247       0.41342098627197166        6.4946873924972446E-003 -0.41991567366446558     
   48.996074032589327       0.41311376401994560        5.9967427735424222E-003 -0.41911050679348960     
   49.085810431916414       0.41289392254697682        6.3219876848769835E-003 -0.41921591023185417     
   49.175546831243501       0.41270130951187300        5.5590664194452143E-003 -0.41826037593131482     
   49.265283230570589       0.41259792006970475        5.8577015518148133E-003 -0.41845562162152006     
   49.355019629897676       0.41254350253154731        5.6421899629564764E-003 -0.41818569249450649     
   49.444756029224763       0.41249644727366414        5.5295790713766699E-003 -0.41802602634503988     
   49.534492428551850       0.41242033533191336        5.7528545830660555E-003 -0.41817318991498093     
   49.624228827878937       0.41239858032998350        6.0405895754425884E-003 -0.41843916990542984     
   49.713965227206025       0.41233921409853985        6.2987987218269823E-003 -0.41863801282036822     
   49.803701626533112       0.41219555712490741        5.9315662371586184E-003 -0.41812712336206803     
   49.893438025860199       0.41199226397966932        5.9685235826155321E-003 -0.41796078756228483     
   49.983174425187286       0.41175483931420337        6.3130305636753875E-003 -0.41806786987787886     
   50.072910824514373       0.41147643849874421        5.7631068690319918E-003 -0.41723954536777458     
   50.162647223841461       0.41110815961148534        5.1190530604970762E-003 -0.41622721267198193     
   50.252383623168541       0.41069937574741699        5.4914473278956551E-003 -0.41619082307531502     
   50.342120022495628       0.41037181652845678        5.8195228329761513E-003 -0.41619133936143121     
   50.431856421822715       0.41013522725124446        5.3907858850567860E-003 -0.41552601313629728     
   50.521592821149802       0.40995241584542647        6.4384432918894972E-003 -0.41639085913731605     
   50.611329220476890       0.40988789506599155        6.6413240179506675E-003 -0.41652921908394303     
   50.701065619803977       0.40992097196064747        6.4746397284217889E-003 -0.41639561168906553     
   50.790802019131064       0.40993196562353712        6.1047094461495312E-003 -0.41603667506968506     
   50.880538418458151       0.40987151742050210        6.0524961628165520E-003 -0.41592401358331682     
   50.970274817785238       0.40990664858376896        6.8392810968754070E-003 -0.41674592968064517     
   51.060011217112326       0.41005371177363203        6.3139238602682272E-003 -0.41636763563390061     
   51.149747616439413       0.41021702841523611        5.5950252239377061E-003 -0.41581205363917223     
   51.239484015766500       0.41038405980123355        5.4752310413824943E-003 -0.41585929084261780     
   51.329220415093587       0.41044876002041525        4.9418698221259010E-003 -0.41539062984254377     
   51.418956814420667       0.41047224587460818        4.6236055263383742E-003 -0.41509585140094585     
   51.508693213747755       0.41053584719955172        4.9131387760356117E-003 -0.41544898597558805     
   51.598429613074842       0.41047867092255630        5.1257821808262322E-003 -0.41560445310338340     
   51.688166012401929       0.41045604589717621        4.9799523441469602E-003 -0.41543599824132238     
   51.777902411729016       0.41043398615520543        5.3296235906438233E-003 -0.41576360974585236     
   51.867638811056104       0.41041500241373602        6.7487873206220411E-003 -0.41716378973435386     
   51.957375210383191       0.41047880956043636        7.0642202266282868E-003 -0.41754302978706631     
   52.047111609710278       0.41060408933486514        7.0865487241637652E-003 -0.41769063805902579     
   52.136848009037365       0.41068089132325597        7.6863283601674055E-003 -0.41836721968341967     
   52.226584408364452       0.41074832055180910        7.4006219557537544E-003 -0.41814894250756274     
   52.316320807691540       0.41084103361666791        7.2437799708207334E-003 -0.41808481358748734     
   52.406057207018627       0.41097725956770798        7.4425619292824499E-003 -0.41841982149698881     
   52.495793606345714       0.41117332844700039        7.0305486644856282E-003 -0.41820387711148949     
   52.585530005672801       0.41133995231875281        7.3655445279474886E-003 -0.41870549684669900     
   52.675266404999881       0.41157663879830741        6.8735868695277468E-003 -0.41845022566783069     
   52.765002804326969       0.41179067317200130        6.8777735941953511E-003 -0.41866844676619575     
   52.854739203654056       0.41206330913459277        7.0530952870281076E-003 -0.41911640442162423     
   52.944475602981143       0.41239584371085014        6.5200330185228939E-003 -0.41891587672936964     
   53.034212002308230       0.41270243513677290        6.5691114121258871E-003 -0.41927154654889837     
   53.123948401635317       0.41302962852466413        5.7474151505965696E-003 -0.41877704367526047     
   53.213684800962405       0.41336275398962480        5.8677355406038748E-003 -0.41923048953023234     
   53.303421200289492       0.41364971040354187        6.1923641534069830E-003 -0.41984207455695050     
   53.393157599616579       0.41393950431380883        5.2257245082672809E-003 -0.41916522882207585     
   53.482893998943666       0.41416570539944331        5.4215752691707669E-003 -0.41958728066861189     
   53.572630398270753       0.41434928972117696        5.8419954326303248E-003 -0.42019128515381160     
   53.662366797597841       0.41454284027341159        6.2039242159700409E-003 -0.42074676448937776     
   53.752103196924928       0.41473217816465868        6.9617671839557376E-003 -0.42169394534861515     
   53.841839596252008       0.41501953442141531        7.0104008746681616E-003 -0.42202993529608490     
   53.931575995579095       0.41534149212056626        7.1849032722414805E-003 -0.42252639539281223     
   54.021312394906182       0.41561682701987324        6.9548069439594115E-003 -0.42257163396383168     
   54.111048794233270       0.41585920806068494        6.9736553997591863E-003 -0.42283286346044274     
   54.200785193560357       0.41599372089441761        6.5598117729396711E-003 -0.42255353266735440     
   54.290521592887444       0.41598958687351500        6.8053139830319617E-003 -0.42279490085654664     
   54.380257992214531       0.41592632658288969        6.8364089565151357E-003 -0.42276273553940491     
   54.469994391541618       0.41583289565227954        7.5257402028999802E-003 -0.42335863585518424     
   54.559730790868706       0.41572396012742346        6.8215392234212266E-003 -0.42254549935084473     
   54.649467190195793       0.41554979659738550        6.6360264353762608E-003 -0.42218582303276059     
   54.739203589522880       0.41533101082518331        6.6289593753150796E-003 -0.42195997020049975     
   54.828939988849967       0.41509877257945815        7.3375711278951790E-003 -0.42243634370735234     
   54.918676388177055       0.41487751796925565        7.1116773096806226E-003 -0.42198919527893491     
   55.008412787504142       0.41472423248994666        7.3253018920966416E-003 -0.42204953438204434     
   55.098149186831222       0.41470227664684123        8.2410508237264722E-003 -0.42294332747056762     
   55.187885586158309       0.41478112330558575        8.0479042932918368E-003 -0.42282902759887897     
   55.277621985485396       0.41505428372037612        7.5378133033967929E-003 -0.42259209702377476     
   55.367358384812484       0.41544014091654907        7.6924470925037493E-003 -0.42313258800905285     
   55.457094784139571       0.41586967046817169        7.2722072277238321E-003 -0.42314187769589884     
   55.546831183466658       0.41629962456421005        8.1888762361375742E-003 -0.42448850080034239     
   55.636567582793745       0.41675449578465246        8.0940138975279866E-003 -0.42484850968217541     
   55.726303982120832       0.41711666520559265        8.1292157491706166E-003 -0.42524588095476268     
   55.816040381447920       0.41736163596126979        6.7516034212631677E-003 -0.42411323938253565     
   55.905776780775007       0.41757200046482557        7.1536072111706419E-003 -0.42472560767599660     
   55.995513180102094       0.41774351775055885        7.6181326385993293E-003 -0.42536165038915752     
