                    0                    0                    0                    0
   8.9736399327086686E-002   7.0901620863325450E-003   4.7717132024275639E-002  -1.4620506163749075E-002   1.3845115612182747E-008   4.9897291291844965     
  0.17947279865417337        2.1727251501137131E-002   4.8915605229128800E-002  -4.3489194809875557E-002   1.8673419288760310E-008   5.1366992547202015     
  0.26920919798126008        3.5801981232474155E-002   5.0196901559838282E-002  -7.1328782109194661E-002   2.2376509509850295E-008   5.2185476853045234     
  0.35894559730834674        4.9096550361043594E-002   5.1341985117887151E-002  -9.7717828143316532E-002   2.4299854883778255E-008   5.2112605920755932     
  0.44868199663543340        6.1469187972163525E-002   5.2272576329572426E-002 -0.12234162329509930        2.4759792435396185E-008   5.0971053418945473     
  0.53841839596252017        7.2834569428018650E-002   5.2929302369019764E-002 -0.14499904183854406        2.4510578632879455E-008   4.9407137292226695     
  0.62815479528960683        8.3163657655347528E-002   5.3269490769671378E-002 -0.16560633744533071        2.3906293864092184E-008   4.7753543558552742     
  0.71789119461669348        9.2471603003489375E-002   5.3285026590777183E-002 -0.18416580506126634        2.3100524151404873E-008   4.6036240391649343     
  0.80762759394378014       0.10080062224215489        5.3015992244365873E-002 -0.20074144280148870        2.2084604011747790E-008   4.4236471366009011     
  0.89736399327086680       0.10820684163903599        5.2546328414734403E-002 -0.21544002774294921        2.0916584876118266E-008   4.2555222661950998     
  0.98710039259795357       0.11474728119040829        5.1946446318733103E-002 -0.22838287469456339        1.9778752023056328E-008   4.1226898543105603     
   1.0768367919250403       0.12048059508044295        5.1259539511448599E-002 -0.23969855352205405        1.8691401132481304E-008   4.0196959255378246     
   1.1665731912521269       0.12546815026366970        5.0517924379449679E-002 -0.24951695345241004        1.7624444457584779E-008   3.9412462378768010     
   1.2563095905792137       0.12977320032781817        4.9745740480327857E-002 -0.25796740927878137        1.6585734448894476E-008   3.8859041630166917     
   1.3460459899063002       0.13346242919158183        4.8959807738593798E-002 -0.26518548097316763        1.5557247322924109E-008   3.8399133147714042     
   1.4357823892333870       0.13659657732353461        4.8182722050857947E-002 -0.27128992831143695        1.4536772231587888E-008   3.7998664738905865     
   1.5255187885604737       0.13923115523883503        4.7435902371247153E-002 -0.27638529445849724        1.3580823053116654E-008   3.7719062501042684     
   1.6152551878875603       0.14141458869618739        4.6727211274203921E-002 -0.28056807513621773        1.2757649332179581E-008   3.7624249784580672     
   1.7049915872146471       0.14318664786798696        4.6061820898505267E-002 -0.28391962983395119        1.1977883910501997E-008   3.7681820618126691     
   1.7947279865417336       0.14458701492292192        4.5446345701613607E-002 -0.28652292758579145        1.1235582998754673E-008   3.7780755388095617     
   1.8844643858688204       0.14565867033835897        4.4878236474578767E-002 -0.28846744135161995        1.0569195248712472E-008   3.7974696772251932     
   1.9742007851959071       0.14644099640177394        4.4349588711624616E-002 -0.28983202718386714        9.9138507835558652E-009   3.8214188178942363     
   2.0639371845229939       0.14696428164225769        4.3856941518512466E-002 -0.29067674930536325        9.2807797472754596E-009   3.8354215200474608     
   2.1536735838500807       0.14726158193374503        4.3402100221897104E-002 -0.29106738527413928        8.6945144068441058E-009   3.8329635051324824     
   2.2434099831771670       0.14736141548903267        4.2992552922812989E-002 -0.29106154881467744        8.0746726080162199E-009   3.8299010042034229     
   2.3331463825042538       0.14728286048572309        4.2642500242829270E-002 -0.29070348183098960        7.3480196062235186E-009   3.8383029861073186     
   2.4228827818313405       0.14704416529662884        4.2352627206487102E-002 -0.29003252577898397        6.6754073773294388E-009   3.8557599458916503     
   2.5126191811584273       0.14666001136546480        4.2111768739619033E-002 -0.28908230797664236        6.0651397632780437E-009   3.8853695840732869     
   2.6023555804855141       0.14614564817759754        4.1914108982999285E-002 -0.28788931989832095        5.4466411614702411E-009   3.9184428654728247     
   2.6920919798126004       0.14551693026561091        4.1756285380530306E-002 -0.28648803700521352        4.8260905403059796E-009   3.9530861680482738     
   2.7818283791396872       0.14478603495379663        4.1633979402187236E-002 -0.28490482709996723        4.2135095163332467E-009   3.9906400029780853     
   2.8715647784667739       0.14396640197598928        4.1540730860096256E-002 -0.28316463753984222        3.6226267703151763E-009   4.0241654840690648     
   2.9613011777938607       0.14307770599284556        4.1470154127003382E-002 -0.28130159089519430        3.1068255075093230E-009   4.0458860937503562     
   3.0510375771209475       0.14213560536597603        4.1416409671498768E-002 -0.27934381955422849        2.6728494641926286E-009   4.0581321375744643     
   3.1407739764480338       0.14115285608032288        4.1375867868400321E-002 -0.27731467984128644        2.3223029728950502E-009   4.0559805062142251     
   3.2305103757751206       0.14013394332862197        4.1348694586300083E-002 -0.27522203053909211        2.0464809866610654E-009   4.0472953838849692     
   3.3202467751022073       0.13908353395005474        4.1339359743825736E-002 -0.27307885508788166        1.8033746700899223E-009   4.0479644564172244     
   3.4099831744292941       0.13800689471091904        4.1349811693223888E-002 -0.27090056851237682        1.5903233509949580E-009   4.0539545006243998     
   3.4997195737563809       0.13690377574470258        4.1377862788733288E-002 -0.26868678834375237        1.3975722451419456E-009   4.0602171673726462     
   3.5894559730834672       0.13577677536780339        4.1421302428555448E-002 -0.26644265162445158        1.1969959641861097E-009   4.0673467497120308     
   3.6791923724105540       0.13463159566594854        4.1475060420275295E-002 -0.26418255154031600        1.0580070934486169E-009   4.0708557593019066     
   3.7689287717376407       0.13347679056062184        4.1528849514483795E-002 -0.26192294860902399        1.0149692427179995E-009   4.0669741866483600     
   3.8586651710647275       0.13231630676637202        4.1573757830198059E-002 -0.25967016674699983        1.0026882368815144E-009   4.0473970470962293     
   3.9484015703918143       0.13115571814247165        4.1612194390994887E-002 -0.25743159343074562        9.4534098483120977E-010   4.0175518837549191     
   4.0381379697189006       0.12999876504154251        4.1658221404632427E-002 -0.25520865202063214        7.1378736683383907E-010   4.0025548218214908     
   4.1278743690459878       0.12884591361064102        4.1724442932206153E-002 -0.25299986138682862        3.2788436132966589E-010   3.9971459890422949     
   4.2176107683730741       0.12769903616600103        4.1806828382672155E-002 -0.25080809781712265       -3.2751075278252963E-011   3.9988207481020677     
   4.3073471677001614       0.12656121217251975        4.1895991080631856E-002 -0.24863771433844808       -3.8071987823818283E-010   4.0119203848769063     
   4.3970835670272477       0.12543594054368912        4.1985271578779661E-002 -0.24649601193305221       -6.8397389901746998E-010   4.0255869069774954     
   4.4868199663543340       0.12432764625280973        4.2070628999314942E-002 -0.24439144980522803       -9.1244296391577930E-010   4.0385552357404695     
   4.5765563656814212       0.12323954922356860        4.2150655206771165E-002 -0.24232695292150977       -1.0128034509162123E-009   4.0342138545394226     
   4.6662927650085075       0.12217330869412693        4.2225315362691182E-002 -0.24030313382090346       -9.8901356682720117E-010   4.0258763214016371     
   4.7560291643355947       0.12113167133969291        4.2303188577793270E-002 -0.23832706087607011       -9.6858700006105703E-010   4.0237678352153532     
   4.8457655636626811       0.12011653581554363        4.2386363632147657E-002 -0.23640390715977955       -8.9037705840700080E-010   4.0223812031170940     
   4.9355019629897674       0.11913099795570239        4.2467397116152085E-002 -0.23453872200027903       -8.1529978586930111E-010   4.0190381083771438     
   5.0252383623168546       0.11817450226376135        4.2543757037476218E-002 -0.23272595585058981       -8.1910214129181832E-010   4.0170892175562907     
   5.1149747616439409       0.11724643345902364        4.2617465869765475E-002 -0.23096132528550550       -8.1527358408197486E-010   4.0067513252319484     
   5.2047111609710281       0.11634407124519228        4.2685584081308438E-002 -0.22924069978261125       -7.9182964954366610E-010   4.0019258471599075     
   5.2944475602981145       0.11546459815107736        4.2751744332771943E-002 -0.22755789998206863       -8.8923466518666069E-010   4.0087690496461166     
   5.3841839596252008       0.11460869709748218        4.2819009107642803E-002 -0.22591446973454191       -9.7428706145890371E-010   4.0143469583456310     
   5.4739203589522880       0.11377402211837857        4.2881635729543656E-002 -0.22430712167182582       -1.0184165691101924E-009   4.0147259595980698     
   5.5636567582793743       0.11296162444225941        4.2937420918422634E-002 -0.22273939372158924       -9.8370932611242547E-010   4.0010469241132887     
   5.6533931576064615       0.11217154384727583        4.2987079327818506E-002 -0.22121026477410638       -8.9162393363379854E-010   3.9888019451621730     
   5.7431295569335479       0.11140099792172536        4.3034566323404036E-002 -0.21971298526029559       -7.7799688914360213E-010   3.9798229167875219     
   5.8328659562606342       0.11064695254157397        4.3083067531171866E-002 -0.21824563935582036       -6.5424444411688829E-010   3.9702434631356347     
   5.9226023555877214       0.10990865788846642        4.3132624757945930E-002 -0.21680771972116175       -5.3799765539453475E-010   3.9646745533376500     
   6.0123387549148077       0.10918951330782993        4.3186486340112386E-002 -0.21540511665277137       -4.7987318702056715E-010   3.9636762883325511     
   6.1020751542418949       0.10848700016475034        4.3247671779253719E-002 -0.21403652636230852       -4.2279640661780118E-010   3.9629414996553520     
   6.1918115535689813       0.10779760487639968        4.3311227366130342E-002 -0.21269683058209568       -3.5314404020875639E-010   3.9683787752207116     
   6.2815479528960676       0.10712426881275469        4.3373185532290838E-002 -0.21139019803884501       -3.3678427057786687E-010   3.9820334256578547     
   6.3712843522231548       0.10646877816280829        4.3431874037278370E-002 -0.21011777718883629       -4.1601357894673187E-010   3.9990748114006398     
   6.4610207515502411       0.10582959846526431        4.3490346136602583E-002 -0.20887454516534107       -5.0617317317571840E-010   4.0049308433654032     
   6.5507571508773283       0.10520792182829973        4.3550144061227265E-002 -0.20766125400662871       -5.1731020438530195E-010   4.0105326929442704     
   6.6404935502044147       0.10460141090911697        4.3608238131753012E-002 -0.20647601018446712       -4.9815672086979193E-010   4.0221830910882419     
   6.7302299495315010       0.10400912868657580        4.3662859101245892E-002 -0.20532069189606175       -4.3364494562966769E-010   4.0309262449193977     
   6.8199663488585882       0.10342769975526872        4.3704836574921302E-002 -0.20418973482195890       -2.7330962488822303E-010   4.0311878924844855     
   6.9097027481856745       0.10285241444077149        4.3733291869785917E-002 -0.20307443356073576       -1.3197520592870601E-010   4.0256016083158697     
   6.9994391475127617       0.10228369456955705        4.3765106430995071E-002 -0.20197711086007494       -7.3860906659790906E-011   4.0200682386430815     
   7.0891755468398481       0.10172171508513932        4.3811656024111835E-002 -0.20090357772491566        2.2468956624222943E-011   4.0159630399770521     
   7.1789119461669344       0.10116811792725607        4.3870317074721991E-002 -0.19986110945140656        1.9078394299671216E-010   4.0202162894032734     
   7.2686483454940216       0.10062036401484130        4.3933589639368213E-002 -0.19884507412622029        3.3486138830760150E-010   4.0290115298497264     
   7.3583847448211079       0.10007789112018518        4.3997075247874932E-002 -0.19785259034449837        3.9148092251191057E-010   4.0428507987507745     
   7.4481211441481951        9.9543241612763594E-002   4.4061589127904546E-002 -0.19688496517737988        3.4487334298214044E-010   4.0571148157384949     
   7.5378575434752815        9.9018403668754501E-002   4.4124955306864264E-002 -0.19594076749239187        2.5316678459991007E-010   4.0689777518268313     
   7.6275939428023687        9.8505756305963324E-002   4.4177740071115544E-002 -0.19501855304322135        1.1285902056722159E-010   4.0798314733878174     
   7.7173303421294550        9.8009637089847737E-002   4.4217852545703686E-002 -0.19412273908106920       -1.0288386785736657E-010   4.0874481231276452     
   7.8070667414565413        9.7533536519636962E-002   4.4249092722128153E-002 -0.19325769199983459       -3.1731699493543995E-010   4.0952398008876605     
   7.8968031407836285        9.7079228009942120E-002   4.4277058726875575E-002 -0.19242311319041355       -4.7697857980650811E-010   4.1024769554329774     
   7.9865395401107149        9.6647319704619886E-002   4.4305222333991041E-002 -0.19161875807750536       -5.2990806340234805E-010   4.0943621054881092     
   8.0762759394378012        9.6235622370495350E-002   4.4339790721390299E-002 -0.19084179546770791       -5.7202639649461146E-010   4.0990048684215612     
   8.1660123387648884        9.5838757106132405E-002   4.4387894080158086E-002 -0.19008355406840335       -5.5769474186903857E-010   4.1115855410072770     
   8.2557487380919756        9.5448173150105509E-002   4.4438336155490657E-002 -0.18933170332346771       -4.1643107233051514E-010   4.1204051667532955     
   8.3454851374190611        9.5062575877840255E-002   4.4489638065873735E-002 -0.18858507142457137       -2.9458563352625858E-010   4.1289708611828502     
   8.4352215367461483        9.4680240838144983E-002   4.4553507377370377E-002 -0.18784379734354584       -2.2942945366909388E-010   4.1532712154938993     
   8.5249579360732355        9.4296909329350573E-002   4.4622732656251218E-002 -0.18710578354633450       -7.5095461107302969E-011   4.1823481155749755     
   8.6146943354003227        9.3914540100146979E-002   4.4682114162898974E-002 -0.18637671848131374        7.2806129656431276E-011   4.1980524603239457     
   8.7044307347274081        9.3536074388557475E-002   4.4737001921187798E-002 -0.18566230635947326        1.0355699154843656E-010   4.2120266294014908     
   8.7941671340544953        9.3160327369101709E-002   4.4792310010893024E-002 -0.18496025510205827        1.5029921494158673E-010   4.2256256279961208     
   8.8839035333815826        9.2784072496116143E-002   4.4851508778762955E-002 -0.18426427254436181        1.5368847678182401E-010   4.2333484921735760     
   8.9736399327086680        9.2404840977457714E-002   4.4916532472591371E-002 -0.18356855147596063        2.2713643737863012E-010   4.2291540957042297     
   9.0633763320357552        9.2021433277054324E-002   4.4970133511417952E-002 -0.18287205750430413        4.0795435110906868E-010   4.2312457552982643     
   9.1531127313628424        9.1638196418055262E-002   4.5007280051017493E-002 -0.18218343847378315        5.2256173311630913E-010   4.2194064490161347     
   9.2428491306899279        9.1262225207251996E-002   4.5036832066791301E-002 -0.18151294623201297        5.4839877812042203E-010   4.2072799031200967     
   9.3325855300170151        9.0895532610934401E-002   4.5071584155730815E-002 -0.18086476340070981        4.5972088426913661E-010   4.2001982270664824     
   9.4223219293441023        9.0535650668654793E-002   4.5115094119854662E-002 -0.18023670691509613        4.1195599861605679E-010   4.1914850447593679     
   9.5120583286711895        9.0180707926674333E-002   4.5158225654541834E-002 -0.17962530712927804        4.4450481526695120E-010   4.1796687541303479     
   9.6017947279982749        8.9832352477934335E-002   4.5200482910714920E-002 -0.17903189094940097        4.9045955104021347E-010   4.1641503573921250     
   9.6915311273253621        8.9492376338773758E-002   4.5247831083455446E-002 -0.17845869253935354        5.5961742780398065E-010   4.1626815245415827     
   9.7812675266524494        8.9157884065834150E-002   4.5295877663151851E-002 -0.17789956286188427        6.1893917285819983E-010   4.1723524665501346     
   9.8710039259795348        8.8829375727638243E-002   4.5343276825606786E-002 -0.17735506046533783        6.0472947398145568E-010   4.1750070342050929     
   9.9607403253066220        8.8511141872555724E-002   4.5396723130696384E-002 -0.17683330133659392        5.9932214367390147E-010   4.1660482808190107     
   10.050476724633709        8.8204888999736691E-002   4.5456795558343893E-002 -0.17633702932485212        6.2204317492124531E-010   4.1669764083660477     
   10.140213123960795        8.7906823420973654E-002   4.5525218818721944E-002 -0.17585919363187352        5.8128417787783142E-010   4.1812126751116372     
   10.229949523287882        8.7614530552784148E-002   4.5599662698607608E-002 -0.17539473524988780        5.1953512807016485E-010   4.1945834430376578     
   10.319685922614969        8.7333155106604596E-002   4.5672371230284635E-002 -0.17494921810272612        4.5664467637853467E-010   4.2002283130159537     
   10.409422321942056        8.7063150247409668E-002   4.5739405028437700E-002 -0.17451879555663735        4.0227924172325762E-010   4.1924280584724833     
   10.499158721269142        8.6807095268719742E-002   4.5795043382808237E-002 -0.17410595908234860        4.1844158641673672E-010   4.1751650561920037     
   10.588895120596229        8.6568674309790566E-002   4.5833534475711299E-002 -0.17371728964270006        4.7205606661678176E-010   4.1630997459706975     
   10.678631519923316        8.6349503725982421E-002   4.5859206598158155E-002 -0.17335445250134290        4.5348841849713344E-010   4.1608601895171535     
   10.768367919250402        8.6152391377599932E-002   4.5885959488118570E-002 -0.17302149152509275        3.1926912249750460E-010   4.1677750018431530     
   10.858104318577489        8.5973167567565026E-002   4.5924015054202398E-002 -0.17271469701678441        1.5015315827005471E-010   4.1735146203413711     
   10.947840717904576        8.5808463459249543E-002   4.5965559709488492E-002 -0.17243244112193606        1.0456551656190780E-010   4.1670957436055360     
   11.037577117231661        8.5656714906688275E-002   4.5994762895888469E-002 -0.17217088994075622        2.0826772374230421E-010   4.1505887376516757     
   11.127313516558749        8.5516953663712134E-002   4.6009593539508196E-002 -0.17192218643051116        3.1761386786964723E-010   4.1360904053964713     
   11.217049915885836        8.5390514091064199E-002   4.6025734260866903E-002 -0.17168718953754608        3.4420004007568608E-010   4.1235751323842971     
   11.306786315212923        8.5275975800905832E-002   4.6051607969787668E-002 -0.17146500125000397        3.7179954155532017E-010   4.1197638009945630     
   11.396522714540009        8.5170599338874983E-002   4.6083368596680933E-002 -0.17125201834033507        3.8615852808902259E-010   4.1193790730939197     
   11.486259113867096        8.5074410890683558E-002   4.6120047619846574E-002 -0.17104981719609580        3.8597331188460097E-010   4.1180447927894805     
   11.575995513194183        8.4986521369685250E-002   4.6160664302870247E-002 -0.17085814626342044        4.1391710968212881E-010   4.1212761087291030     
   11.665731912521268        8.4903682175844250E-002   4.6199588738543476E-002 -0.17067339407293708        5.0323984059885790E-010   4.1234870624159106     
   11.755468311848356        8.4824803966572895E-002   4.6233446423093766E-002 -0.17049398722781178        6.2232286025805347E-010   4.1206209233258866     
   11.845204711175443        8.4747969920718230E-002   4.6266872887678737E-002 -0.17031686677507807        7.2141191391990214E-010   4.1136002144892609     
   11.934941110502530        8.4669621454794508E-002   4.6305331572906019E-002 -0.17013900562376177        8.1177123060750851E-010   4.1045035224725392     
   12.024677509829615        8.4588135287586158E-002   4.6348842806161437E-002 -0.16996150837014290        9.0921920059624579E-010   4.0982792203622544     
   12.114413909156703        8.4498855059302019E-002   4.6393253767634771E-002 -0.16977831702722751        1.0087575163325054E-009   4.0997616747185219     
   12.204150308483790        8.4403327069719467E-002   4.6434876585379738E-002 -0.16959318461545983        1.0755719143153610E-009   4.1066216350235099     
   12.293886707810875        8.4305939645454922E-002   4.6473374283612610E-002 -0.16941375647412060        1.0765222113938190E-009   4.1117134843269953     
   12.383623107137963        8.4203904870846391E-002   4.6511671883179374E-002 -0.16923609207463552        1.0347875711563148E-009   4.1111776698582014     
   12.473359506465050        8.4097445493022713E-002   4.6553792074360494E-002 -0.16905947945021860        9.9743499996055949E-010   4.1075400506092103     
   12.563095905792135        8.3988586386485098E-002   4.6602982447194886E-002 -0.16888481533426303        9.7867829336592593E-010   4.1012168416388617     
   12.652832305119222        8.3878822410257375E-002   4.6659456615914308E-002 -0.16871427343567402        1.0076157946778939E-009   4.0933815116908194     
   12.742568704446310        8.3767151269507303E-002   4.6717911015208814E-002 -0.16854600472460760        1.0909458770916531E-009   4.0950857961711034     
   12.832305103773397        8.3653400881398346E-002   4.6771779184441330E-002 -0.16837826410314177        1.1480086293263354E-009   4.1040327924756150     
   12.922041503100482        8.3541131856527909E-002   4.6819984866947557E-002 -0.16821472363348181        1.1263641328069334E-009   4.1114364947202944     
   13.011777902427569        8.3433630369018699E-002   4.6864744527511167E-002 -0.16805921403036278        1.0531648467453528E-009   4.1190210557833700     
   13.101514301754657        8.3330741254739799E-002   4.6905558989817318E-002 -0.16791095067380329        9.5808626655417947E-010   4.1287032057787751     
   13.191250701081742        8.3230934276642965E-002   4.6938214688189643E-002 -0.16776313422719327        8.9788015268421314E-010   4.1312994470198658     
   13.280987100408829        8.3136761487228455E-002   4.6957718099772533E-002 -0.16761211320969691        8.9285340045050347E-010   4.1310729228130887     
   13.370723499735917        8.3055743436203547E-002   4.6969089721005421E-002 -0.16746776008164427        8.9080631354278918E-010   4.1276989597630722     
   13.460459899063002        8.2991670681826862E-002   4.6985796253919847E-002 -0.16733681055630109        8.9569527153896027E-010   4.1265832848279800     
   13.550196298390089        8.2938666111192466E-002   4.7014029264224967E-002 -0.16720982530818221        9.2892206881218234E-010   4.1382233858637614     
   13.639932697717176        8.2893122327854910E-002   4.7050869318826252E-002 -0.16708218681189219        9.6986217013651556E-010   4.1571146708289604     
   13.729669097044264        8.2851959527875205E-002   4.7090636053743362E-002 -0.16695001282401603        1.0283233360691149E-009   4.1684449300050135     
   13.819405496371349        8.2812762130226550E-002   4.7126678733472517E-002 -0.16681075432380749        1.0954520130682346E-009   4.1790166309111330     
   13.909141895698436        8.2779028919205286E-002   4.7157824925778559E-002 -0.16667387462732858        1.1393519200884313E-009   4.1839291354405344     
   13.998878295025523        8.2753442485627340E-002   4.7186353418689646E-002 -0.16654798477621874        1.1918249486765022E-009   4.1805744369418827     
   14.088614694352609        8.2731176166790876E-002   4.7214900682832281E-002 -0.16642656203202727        1.2269162489938835E-009   4.1754893459233147     
   14.178351093679696        8.2704651919166053E-002   4.7248212270185511E-002 -0.16630119422673728        1.2249941920865430E-009   4.1741718267067398     
   14.268087493006783        8.2673945509382271E-002   4.7283420005290740E-002 -0.16617606415829639        1.2531748828170206E-009   4.1749074155807362     
   14.357823892333869        8.2639702558134104E-002   4.7310081865047093E-002 -0.16605257492249700        1.3164020165462588E-009   4.1706196931193196     
   14.447560291660956        8.2600923713635338E-002   4.7328750321719376E-002 -0.16592728280497504        1.3622807527179579E-009   4.1624112021357451     
   14.537296690988043        8.2558038284051546E-002   4.7352479259616352E-002 -0.16580027702814554        1.3600236754792818E-009   4.1649226934902570     
   14.627033090315130        8.2510139027465901E-002   4.7391397178393316E-002 -0.16566961211511544        1.3368944498168884E-009   4.1763744626089867     
   14.716769489642216        8.2453859845808983E-002   4.7438523849186197E-002 -0.16552951476138683        1.3437379794565440E-009   4.1886917391216061     
   14.806505888969303        8.2388523378571124E-002   4.7482890998359707E-002 -0.16537899888160931        1.3170785460023849E-009   4.2001029260918266     
   14.896242288296390        8.2316120877968246E-002   4.7525697022613507E-002 -0.16521936534514425        1.2089747738875489E-009   4.2074629969438426     
   14.985978687623476        8.2238367408503155E-002   4.7565245302254922E-002 -0.16505108350861980        1.1314808121159578E-009   4.2117756757969449     
   15.075715086950563        8.2158444715878423E-002   4.7590704272140225E-002 -0.16487815548667983        1.1108115967377809E-009   4.2129351861009843     
   15.165451486277650        8.2082982866876070E-002   4.7600797091294451E-002 -0.16471043018968248        1.1055511972105778E-009   4.2059317809384611     
   15.255187885604737        8.2018477612917487E-002   4.7601731991610288E-002 -0.16455736717056740        1.1502926152956663E-009   4.1919700938766633     
   15.344924284931823        8.1966990606580123E-002   4.7598471157307032E-002 -0.16442268229540338        1.2656886529094235E-009   4.1820224795314251     
   15.434660684258910        8.1923476806863529E-002   4.7602031883882408E-002 -0.16429665771950258        1.3277551648523789E-009   4.1904893533030023     
   15.524397083585997        8.1879905237835823E-002   4.7619667581120961E-002 -0.16416817561006375        1.3964072973221797E-009   4.2100889249309565     
   15.614133482913083        8.1833764108236368E-002   4.7640513207653605E-002 -0.16403654331080703        1.4540663299856915E-009   4.2302926579019831     
   15.703869882240170        8.1785485936541794E-002   4.7660349082101747E-002 -0.16390350250920849        1.4295061854867046E-009   4.2305229490050165     
   15.793606281567257        8.1736860498494185E-002   4.7683479955839436E-002 -0.16377387488009515        1.3757034451682145E-009   4.2219225146060753     
   15.883342680894343        8.1686655407372660E-002   4.7707335910138385E-002 -0.16364607350689495        1.3652442116888041E-009   4.2128187232096694     
   15.973079080221430        8.1632886615509673E-002   4.7724470377657729E-002 -0.16351669304163047        1.4009821329169652E-009   4.2092651787078621     
   16.062815479548515        8.1578265729831678E-002   4.7735449433122412E-002 -0.16338848474781542        1.4243464412801774E-009   4.2122421604691302     
   16.152551878875602        8.1526733268508955E-002   4.7744105923843767E-002 -0.16326494999765079        1.4322754464088908E-009   4.2155218323323034     
   16.242288278202690        8.1481177479626132E-002   4.7748514828941109E-002 -0.16315230237662554        1.4736981770127126E-009   4.2180301250697525     
   16.332024677529777        8.1443025970962382E-002   4.7740814501673341E-002 -0.16305508935728519        1.5470070785892445E-009   4.2192278238258538     
   16.421761076856864        8.1416610521254484E-002   4.7720638290759371E-002 -0.16298016093454343        1.5682532921413735E-009   4.2218645055926789     
   16.511497476183951        8.1402618686268038E-002   4.7694660216868599E-002 -0.16292794540520991        1.4991345339126022E-009   4.2185762605889865     
   16.601233875511038        8.1401034235636979E-002   4.7664316077724922E-002 -0.16289805345396202        1.3987243683613553E-009   4.2087586041542098     
   16.690970274838122        8.1414539937150490E-002   4.7631244419258013E-002 -0.16289398350954459        1.2721754002963486E-009   4.1963054402048936     
   16.780706674165209        8.1441361633074902E-002   4.7602298585039921E-002 -0.16291137999565927        1.1508779717979942E-009   4.1816472759559895     
   16.870443073492297        8.1480483188922662E-002   4.7577185916231626E-002 -0.16294727009478430        1.1322629988489892E-009   4.1702072655794789     
   16.960179472819384        8.1530977683880332E-002   4.7550236046716356E-002 -0.16299939034586919        1.1924813462577617E-009   4.1655386878748182     
   17.049915872146471        8.1589483428874301E-002   4.7522861863819377E-002 -0.16306164545560015        1.2354195556010764E-009   4.1620011068836282     
   17.139652271473558        8.1651071335176989E-002   4.7501219588979640E-002 -0.16312381010552862        1.2393888681406760E-009   4.1572541232973004     
   17.229388670800645        8.1706736938398292E-002   4.7485760864967003E-002 -0.16316935866747578        1.2513970527482151E-009   4.1547145937085714     
   17.319125070127729        8.1751245684538204E-002   4.7472880960846314E-002 -0.16319136189992534        1.2553442830538027E-009   4.1588475376486702     
   17.408861469454816        8.1784605045963812E-002   4.7461502535826580E-002 -0.16319417158274463        1.2211162642331178E-009   4.1637271810772170     
   17.498597868781903        8.1805893810590960E-002   4.7450321885989077E-002 -0.16318090618205122        1.1691992831783385E-009   4.1671710932206301     
   17.588334268108991        8.1816447249799973E-002   4.7438458119694417E-002 -0.16315487534244011        1.1368373824833727E-009   4.1669139371185668     
   17.678070667436078        8.1816702448907902E-002   4.7425531943350079E-002 -0.16311480271016165        1.1588740861922881E-009   4.1610802006542622     
   17.767807066763165        8.1807806369701336E-002   4.7413633531791316E-002 -0.16306384929634510        1.2344888601076313E-009   4.1551323717961832     
   17.857543466090249        8.1790858346118295E-002   4.7405596410290463E-002 -0.16300587838200639        1.3232330796022476E-009   4.1523361308194247     
   17.947279865417336        8.1767988088442892E-002   4.7403654339210774E-002 -0.16294415302946746        1.4039326528562929E-009   4.1515217787832155     
   18.037016264744423        8.1742777051005411E-002   4.7407544258877173E-002 -0.16288421332697609        1.4667415281092006E-009   4.1510044291517465     
   18.126752664071510        8.1716867534314439E-002   4.7415143404245984E-002 -0.16282950331018095        1.4896682738245769E-009   4.1489416328133295     
   18.216489063398598        8.1689533467263320E-002   4.7425616200872052E-002 -0.16277537333283520        1.4779982411580021E-009   4.1441724569454905     
   18.306225462725685        8.1659750902410011E-002   4.7437822149784072E-002 -0.16271606687906834        1.4781055801968367E-009   4.1360338032739916     
   18.395961862052772        8.1628168425962114E-002   4.7450268750497883E-002 -0.16265412395237894        1.5315649226217558E-009   4.1296055461474861     
   18.485698261379856        8.1594142943987549E-002   4.7458661004881331E-002 -0.16258887603435723        1.6203906938481087E-009   4.1284851201747186     
   18.575434660706943        8.1556287787810530E-002   4.7457234953516676E-002 -0.16251493749704782        1.7169963664600300E-009   4.1288349881704587     
   18.665171060034030        8.1514005263501860E-002   4.7445018544259400E-002 -0.16243089906026670        1.7993049264406969E-009   4.1251822052694571     
   18.754907459361117        8.1466024530960690E-002   4.7423515480177550E-002 -0.16233570251239532        1.8725376174568518E-009   4.1155530805225791     
   18.844643858688205        8.1409142178113750E-002   4.7395352846051730E-002 -0.16222498532924096        1.9195900960014565E-009   4.1061503359886462     
   18.934380258015292        8.1343519096494843E-002   4.7363413926003031E-002 -0.16210172212668325        1.9258797459459430E-009   4.0964175495503587     
   19.024116657342379        8.1272115081285512E-002   4.7327482476754605E-002 -0.16197105770892467        1.9090525410528668E-009   4.0833215659393183     
   19.113853056669463        8.1197996931906824E-002   4.7284307759100676E-002 -0.16183557985472777        1.8726370866947839E-009   4.0682780043282705     
   19.203589455996550        8.1126951571270839E-002   4.7234746073381129E-002 -0.16170239286835847        1.7896417853062603E-009   4.0572345713723417     
   19.293325855323637        8.1061818722303711E-002   4.7185556488844649E-002 -0.16157625148021326        1.6538717772165609E-009   4.0487610987826335     
   19.383062254650724        8.1001900322594314E-002   4.7141209441153915E-002 -0.16145472105106551        1.5228122121755660E-009   4.0421987998300928     
   19.472798653977812        8.0949630959442187E-002   4.7102981650887152E-002 -0.16134067423650872        1.4412724399526076E-009   4.0386980500412193     
   19.562535053304899        8.0904446660844898E-002   4.7072968993468592E-002 -0.16123679188170670        1.4008196954785632E-009   4.0368354933333839     
   19.652271452631982        8.0862730720633047E-002   4.7055284795200464E-002 -0.16113863343510243        1.3462037023373797E-009   4.0368989748853705     
   19.742007851959070        8.0818861165984385E-002   4.7054347943249815E-002 -0.16103798220558535        1.2702836030827243E-009   4.0392028692871298     
   19.831744251286157        8.0765601896946496E-002   4.7065726297491194E-002 -0.16092638857881020        1.2227301174203792E-009   4.0451881585932288     
   19.921480650613244        8.0699047689411621E-002   4.7075933867848481E-002 -0.16079816318379622        1.1813919601730404E-009   4.0556012389410068     
   20.011217049940331        8.0619726154595672E-002   4.7079254935763995E-002 -0.16065440723247662        1.1006741518504026E-009   4.0614360134302689     
   20.100953449267418        8.0533541192497130E-002   4.7077485161166499E-002 -0.16050476709924061        9.9753970631271049E-010   4.0618118020273579     
   20.190689848594506        8.0442481577432820E-002   4.7071389109023358E-002 -0.16035039817292901        9.0990252267913997E-010   4.0607493627620128     
   20.280426247921589        8.0348781460190935E-002   4.7060173495720600E-002 -0.16019429041942249        8.5555316958234076E-010   4.0586442866156611     
   20.370162647248677        8.0256281446191916E-002   4.7043341525508008E-002 -0.16004165861291586        8.1975295954361203E-010   4.0537446494501062     
   20.459899046575764        8.0162364005308420E-002   4.7020213347980365E-002 -0.15988569056362067        7.7990650645693161E-010   4.0447603761729551     
   20.549635445902851        8.0067007403128693E-002   4.6993581303845101E-002 -0.15972489339284962        7.5240595668100002E-010   4.0323931623411520     
   20.639371845229938        7.9972391889942693E-002   4.6966632181636866E-002 -0.15956300040667298        7.5708237849853783E-010   4.0243842813018711     
   20.729108244557025        7.9880607420457994E-002   4.6941292776919281E-002 -0.15940699237175604        7.4634279369167538E-010   4.0232008386476039     
   20.818844643884113        7.9791005856435698E-002   4.6922427419272265E-002 -0.15925930375889519        6.8004691134861752E-010   4.0256318532069333     
   20.908581043211196        7.9698675840212424E-002   4.6912959556343482E-002 -0.15911258726587685        5.7760676557706022E-010   4.0278523582914980     
   20.998317442538283        7.9601663310710308E-002   4.6911802510173982E-002 -0.15896303610693280        4.9704289612182487E-010   4.0297994519705158     
   21.088053841865371        7.9502355160686974E-002   4.6911931125738417E-002 -0.15881528110724608        4.7732868088571921E-010   4.0265420815349007     
   21.177790241192458        7.9403667473868969E-002   4.6905425224547798E-002 -0.15867299320859560        5.1227871716407165E-010   4.0173721737382735     
   21.267526640519545        7.9307233955333511E-002   4.6893684337780135E-002 -0.15853554293770872        5.6425218065034541E-010   4.0043218306904702     
   21.357263039846632        7.9214398132576191E-002   4.6880203361443676E-002 -0.15840339815957316        6.4141010592111495E-010   3.9919915268957573     
   21.446999439173720        7.9127100041150866E-002   4.6868646701336440E-002 -0.15828104897487547        7.0662614616758866E-010   3.9915980455065934     
   21.536735838500803        7.9042466918058676E-002   4.6864861831586578E-002 -0.15816311546604800        6.9550224984725916E-010   4.0023569204066964     
   21.626472237827890        7.8958144236034311E-002   4.6873138589015852E-002 -0.15804359576953364        6.5319204367154184E-010   4.0112395498374971     
   21.716208637154978        7.8870691229065093E-002   4.6887697289329303E-002 -0.15791794549599275        6.6629556192532960E-010   4.0164222336343594     
   21.805945036482065        7.8778974181248032E-002   4.6901276205237145E-002 -0.15778596052621699        6.9954602075705708E-010   4.0219293166676522     
   21.895681435809152        7.8684666213518953E-002   4.6917417368689485E-002 -0.15765031633500878        7.3151201799026481E-010   4.0231847688160558     
   21.985417835136239        7.8583499061722212E-002   4.6936367022648119E-002 -0.15750307254067014        7.8657044213928872E-010   4.0236210648074326     
   22.075154234463323        7.8475076749427761E-002   4.6955067485319829E-002 -0.15734324113742854        8.3491849530847371E-010   4.0268286962188977     
   22.164890633790410        7.8362283640541999E-002   4.6971924364926164E-002 -0.15717552135604446        8.5413858983820951E-010   4.0311755704408005     
   22.254627033117497        7.8246495802088159E-002   4.6984003941477975E-002 -0.15700106158740335        8.6651307784939204E-010   4.0342825018156647     
   22.344363432444585        7.8128563381042529E-002   4.6988529167094770E-002 -0.15682041210552594        8.2550408120349348E-010   4.0378332673457109     
   22.434099831771672        7.8012872336819250E-002   4.6993004420650228E-002 -0.15664018936642593        6.9048274064085609E-010   4.0396196633988923     
   22.523836231098759        7.7899030731808996E-002   4.7006798177321930E-002 -0.15645878009057149        5.2939016791888710E-010   4.0374950098355233     
   22.613572630425846        7.7787719742522715E-002   4.7029067936085946E-002 -0.15627722725039159        4.2487329912188168E-010   4.0352157315727402     
   22.703309029752930        7.7683254487646625E-002   4.7052587736970498E-002 -0.15610370950003727        4.0625737668982524E-010   4.0337913938344725     
   22.793045429080017        7.7583103050970506E-002   4.7071626830996575E-002 -0.15593719843352746        4.5585269667089449E-010   4.0328841434901364     
   22.882781828407104        7.7487093958954298E-002   4.7087172358552656E-002 -0.15577944173571528        5.1902032102966875E-010   4.0360056431341595     
   22.972518227734191        7.7395244502108718E-002   4.7103995463572475E-002 -0.15563277480088716        5.3896359483669899E-010   4.0457393387985707     
   23.062254627061279        7.7305253208640914E-002   4.7124942333232375E-002 -0.15549778446884616        5.1808599820734957E-010   4.0577717669048239     
   23.151991026388366        7.7217902855619025E-002   4.7147663479538957E-002 -0.15537712141336685        5.0085435691473312E-010   4.0701330297909246     
   23.241727425715453        7.7133073777363392E-002   4.7165618136779039E-002 -0.15526894832055771        5.0224107363928980E-010   4.0803767731904887     
   23.331463825042537        7.7052201884572291E-002   4.7175013990811372E-002 -0.15517128558756815        5.0738442268303931E-010   4.0891719035360721     
   23.421200224369624        7.6977910355878504E-002   4.7178051815469843E-002 -0.15508307922464254        5.2144851139628364E-010   4.0952446807734786     
   23.510936623696711        7.6910518085145083E-002   4.7177862695248811E-002 -0.15500219483295238        5.5074109637425225E-010   4.0991657133881345     
   23.600673023023798        7.6850727915446213E-002   4.7176562395684664E-002 -0.15492887716335910        5.9528702158095420E-010   4.0987873723173101     
   23.690409422350886        7.6795368911884959E-002   4.7177196200802775E-002 -0.15485937992834253        6.1239027096779931E-010   4.1006739694401606     
   23.780145821677973        7.6741841423292503E-002   4.7185472736632546E-002 -0.15479098863288149        5.7857596376830615E-010   4.1014209066168963     
   23.869882221005060        7.6687090983362183E-002   4.7196960476238815E-002 -0.15471853133948518        5.7910220509892221E-010   4.1001559286263456     
   23.959618620332144        7.6629510713707757E-002   4.7199031340746947E-002 -0.15463955790535583        6.1978370267863721E-010   4.1015291436833312     
   24.049355019659231        7.6575268549424647E-002   4.7188851077462034E-002 -0.15456382039716648        6.4214446727128178E-010   4.1020776580348768     
   24.139091418986318        7.6527257365688189E-002   4.7171081415785091E-002 -0.15449423337103979        6.3166282560961974E-010   4.1004479442931512     
   24.228827818313405        7.6487437071592709E-002   4.7156285084946216E-002 -0.15443481665975084        6.2843749527426617E-010   4.0985084565734198     
   24.318564217640493        7.6459368952133344E-002   4.7153872070277721E-002 -0.15439267430826956        6.5439479082037425E-010   4.1014148546134521     
   24.408300616967580        7.6438891085446437E-002   4.7165358975507381E-002 -0.15436340784083163        7.1043496340347730E-010   4.1065222297727004     
   24.498037016294663        7.6420233972311180E-002   4.7184274096544354E-002 -0.15434006568770703        8.1358090533752050E-010   4.1077397676993090     
   24.587773415621751        7.6402863322406783E-002   4.7202739337582074E-002 -0.15431959989612390        9.1038538281723375E-010   4.1109628658648711     
   24.677509814948838        7.6387978422583450E-002   4.7223916832316852E-002 -0.15430089636035094        8.8311341780231677E-010   4.1131619233503480     
   24.767246214275925        7.6370571566895182E-002   4.7256083091905064E-002 -0.15427531701079517        7.7210021769808757E-010   4.1086444334594345     
   24.856982613603012        7.6350723125087019E-002   4.7301559385067950E-002 -0.15424322070208712        6.8545424406545097E-010   4.1052720159448173     
   24.946719012930100        7.6330800418494965E-002   4.7354622943763067E-002 -0.15421263533086504        6.7573949988725108E-010   4.1046299308317442     
   25.036455412257187        7.6310675397181491E-002   4.7407770139491254E-002 -0.15418563758286083        7.4713295785806764E-010   4.1044943233210134     
   25.126191811584270        7.6289791817394217E-002   4.7459220364682704E-002 -0.15416132355708240        8.8704823652596961E-010   4.1033958083088420     
   25.215928210911358        7.6264128475132004E-002   4.7508766991754686E-002 -0.15413537414099143        1.0636620648472483E-009   4.1073526458010736     
   25.305664610238445        7.6230896915394322E-002   4.7555500601992776E-002 -0.15410372058651228        1.2185224278515883E-009   4.1141373828746355     
   25.395401009565532        7.6188349325702939E-002   4.7593949588095194E-002 -0.15406209015884900        1.3321020861187106E-009   4.1154599957991485     
   25.485137408892619        7.6137686529428428E-002   4.7619001406971700E-002 -0.15400977005696387        1.3778393643333549E-009   4.1116838793353052     
   25.574873808219706        7.6078909693550981E-002   4.7630095892217034E-002 -0.15394474757718132        1.3472096799429932E-009   4.1014320181847985     
   25.664610207546794        7.6011328569361089E-002   4.7630165156349880E-002 -0.15386474558242352        1.2410532679027816E-009   4.0888457807402201     
   25.754346606873877        7.5940773730927058E-002   4.7627421117123071E-002 -0.15378017613613332        1.0880261335494353E-009   4.0768532866650213     
   25.844083006200965        7.5870097153623542E-002   4.7624631620103310E-002 -0.15369731975132900        9.5556915239677627E-010   4.0689080309181049     
   25.933819405528052        7.5800773122782480E-002   4.7614046626548875E-002 -0.15361663431039185        8.7489828622495777E-010   4.0688744012740017     
   26.023555804855139        7.5738959321693083E-002   4.7592010668906733E-002 -0.15354331909631988        7.9507501132002052E-010   4.0734812982141024     
   26.113292204182226        7.5688602060348123E-002   4.7564165543308591E-002 -0.15347966167228044        7.0745569815619614E-010   4.0727090406273092     
   26.203028603509313        7.5653844080521601E-002   4.7539652825824834E-002 -0.15343084485720032        6.7133528614845153E-010   4.0661587298633082     
   26.292765002836401        7.5632216075191563E-002   4.7525446262554907E-002 -0.15339361764253162        6.9628573540819947E-010   4.0625089008496005     
   26.382501402163484        7.5618740775948046E-002   4.7528425077016781E-002 -0.15336154017653236        7.1846594924565083E-010   4.0664001150866929     
   26.472237801490571        7.5610664741923725E-002   4.7551431832659495E-002 -0.15333400607306369        7.2803745266070835E-010   4.0713461001949893     
   26.561974200817659        7.5604679163990232E-002   4.7588343041987412E-002 -0.15331325715029126        7.2758229099039622E-010   4.0782953971961380     
   26.651710600144746        7.5597083007394122E-002   4.7629635434590943E-002 -0.15329605626429443        6.8565692027440106E-010   4.0838376503203619     
   26.741446999471833        7.5585249069950386E-002   4.7669938651090059E-002 -0.15327830911517076        6.0656956719999802E-010   4.0847496403838770     
   26.831183398798920        7.5571679581032114E-002   4.7707808975746183E-002 -0.15326641613557018        5.3871538467040274E-010   4.0823015967425578     
   26.920919798126004        7.5559829530796555E-002   4.7741179877579136E-002 -0.15326610374982286        5.2481664169165330E-010   4.0770124748430039     
   27.010656197453091        7.5553011320589905E-002   4.7764482396016092E-002 -0.15327859898403989        5.7108700624774099E-010   4.0712561897075545     
   27.100392596780178        7.5556072747657063E-002   4.7773951954355624E-002 -0.15330986799935797        6.5858741865175752E-010   4.0654156236368868     
   27.190128996107266        7.5570728043632893E-002   4.7770298836119704E-002 -0.15336154093247772        7.5981444280216760E-010   4.0582134380551640     
   27.279865395434353        7.5598513043593718E-002   4.7759652940850272E-002 -0.15343313419514254        8.5308528800190894E-010   4.0527735670334515     
   27.369601794761440        7.5640870062349722E-002   4.7752694997587095E-002 -0.15352727258012061        9.0753242465849354E-010   4.0542025240525401     
   27.459338194088527        7.5694094771992543E-002   4.7759973847713154E-002 -0.15363828097272014        8.9674617660685268E-010   4.0597046147461846     
   27.549074593415611        7.5751444764516201E-002   4.7782332808196944E-002 -0.15375637059343986        8.7822967534219911E-010   4.0611638928465750     
   27.638810992742698        7.5810656675859164E-002   4.7812675298387002E-002 -0.15387959104673016        9.1453546181205832E-010   4.0580249959460302     
   27.728547392069785        7.5870444262737036E-002   4.7844616804073752E-002 -0.15400525296110051        9.6609676384913096E-010   4.0549774940605765     
   27.818283791396873        7.5928345776868661E-002   4.7874461556508929E-002 -0.15412681545994183        9.9871790021289540E-010   4.0530215824147602     
   27.908020190723960        7.5984311975787394E-002   4.7898641168023573E-002 -0.15424056519666912        1.0338328985908478E-009   4.0588904236989825     
   27.997756590051047        7.6038266479301064E-002   4.7915239180836448E-002 -0.15434385795121353        1.0187498626131703E-009   4.0738041901380724     
   28.087492989378134        7.6088298568025126E-002   4.7927650027107006E-002 -0.15443270029826972        9.4485160562168074E-010   4.0826654984110062     
   28.177229388705218        7.6135189719821236E-002   4.7936226749332532E-002 -0.15450974766945597        8.8887170976312734E-010   4.0874641064664328     
   28.266965788032305        7.6179767267812046E-002   4.7936903376801246E-002 -0.15457644059071321        8.7827898113494639E-010   4.0947045409829350     
   28.356702187359392        7.6219302816272191E-002   4.7929519712451032E-002 -0.15462896704054963        8.9079974405743562E-010   4.0988145001238143     
   28.446438586686480        7.6253924197509385E-002   4.7917348421094519E-002 -0.15467104259642361        9.1863626964014746E-010   4.0935930277210222     
   28.536174986013567        7.6287710774513851E-002   4.7904460288071521E-002 -0.15471215042359876        9.5875903549102459E-010   4.0848106410479152     
   28.625911385340654        7.6321567298827456E-002   4.7893450759952119E-002 -0.15475805921337535        1.0377120859844376E-009   4.0742058011341378     
   28.715647784667738        7.6353522191874745E-002   4.7880659653267828E-002 -0.15480691194185969        1.1554787202480621E-009   4.0664354607062290     
   28.805384183994825        7.6384908292284531E-002   4.7864174634404531E-002 -0.15485964184228429        1.2647479563061249E-009   4.0598629695646116     
   28.895120583321912        7.6417822398255508E-002   4.7848211913204687E-002 -0.15491750520781691        1.3241221779097396E-009   4.0551058084256697     
   28.984856982648999        7.6450651091527641E-002   4.7840274113871380E-002 -0.15497376744528812        1.3337819258663169E-009   4.0503463867891325     
   29.074593381976086        7.6481012699437745E-002   4.7844329305922723E-002 -0.15502414563926811        1.3132686089999971E-009   4.0463506816327612     
   29.164329781303174        7.6509427690027262E-002   4.7860226946546895E-002 -0.15506856002932617        1.2854676768987112E-009   4.0456729865494294     
   29.254066180630261        7.6534673098756043E-002   4.7882949076842825E-002 -0.15510320026565311        1.2556096328722988E-009   4.0499190660362911     
   29.343802579957345        7.6558078378363800E-002   4.7908940171777985E-002 -0.15512958305521574        1.2247720616812553E-009   4.0532083230355767     
   29.433538979284432        7.6580614524947299E-002   4.7932821148317172E-002 -0.15515242850335637        1.2396774668294906E-009   4.0547185677842581     
   29.523275378611519        7.6600996016849832E-002   4.7947203309327800E-002 -0.15517310808021251        1.2749142100859652E-009   4.0627371332305211     
   29.613011777938606        7.6623833037051073E-002   4.7952360224926709E-002 -0.15519799456392400        1.2871920172716764E-009   4.0680087685599942     
   29.702748177265693        7.6651431758300276E-002   4.7951201622831729E-002 -0.15523066303231964        1.2765857556719122E-009   4.0703010010773975     
   29.792484576592781        7.6679684492579697E-002   4.7948585268196862E-002 -0.15526260920517115        1.2234620024067232E-009   4.0739972226524852     
   29.882220975919868        7.6706234100213377E-002   4.7946923846854346E-002 -0.15528779024611047        1.1738844263401602E-009   4.0779177306335788     
   29.971957375246951        7.6734807933780222E-002   4.7943540367554147E-002 -0.15531454570548292        1.1738071044901320E-009   4.0817059957992496     
   30.061693774574039        7.6766605632761775E-002   4.7935400306677027E-002 -0.15534649624550112        1.1829915093865639E-009   4.0833997665263624     
   30.151430173901126        7.6797716585195436E-002   4.7922516571026377E-002 -0.15537799957469406        1.1751634090607964E-009   4.0777005220419786     
   30.241166573228213        7.6830625024671334E-002   4.7908148030077202E-002 -0.15541554360829724        1.1935340242251819E-009   4.0691547278079119     
   30.330902972555300        7.6869943822735057E-002   4.7891165572254181E-002 -0.15546834798548231        1.2474870864428929E-009   4.0644531172324951     
   30.420639371882388        7.6910554449909421E-002   4.7867359352099494E-002 -0.15552677543714516        1.2817802150997897E-009   4.0645753876010495     
   30.510375771209475        7.6950635338234402E-002   4.7840673478068967E-002 -0.15558686042555733        1.2807626783633832E-009   4.0621491681801825     
   30.600112170536558        7.6992529050032510E-002   4.7814332569188663E-002 -0.15565388015919882        1.3131450194856487E-009   4.0509960035804200     
   30.689848569863646        7.7033905899078367E-002   4.7787619112718296E-002 -0.15572469513425125        1.3856992601542515E-009   4.0393122388092060     
   30.779584969190733        7.7075271754773411E-002   4.7767914398349827E-002 -0.15579886646807872        1.4430850153346016E-009   4.0324664431582073     
   30.869321368517820        7.7116162936176777E-002   4.7764960008695345E-002 -0.15587665095758765        1.4624753995624211E-009   4.0343789585422902     
   30.959057767844907        7.7154285380773971E-002   4.7780387150443950E-002 -0.15595544196009248        1.4513069487168235E-009   4.0444868072359741     
   31.048794167171994        7.7187285319635132E-002   4.7809518267151074E-002 -0.15603050891095063        1.4164977351771159E-009   4.0583616305845309     
   31.138530566499078        7.7213074147752858E-002   4.7844022215549460E-002 -0.15609762785188924        1.3429295643998448E-009   4.0734523531860169     
   31.228266965826165        7.7237398630880680E-002   4.7878814879686975E-002 -0.15616705186221869        1.2217549881260382E-009   4.0884069070084612     
   31.318003365153253        7.7263337375110097E-002   4.7908010225051471E-002 -0.15624386780969535        1.0762625436582494E-009   4.0974683477857994     
   31.407739764480340        7.7290315027996034E-002   4.7929182262362480E-002 -0.15632474142040514        9.0459902202918771E-010   4.1007481256448290     
   31.497476163807427        7.7322823171406194E-002   4.7950544210880609E-002 -0.15641827233758207        7.2134634448782750E-010   4.0995619476036094     
   31.587212563134514        7.7363697819926108E-002   4.7977275312363121E-002 -0.15652575200938226        5.7821590881435981E-010   4.1014074143902048     
   31.676948962461601        7.7409391203451403E-002   4.8006015448056848E-002 -0.15663541331971015        4.9344432125848366E-010   4.1101614489961955     
   31.766685361788685        7.7458222571142571E-002   4.8033197463208652E-002 -0.15674523073159013        4.4757612535945493E-010   4.1222875834851358     
   31.856421761115772        7.7512705949573643E-002   4.8057981846486998E-002 -0.15685947723366986        4.1836881525111329E-010   4.1272280432531225     
   31.946158160442859        7.7572882465100731E-002   4.8078424064044653E-002 -0.15697526615798141        4.2944047926968760E-010   4.1194708899684453     
   32.035894559769950        7.7638415197937835E-002   4.8096771092759290E-002 -0.15708951636651780        4.5841158957209717E-010   4.1101995137337095     
   32.125630959097030        7.7710174410642152E-002   4.8124349162419276E-002 -0.15720559751858512        4.4689971367316456E-010   4.1060183093127209     
   32.215367358424118        7.7785645346711632E-002   4.8169465402242324E-002 -0.15732228578687296        4.5665939440386416E-010   4.1032480665748050     
   32.305103757751205        7.7857545468696665E-002   4.8222819378336848E-002 -0.15743138106799787        5.2597388330706045E-010   4.1018943654465350     
   32.394840157078292        7.7922421474790282E-002   4.8271888120519579E-002 -0.15753189615304042        5.8238969428422291E-010   4.1069008958881019     
   32.484576556405379        7.7982086651468732E-002   4.8312062661617021E-002 -0.15762584152789030        5.5372172702365762E-010   4.1166433550335899     
   32.574312955732466        7.8038150842584891E-002   4.8340346137383382E-002 -0.15770989771837293        4.6621858160910230E-010   4.1259432445180186     
   32.664049355059554        7.8094034950454888E-002   4.8357758643120946E-002 -0.15778526993973258        3.3745590414370299E-010   4.1330311114323166     
   32.753785754386641        7.8153147402576728E-002   4.8369175855331834E-002 -0.15785606912557187        2.3562883636621299E-010   4.1362727113222624     
   32.843522153713728        7.8217784379626315E-002   4.8374328495350657E-002 -0.15792572765376608        2.5090014664149196E-010   4.1305825650669661     
   32.933258553040815        7.8289321944993343E-002   4.8372249539554914E-002 -0.15799588673837067        3.5795681976661722E-010   4.1267653774054143     
   33.022994952367902        7.8370682642235651E-002   4.8377735055025926E-002 -0.15807191617837185        4.0843096098746701E-010   4.1338774215018521     
   33.112731351694990        7.8457283674010864E-002   4.8405025407613628E-002 -0.15814820168739729        4.1846001056451030E-010   4.1441667491698526     
   33.202467751022077        7.8539992872090014E-002   4.8446146452775583E-002 -0.15821170836157333        4.7313568093335717E-010   4.1539269401924752     
   33.292204150349157        7.8614974779479249E-002   4.8486654173056289E-002 -0.15825811392164874        5.6388844933375723E-010   4.1502332856466726     
   33.381940549676244        7.8684166771088679E-002   4.8524266898255022E-002 -0.15829052827402590        6.2250867166643540E-010   4.1365372320541542     
   33.471676949003331        7.8752169212215589E-002   4.8571530387250400E-002 -0.15831672947045644        5.9471693426075260E-010   4.1314664781110091     
   33.561413348330419        7.8814497170007852E-002   4.8631167424519520E-002 -0.15833281689029113        5.7628112614597069E-010   4.1300252903098675     
   33.651149747657506        7.8868605617982146E-002   4.8689806138748848E-002 -0.15833826461841594        6.3551893381665238E-010   4.1341837730287825     
   33.740886146984593        7.8920181204650927E-002   4.8742613874193624E-002 -0.15834444057981470        7.0242244798943608E-010   4.1437071591813712     
   33.830622546311680        7.8969353770947062E-002   4.8790884481950590E-002 -0.15835356761009312        7.4728874032918540E-010   4.1518230073205524     
   33.920358945638768        7.9013006152522436E-002   4.8832184308836672E-002 -0.15836215456014210        7.6919821887618748E-010   4.1585916069593774     
   34.010095344965855        7.9053261278703393E-002   4.8866398300000717E-002 -0.15837333384473401        7.6423653531890616E-010   4.1610153375450514     
   34.099831744292942        7.9092874881902045E-002   4.8897523503012894E-002 -0.15839092128780297        7.2357977401254283E-010   4.1642364909895910     
   34.189568143620029        7.9133548146052460E-002   4.8930739931884591E-002 -0.15841763912454393        6.5637446616457829E-010   4.1628012272966251     
   34.279304542947116        7.9174753856829094E-002   4.8963951374070384E-002 -0.15845384272826560        6.2813994149349487E-010   4.1558703558476919     
   34.369040942274204        7.9216086776993599E-002   4.8990013062637151E-002 -0.15849850857989273        6.9013183413241862E-010   4.1428518460353567     
   34.458777341601291        7.9260509156078796E-002   4.9002998392642369E-002 -0.15855656591170098        8.3849810409487404E-010   4.1254410262481747     
   34.548513740928371        7.9310658916417337E-002   4.9010108780873030E-002 -0.15863214308485532        9.6208043950284703E-010   4.1195515216863878     
   34.638250140255458        7.9364850042096396E-002   4.9020110000278720E-002 -0.15872115110280155        1.0664210762154487E-009   4.1181479743900091     
   34.727986539582545        7.9417239639499107E-002   4.9030398201537970E-002 -0.15881538109290283        1.1623212635874314E-009   4.1234414285682783     
   34.817722938909633        7.9462307695261775E-002   4.9045283007065156E-002 -0.15890659672284763        1.1980642836072533E-009   4.1249508216211890     
   34.907459338236720        7.9494250659325208E-002   4.9066958256224279E-002 -0.15898242879276586        1.1980804049394075E-009   4.1197191662660027     
   34.997195737563807        7.9511129327073174E-002   4.9092603441367427E-002 -0.15903749906657316        1.1663596069227682E-009   4.1153980919144209     
   35.086932136890894        7.9514918751421068E-002   4.9123385263501095E-002 -0.15907412157689607        1.0993064205972753E-009   4.1105833440657413     
   35.176668536217981        7.9506758162986024E-002   4.9161432762494975E-002 -0.15909301463519254        1.0359561826962998E-009   4.1038077154327652     
   35.266404935545069        7.9488114890330377E-002   4.9202516779791025E-002 -0.15909590933370149        9.9076843236278116E-010   4.1009086773909864     
   35.356141334872156        7.9465791965810384E-002   4.9242650349929633E-002 -0.15909130975169211        9.4717075226899652E-010   4.1037454308941550     
   35.445877734199243        7.9442788338697418E-002   4.9279670172463118E-002 -0.15908215765118827        8.9448014131358918E-010   4.1099262665546252     
   35.535614133526330        7.9415309557630862E-002   4.9311446292295037E-002 -0.15906245339778918        8.5893963031419219E-010   4.1170252487915979     
   35.625350532853417        7.9386466412300197E-002   4.9334101849086952E-002 -0.15903871065947747        8.4461250268693803E-010   4.1296930935629685     
   35.715086932180498        7.9362407807048604E-002   4.9346953233289276E-002 -0.15901952874841618        8.3249999573264229E-010   4.1418585045421406     
   35.804823331507585        7.9348472251703051E-002   4.9351356011688975E-002 -0.15901051101425551        8.4444453158155914E-010   4.1427830605472939     
   35.894559730834672        7.9347949933341502E-002   4.9350398488722157E-002 -0.15901547863089427        9.1051357579640370E-010   4.1291632213981480     
   35.984296130161759        7.9359922441536807E-002   4.9351027799454335E-002 -0.15903254402026976        1.0174858110764076E-009   4.1107537360430975     
   36.074032529488846        7.9383366144395284E-002   4.9363419002102782E-002 -0.15906252589731690        1.1190846616317450E-009   4.0999024326164912     
   36.163768928815934        7.9413388454189632E-002   4.9393940473624165E-002 -0.15910037727382423        1.2119338333749361E-009   4.0950464075420436     
   36.253505328143021        7.9441121965368899E-002   4.9439574371125977E-002 -0.15913144939446588        1.3161396004351202E-009   4.0985329379282538     
   36.343241727470108        7.9460729147047687E-002   4.9492203807703632E-002 -0.15914829764827154        1.4220158535241163E-009   4.1149894944502554     
   36.432978126797195        7.9469306554101088E-002   4.9542492836996584E-002 -0.15914862404645352        1.4629371358640399E-009   4.1387479934687219     
   36.522714526124282        7.9465467158610706E-002   4.9587031091316125E-002 -0.15913047735300750        1.4083975869570156E-009   4.1547270844727890     
   36.612450925451370        7.9452422380462767E-002   4.9624005186208880E-002 -0.15910011460768284        1.3286460780589883E-009   4.1587833588931202     
   36.702187324778457        7.9433873818777562E-002   4.9652794803704790E-002 -0.15906315075595154        1.2695211735510233E-009   4.1543565771433677     
   36.791923724105544        7.9412589435070791E-002   4.9676645944339716E-002 -0.15902064488024908        1.2006868005387720E-009   4.1480172129616744     
   36.881660123432624        7.9390784466501871E-002   4.9707817959975330E-002 -0.15897209187132955        1.1029338230635179E-009   4.1443316879763277     
   36.971396522759711        7.9367847850418810E-002   4.9749739258861711E-002 -0.15891911155334815        1.0828188050761374E-009   4.1501627474544307     
   37.061132922086799        7.9343669988112361E-002   4.9788224833970399E-002 -0.15886392132315219        1.1255643113522585E-009   4.1599188689253408     
   37.150869321413886        7.9316395317222926E-002   4.9816200491075525E-002 -0.15880408529151011        1.1745097407639077E-009   4.1601727017216561     
   37.240605720740973        7.9290857600613260E-002   4.9838037763541912E-002 -0.15875022566180466        1.1768777876347298E-009   4.1619496984482431     
   37.330342120068060        7.9273617188652334E-002   4.9862672557873695E-002 -0.15871458075164308        1.1016130445464520E-009   4.1647936943286741     
   37.420078519395148        7.9263155595856102E-002   4.9892512270577900E-002 -0.15869173072686577        1.0157669176748263E-009   4.1682093189198728     
   37.509814918722235        7.9253795029713803E-002   4.9917891553366865E-002 -0.15866991761370408        9.4048046391712540E-010   4.1742204926144888     
   37.599551318049322        7.9251430545075205E-002   4.9935825649938669E-002 -0.15865917809098928        8.3150217143543301E-010   4.1792841577793167     
   37.689287717376409        7.9259593999567099E-002   4.9954810116226739E-002 -0.15866636109425453        6.9943294574057358E-010   4.1760206288745740     
   37.779024116703496        7.9270152115580472E-002   4.9980011187484373E-002 -0.15867824198471742        6.0025841426990302E-010   4.1669946460917853     
   37.868760516030584        7.9278042903971044E-002   5.0012481573263795E-002 -0.15868789446476866        5.2848422050855767E-010   4.1611763514285318     
   37.958496915357671        7.9280361974664926E-002   5.0052154403676906E-002 -0.15869538349732393        4.6659337911666882E-010   4.1600383996858312     
   38.048233314684758        7.9273484395884705E-002   5.0088393608000430E-002 -0.15869539178124614        4.6014694630769893E-010   4.1591196033900859     
   38.137969714011838        7.9257752566529602E-002   5.0113769155374542E-002 -0.15868709089915839        4.3189602063542431E-010   4.1642456380977251     
   38.227706113338925        7.9243620515069668E-002   5.0141260758031131E-002 -0.15868848738421448        3.2223002081809348E-010   4.1709040679989737     
   38.317442512666013        7.9233698984243983E-002   5.0172968341555969E-002 -0.15870246249708209        2.7165115403593518E-010   4.1867390973928771     
   38.407178911993100        7.9226346340456763E-002   5.0198303345221768E-002 -0.15872294060936235        2.5059926459855232E-010   4.2091518692157441     
   38.496915311320187        7.9226739389894191E-002   5.0215448625980562E-002 -0.15875286765546429        2.3326646929701493E-010   4.2166162383259715     
   38.586651710647274        7.9236586505925535E-002   5.0230625015132001E-002 -0.15878981788465629        2.1114803647337261E-010   4.2270277530703249     
   38.676388109974361        7.9254476049302636E-002   5.0252640100489000E-002 -0.15883043191086016        2.1558820662117750E-010   4.2368048732008283     
   38.766124509301449        7.9277855869064953E-002   5.0270384113554445E-002 -0.15886984770472035        3.1676439213531253E-010   4.2455324139630095     
   38.855860908628536        7.9303780471443847E-002   5.0269747054971309E-002 -0.15890227669709189        4.1567020313590429E-010   4.2448383083144448     
   38.945597307955623        7.9331567473677450E-002   5.0259970847979701E-002 -0.15892909529711458        4.3468781717546584E-010   4.2371901929944222     
   39.035333707282710        7.9361719930446814E-002   5.0255669764331275E-002 -0.15895685003647847        4.2846371295828436E-010   4.2310881292925338     
   39.125070106609797        7.9389229189394200E-002   5.0258677710277921E-002 -0.15898094785562891        4.2428732321516434E-010   4.2282425412996139     
   39.214806505936885        7.9411130089204071E-002   5.0269741416675576E-002 -0.15899697766839488        4.3761767317225181E-010   4.2223607531363214     
   39.304542905263965        7.9425958568312915E-002   5.0286843920923315E-002 -0.15900290223765148        4.8993155613420946E-010   4.2137697290996252     
   39.394279304591052        7.9432534512349079E-002   5.0311965148853610E-002 -0.15899713616269523        5.6466615452403667E-010   4.2035050417139805     
   39.484015703918139        7.9429816544783774E-002   5.0348000870522547E-002 -0.15898102505485989        6.5565020042501570E-010   4.1953595812336841     
   39.573752103245226        7.9416139893136936E-002   5.0385612487414397E-002 -0.15895531583138275        7.7703287180990863E-010   4.1941586852406179     
   39.663488502572314        7.9393750247540917E-002   5.0416762415682374E-002 -0.15892324296727231        8.1794154048566059E-010   4.1996575919260630     
   39.753224901899401        7.9364425650327586E-002   5.0442177551376470E-002 -0.15888644672580698        8.4219009023631077E-010   4.2002016526737087     
   39.842961301226488        7.9326942961669950E-002   5.0456668989713731E-002 -0.15884352866344081        8.6349716422103022E-010   4.2021143955625222     
   39.932697700553575        7.9284274197280930E-002   5.0459415921610747E-002 -0.15879749707466198        8.8326617331178776E-010   4.2012567814192234     
   40.022434099880662        7.9243540745130056E-002   5.0451448977707314E-002 -0.15875500220005628        8.7814431058684752E-010   4.1993280657611445     
   40.112170499207750        7.9209107133308615E-002   5.0440865776097001E-002 -0.15871877876957863        8.2437024967129817E-010   4.1970443214293196     
   40.201906898534837        7.9182677736825510E-002   5.0439730055955083E-002 -0.15868930685555085        7.9081548046671845E-010   4.1973414828610141     
   40.291643297861924        7.9164213970668779E-002   5.0446344407628359E-002 -0.15866897793424672        8.3793935793085831E-010   4.2069840995021384     
   40.381379697189011        7.9157292466020379E-002   5.0452563132014655E-002 -0.15866755801584109        9.1517171958269272E-010   4.2180111216300711     
   40.471116096516099        7.9162734550389038E-002   5.0458433800883037E-002 -0.15868714603985418        9.7971919696679751E-010   4.2261355491680614     
   40.560852495843179        7.9178701578833915E-002   5.0467529533332556E-002 -0.15872527082100429        9.9679904625774663E-010   4.2336140634215464     
   40.650588895170266        7.9201723500762766E-002   5.0483218137193787E-002 -0.15877829779310623        9.6355399424963382E-010   4.2297559477096556     
   40.740325294497353        7.9227491057927840E-002   5.0504795944709774E-002 -0.15883769919362203        9.3178143326704064E-010   4.2214019181653049     
   40.830061693824440        7.9254982988825981E-002   5.0527573509823558E-002 -0.15890185857458283        9.3931153982349328E-010   4.2140289076170054     
   40.919798093151527        7.9287811046245160E-002   5.0542696881339950E-002 -0.15897634054405790        1.0370811775793568E-009   4.2043426521124552     
   41.009534492478615        7.9328063896490289E-002   5.0547582330245699E-002 -0.15906000316965088        1.1545737017033078E-009   4.2015178981236296     
   41.099270891805702        7.9371593598192888E-002   5.0552683496816075E-002 -0.15914558539208823        1.2334080040627013E-009   4.1980634551339167     
   41.189007291132789        7.9418234013747882E-002   5.0566091171858611E-002 -0.15923380082288094        1.3091880131464684E-009   4.1989336747199122     
   41.278743690459876        7.9466575827313105E-002   5.0586201709810617E-002 -0.15932069566620446        1.4022146796605834E-009   4.2043413776863030     
   41.368480089786964        7.9514223054282643E-002   5.0609771984002967E-002 -0.15940042279742106        1.4746647730497441E-009   4.2037856734797714     
   41.458216489114051        7.9561933260211562E-002   5.0635328502419807E-002 -0.15947454968076413        1.5328519042582980E-009   4.1970948885781700     
   41.547952888441138        7.9604684633286460E-002   5.0664385168471493E-002 -0.15954048844290347        1.5140604265838947E-009   4.1955072846682118     
   41.637689287768225        7.9635253376432485E-002   5.0698958828974676E-002 -0.15959196321643856        1.4547578342335115E-009   4.1941724408678951     
   41.727425687095305        7.9656384256639123E-002   5.0732106329417631E-002 -0.15963596916137657        1.4336387600669254E-009   4.1946242427754976     
   41.817162086422393        7.9672138180915522E-002   5.0757146905269633E-002 -0.15968085160011458        1.4369337147527105E-009   4.1973541340915936     
   41.906898485749480        7.9683520568377131E-002   5.0774460798504208E-002 -0.15972749925536786        1.4753842778237182E-009   4.1968794544384176     
   41.996634885076567        7.9689161819004081E-002   5.0780841575928271E-002 -0.15976881303955129        1.5870446744643269E-009   4.1849438426914851     
   42.086371284403654        7.9687084852123946E-002   5.0776697422837525E-002 -0.15979565278950378        1.6747302534761138E-009   4.1771954421950381     
   42.176107683730741        7.9676124195086309E-002   5.0784502023613155E-002 -0.15980417938773619        1.6651476340420987E-009   4.1724914873879140     
   42.265844083057829        7.9648656499055948E-002   5.0812418130787532E-002 -0.15978627415950650        1.6779241877779619E-009   4.1733244736276687     
   42.355580482384916        7.9597314676885619E-002   5.0843586351473541E-002 -0.15973556065694428        1.6932035447364072E-009   4.1874314527817962     
   42.445316881712003        7.9529987053640255E-002   5.0865322939790673E-002 -0.15966506492694874        1.6569443018011630E-009   4.1975991262674466     
   42.535053281039090        7.9457668117579025E-002   5.0871077771132749E-002 -0.15959097984294895        1.5413721471356699E-009   4.2003908167062756     
   42.624789680366177        7.9389511056311562E-002   5.0864984341433578E-002 -0.15952686779523231        1.3547874607846822E-009   4.1933912156727589     
   42.714526079693265        7.9332481838544744E-002   5.0855731105324480E-002 -0.15948138370431778        1.1917166377988528E-009   4.1823714254075135     
   42.804262479020352        7.9289882085916183E-002   5.0848611830950616E-002 -0.15945811796407550        1.0843395119799195E-009   4.1719128262851193     
   42.893998878347439        7.9265434604211898E-002   5.0849191912934688E-002 -0.15946216724139170        1.0131538597777951E-009   4.1635135553568077     
   42.983735277674519        7.9254909623002093E-002   5.0866596130351757E-002 -0.15948643956187775        9.3363678486205765E-010   4.1641575194405585     
   43.073471677001606        7.9253474676804922E-002   5.0901473177897581E-002 -0.15952435953349003        9.0328601142005808E-010   4.1712431158278456     
   43.163208076328694        7.9260873530004383E-002   5.0946218919677842E-002 -0.15957724786069788        8.8909946361941111E-010   4.1837445310729242     
   43.252944475655781        7.9271348885406670E-002   5.1000465659762087E-002 -0.15963684415602797        8.3411775250113942E-010   4.1940174216850084     
   43.342680874982868        7.9283407698966732E-002   5.1061871419396818E-002 -0.15969960102613884        8.1109532944193071E-010   4.1964997427697845     
   43.432417274309955        7.9298565936189391E-002   5.1122338572849646E-002 -0.15976990126908303        8.1719614609192517E-010   4.2056385162974097     
   43.522153673637042        7.9313148110792944E-002   5.1183046368638324E-002 -0.15984405084646111        7.5535635767373866E-010   4.2215155523867889     
   43.611890072964130        7.9324252083857419E-002   5.1242192816634183E-002 -0.15991396576231917        7.1694461442646118E-010   4.2280694524484526     
   43.701626472291217        7.9333821351690523E-002   5.1287117712842070E-002 -0.15997843644528836        7.4163825553752007E-010   4.2266263608041887     
   43.791362871618304        7.9347717525444866E-002   5.1316377956524786E-002 -0.16004332502353885        7.9178721050161824E-010   4.2181498699577524     
   43.881099270945391        7.9368824447474798E-002   5.1340503142111818E-002 -0.16011139986079345        8.1199390476880108E-010   4.2156345256193406     
   43.970835670272479        7.9391877554894283E-002   5.1367770789277366E-002 -0.16017238889908098        7.8064454367062324E-010   4.2182910688688517     
   44.060572069599566        7.9417231069747476E-002   5.1395263642401656E-002 -0.16022544617932560        7.6497276917225125E-010   4.2160604934525798     
   44.150308468926646        7.9449857122753029E-002   5.1410056065140632E-002 -0.16027907232053787        7.9345351612723069E-010   4.2132536541677563     
   44.240044868253733        7.9491789688633227E-002   5.1402378360665461E-002 -0.16033592433034372        8.2561114536034918E-010   4.2093959502858542     
   44.329781267580820        7.9542136402480756E-002   5.1377133197015604E-002 -0.16039620631621482        7.9580128721401862E-010   4.2017327073763777     
   44.419517666907907        7.9598696080321968E-002   5.1349644199577674E-002 -0.16045823602490047        7.2684882642436662E-010   4.1917501576005858     
   44.509254066234995        7.9659449404595642E-002   5.1330125045723339E-002 -0.16052383330634093        6.7855901401756321E-010   4.1884371054317082     
   44.598990465562082        7.9718488318111916E-002   5.1319208777853058E-002 -0.16059080230665235        6.6700386328166693E-010   4.1916743247767343     
   44.688726864889169        7.9772405482959177E-002   5.1314119598665421E-002 -0.16065665296333070        6.8169753431082311E-010   4.2008129324344372     
   44.778463264216256        7.9820728427374754E-002   5.1317519244336376E-002 -0.16072380579901213        6.7607035589883022E-010   4.2153806308433097     
   44.868199663543344        7.9860507982027304E-002   5.1331125315342924E-002 -0.16079163271505265        6.6485453450546136E-010   4.2233512384813245     
   44.957936062870431        7.9883671471225340E-002   5.1345960956092118E-002 -0.16084688575039036        7.0646970358160856E-010   4.2195954811679819     
   45.047672462197518        7.9888647861865017E-002   5.1357612532177979E-002 -0.16088607572103653        7.3606341072329772E-010   4.2171094514358876     
   45.137408861524605        7.9882169189663413E-002   5.1378265923667087E-002 -0.16092013897872634        6.8279954816041165E-010   4.2191349380516785     
   45.227145260851692        7.9863201691814337E-002   5.1414783499339957E-002 -0.16094533911730557        6.1841891892098018E-010   4.2197148710027657     
   45.316881660178780        7.9829196228226595E-002   5.1459905151054697E-002 -0.16095282762054583        5.8151148388340160E-010   4.2245830209539683     
   45.406618059505860        7.9787894951154972E-002   5.1505399406494713E-002 -0.16094904967339435        5.6056909224077959E-010   4.2345888407926795     
   45.496354458832947        7.9744420810940242E-002   5.1543004554258531E-002 -0.16093745907201568        5.5694979018171754E-010   4.2452227906961646     
   45.586090858160034        7.9702030211945649E-002   5.1559671909862388E-002 -0.16091799706686874        5.8674327931068477E-010   4.2515042378713384     
   45.675827257487121        7.9666984077107580E-002   5.1549771611360186E-002 -0.16089906294615253        6.0407451619827598E-010   4.2557382603284735     
   45.765563656814209        7.9642191008457375E-002   5.1528712792749641E-002 -0.16088757624468225        5.5446124991452655E-010   4.2567089638601932     
   45.855300056141296        7.9627480250906130E-002   5.1516749195738273E-002 -0.16088647665841527        5.0144853074012515E-010   4.2539324156769576     
   45.945036455468383        7.9620264871696891E-002   5.1515545921083358E-002 -0.16089663255088452        5.3055106526098239E-010   4.2550436737005954     
   46.034772854795470        7.9617541816774537E-002   5.1517565195373240E-002 -0.16091743639038661        5.8699037427139975E-010   4.2639105090932317     
   46.124509254122557        7.9617632367008251E-002   5.1521358969114549E-002 -0.16094645155287074        6.3032925141153254E-010   4.2651518136036097     
   46.214245653449645        7.9622693162748531E-002   5.1528799449335326E-002 -0.16098742095368593        6.7864861142558079E-010   4.2644472251453944     
   46.303982052776732        7.9633631001113536E-002   5.1546897224710057E-002 -0.16104009347431275        6.7214438402296446E-010   4.2745746981129047     
   46.393718452103819        7.9647293710484693E-002   5.1581474523313763E-002 -0.16109908830376996        6.3838516659483728E-010   4.2826391206280796     
   46.483454851430906        7.9654960342707692E-002   5.1619754233804833E-002 -0.16115160509057264        6.9387803130844680E-010   4.2927601469762395     
   46.573191250757986        7.9657116739309003E-002   5.1641977117559711E-002 -0.16119599282459596        8.0060402777472447E-010   4.3076460233808804     
   46.662927650085074        7.9662495905275119E-002   5.1638409771240984E-002 -0.16124376091083603        8.7492542482808466E-010   4.3146164024121960     
   46.752664049412161        7.9674434395648905E-002   5.1617088250472537E-002 -0.16129887073165794        8.5882949768702503E-010   4.3113427260040380     
   46.842400448739248        7.9690233567184007E-002   5.1594481004656849E-002 -0.16135525917788157        8.2289380212275898E-010   4.3047375838247204     
   46.932136848066335        7.9706494077137091E-002   5.1577112596147286E-002 -0.16140526800977945        8.2031023814647815E-010   4.3045737266440982     
   47.021873247393422        7.9721056849184832E-002   5.1565569077887292E-002 -0.16144575642945894        8.4941179877087167E-010   4.3037101000320384     
   47.111609646720510        7.9732390687295429E-002   5.1562650512154980E-002 -0.16147544493200441        8.9704098701168069E-010   4.3052359552845978     
   47.201346046047597        7.9737191659407708E-002   5.1566893303310615E-002 -0.16149040604176743        9.5795012906639738E-010   4.3062569225104284     
   47.291082445374684        7.9733340665759600E-002   5.1566429257932839E-002 -0.16148695849161565        1.0587439431001342E-009   4.2980658041665718     
   47.380818844701771        7.9722647857531775E-002   5.1551412528957806E-002 -0.16146725062046569        1.1745143981649212E-009   4.2869631549752469     
   47.470555244028859        7.9708919555606633E-002   5.1530527597793356E-002 -0.16144085012555037        1.2021116716309500E-009   4.2836092880598082     
   47.560291643355946        7.9696661477057770E-002   5.1521610836313785E-002 -0.16141776098755239        1.1819037391774342E-009   4.2811311694912595     
   47.650028042683033        7.9684178280557752E-002   5.1525188990803904E-002 -0.16139661297975233        1.1562196680800345E-009   4.2873882661600389     
   47.739764442010120        7.9672686406721663E-002   5.1535209658163772E-002 -0.16138031895884103        1.0992731570661108E-009   4.2964188709949784     
   47.829500841337200        7.9660781910719125E-002   5.1547438275845819E-002 -0.16136779764680395        1.0430084108866068E-009   4.3008449177464492     
   47.919237240664287        7.9646028528408352E-002   5.1552639810240115E-002 -0.16135385706782424        1.0394815633702344E-009   4.2974375138608343     
   48.008973639991375        7.9634749809230618E-002   5.1550374669276013E-002 -0.16134680037270055        1.0454513459427996E-009   4.2939433068792390     
   48.098710039318462        7.9630700081948766E-002   5.1552206327509065E-002 -0.16135187470324702        1.0149244051815493E-009   4.2956689719130754     
   48.188446438645549        7.9631229365700676E-002   5.1565547848151795E-002 -0.16136358036397469        9.9255076644884990E-010   4.2996595045814550     
   48.278182837972636        7.9636322324206588E-002   5.1586999425470320E-002 -0.16138150672425144        9.8609799732432768E-010   4.3080414936919613     
   48.367919237299724        7.9645454225898235E-002   5.1615529418498764E-002 -0.16140152324674961        9.3730715746584669E-010   4.3257604695035541     
   48.457655636626811        7.9657616345594137E-002   5.1655601032844500E-002 -0.16141936626167358        8.6574836943970767E-010   4.3433264427763092     
   48.547392035953898        7.9674832655257238E-002   5.1699392832561940E-002 -0.16143957424143404        8.8247565717986030E-010   4.3491712937492446     
   48.637128435280985        7.9692597201723503E-002   5.1724859525133865E-002 -0.16145303863681770        9.9777488587865328E-010   4.3424704888253753     
   48.726864834608072        7.9709034869438131E-002   5.1724367896923897E-002 -0.16145408935764172        1.1091381537199524E-009   4.3243382842770686     
   48.816601233935160        7.9725652600506805E-002   5.1712327499203382E-002 -0.16144616161556868        1.1470675615010641E-009   4.3009726865575324     
   48.906337633262247        7.9740419011321853E-002   5.1707197066166187E-002 -0.16142733240118989        1.0969456838197515E-009   4.2825460335671597     
   48.996074032589327        7.9754791836050484E-002   5.1716836738292048E-002 -0.16140657092282121        9.8439721672944910E-010   4.2750655938542677     
   49.085810431916414        7.9766371231734287E-002   5.1734296393365527E-002 -0.16138645535516541        8.4021301495502332E-010   4.2776855468740322     
   49.175546831243501        7.9769610690795870E-002   5.1747892791999858E-002 -0.16135450868583623        6.9328270633291497E-010   4.2842816802091388     
   49.265283230570589        7.9769673907006067E-002   5.1751247537433556E-002 -0.16131779971900784        5.7595059606885097E-010   4.2933836651004347     
   49.355019629897676        7.9778539294340367E-002   5.1744477755617649E-002 -0.16129633907144569        4.9608075102618604E-010   4.3022234616515869     
   49.444756029224763        7.9801187206992544E-002   5.1734871600334895E-002 -0.16129794485626742        4.6691216419284349E-010   4.3029047706209393     
   49.534492428551850        7.9836094016936865E-002   5.1727401490396410E-002 -0.16132081208235871        4.9369659800843892E-010   4.3060990807480328     
   49.624228827878937        7.9881148623425866E-002   5.1725625222059993E-002 -0.16136019412270344        5.2513231738861295E-010   4.3160866170588195     
   49.713965227206025        7.9933243280428334E-002   5.1730839374516682E-002 -0.16141039839381210        5.7592425905962434E-010   4.3226290981198430     
   49.803701626533112        7.9987806034154937E-002   5.1735773852181803E-002 -0.16146273806950368        6.3873968622570191E-010   4.3257569441279058     
   49.893438025860199        8.0044571112338217E-002   5.1742307729723068E-002 -0.16151394647015205        6.5266050144764398E-010   4.3309258638082371     
   49.983174425187286        8.0104129993698550E-002   5.1761115763137903E-002 -0.16156642162403090        6.1637385596222790E-010   4.3438938494746306     
   50.072910824514373        8.0161226290411558E-002   5.1791337134808504E-002 -0.16161473454058331        5.9300815813296565E-010   4.3571151836907829     
   50.162647223841461        8.0212756094600393E-002   5.1815851882827703E-002 -0.16165450266133191        6.4664228492532099E-010   4.3503781186930928     
   50.252383623168541        8.0259587882110905E-002   5.1823880271258858E-002 -0.16168890772687194        7.4203955592155596E-010   4.3337474513890850     
   50.342120022495628        8.0304050669305613E-002   5.1818950831520140E-002 -0.16172589432296125        8.3203133271681909E-010   4.3164330969003029     
   50.431856421822715        8.0346892845527915E-002   5.1801689339046816E-002 -0.16176881140992150        9.1718367780539397E-010   4.3015849406935205     
   50.521592821149802        8.0387023775391267E-002   5.1775053851037395E-002 -0.16181641297865415        9.5383863613401985E-010   4.2902060233303096     
   50.611329220476890        8.0426154924840329E-002   5.1743981591457426E-002 -0.16186933772869527        9.2036089806372889E-010   4.2866239685559311     
   50.701065619803977        8.0466091432064887E-002   5.1712038823495586E-002 -0.16192766601797337        8.4665463011566799E-010   4.2812254837113199     
   50.790802019131064        8.0506675894263705E-002   5.1680022202050334E-002 -0.16198892928818842        7.9802616383074894E-010   4.2761705389854132     
   50.880538418458151        8.0544209491250962E-002   5.1652561663863436E-002 -0.16204415579593676        7.7612136951388902E-010   4.2770475496541414     
   50.970274817785238        8.0576953626251085E-002   5.1635718143869323E-002 -0.16208971750720585        7.7567432384496439E-010   4.2791021587037017     
   51.060011217112326        8.0601010532555653E-002   5.1629206397725343E-002 -0.16212457867941207        8.0946246140804919E-010   4.2767173554759887     
   51.149747616439413        8.0612266794832299E-002   5.1627490278350945E-002 -0.16214857068232785        8.7618876096174388E-010   4.2654584294042275     
   51.239484015766500        8.0609808440462463E-002   5.1626642540075436E-002 -0.16216265400965546        9.4417529664416330E-010   4.2522165925801012     
   51.329220415093587        8.0592387243397443E-002   5.1626180938744194E-002 -0.16216309019733743        9.5408127967593751E-010   4.2444238736132123     
   51.418956814420667        8.0563633787649969E-002   5.1627207895636358E-002 -0.16215232716374972        8.8756464362753231E-010   4.2427952453995683     
   51.508693213747755        8.0527743653856704E-002   5.1627774015366536E-002 -0.16213293169036314        7.7262366396316917E-010   4.2492012077033623     
   51.598429613074842        8.0485757676609815E-002   5.1621378775450512E-002 -0.16210132361466922        6.4254180866775721E-010   4.2588311035138862     
   51.688166012401929        8.0444257835258229E-002   5.1604374777840051E-002 -0.16206395609681490        5.2064303896148588E-010   4.2687705543273253     
   51.777902411729016        8.0410711237578841E-002   5.1577752334812155E-002 -0.16203055054285465        4.0056922978815406E-010   4.2808944665105324     
   51.867638811056104        8.0387548737015743E-002   5.1549436993733946E-002 -0.16200388248466452        3.1055040491079785E-010   4.2864000972603593     
   51.957375210383191        8.0379851832312402E-002   5.1525464815857999E-002 -0.16199253326284077        3.0798864748092941E-010   4.2838615757618070     
   52.047111609710278        8.0384792405239783E-002   5.1507595647507322E-002 -0.16199491073285194        3.7926867094040493E-010   4.2820746696936158     
   52.136848009037365        8.0400052365629943E-002   5.1498997580755879E-002 -0.16200772010552944        4.5890967926170934E-010   4.2895538636334063     
   52.226584408364452        8.0428072686923618E-002   5.1497572762099125E-002 -0.16203538133122217        5.6535268568944303E-010   4.2982416957475458     
   52.316320807691540        8.0470379087644012E-002   5.1495778392836061E-002 -0.16208104941912377        6.7008093654806196E-010   4.3014826943721527     
   52.406057207018627        8.0524279593744127E-002   5.1497433336698213E-002 -0.16214174331990927        7.3206051789806106E-010   4.2991400505057094     
   52.495793606345714        8.0586527779136885E-002   5.1506352611068125E-002 -0.16221448687202522        7.9354514543971960E-010   4.3009789293768703     
   52.585530005672801        8.0655013688247443E-002   5.1513121275262273E-002 -0.16229621301609942        8.8245296517629324E-010   4.3085817622256002     
   52.675266404999881        8.0725950760456716E-002   5.1511700282610179E-002 -0.16238159387677464        9.1917929997591458E-010   4.3208426452462723     
   52.765002804326969        8.0795811074822518E-002   5.1505322671428461E-002 -0.16246515214104656        8.6694230611875768E-010   4.3248333561002417     
   52.854739203654056        8.0857055247901960E-002   5.1500645650715014E-002 -0.16253524057459345        7.6003226760596021E-010   4.3233682858776401     
   52.944475602981143        8.0909230547049432E-002   5.1503282717884416E-002 -0.16259246303911873        6.4819925945473547E-010   4.3217290089197284     
   53.034212002308230        8.0957417184710140E-002   5.1509841029735222E-002 -0.16264494094626192        6.0793197752977391E-010   4.3178106809219905     
   53.123948401635317        8.1003675572390660E-002   5.1514259030279771E-002 -0.16269290653444063        6.4400112099830471E-010   4.3142035819997151     
   53.213684800962405        8.1049416079985850E-002   5.1519413786366271E-002 -0.16273644701233869        7.1381374195514969E-010   4.3052501802881693     
   53.303421200289492        8.1095240758960949E-002   5.1534244934699186E-002 -0.16277980315348084        7.7740828126987578E-010   4.3017375959472171     
   53.393157599616579        8.1138985888524903E-002   5.1565666677330368E-002 -0.16282465033987892        8.1788303672238882E-010   4.2974457607300272     
   53.482893998943666        8.1179418208261953E-002   5.1608146919968872E-002 -0.16287167942002811        8.5814470326387318E-010   4.2970078196435590     
   53.572630398270753        8.1213940960112446E-002   5.1652646975608910E-002 -0.16291613442619551        8.3695803473777610E-010   4.3031631374802757     
   53.662366797597841        8.1238045652026580E-002   5.1696596471518683E-002 -0.16295071641692921        7.4790039645931490E-010   4.3132881199020963     
   53.752103196924928        8.1252957728802921E-002   5.1735854162718913E-002 -0.16297901620969074        6.5732578975012560E-010   4.3201326310618100     
   53.841839596252008        8.1260929396098885E-002   5.1762884052244364E-002 -0.16300391026222988        5.7917871380735602E-010   4.3263994369109202     
   53.931575995579095        8.1264330568000365E-002   5.1781518366085792E-002 -0.16302937950260804        4.7283016788318271E-010   4.3265579800011285     
   54.021312394906182        8.1264922986716878E-002   5.1799744658075346E-002 -0.16306044937022285        3.7422659223385767E-010   4.3298453607379450     
   54.111048794233270        8.1262380659616565E-002   5.1816608280555843E-002 -0.16309578935319813        2.9735916511062134E-010   4.3333405022729723     
   54.200785193560357        8.1252904887499353E-002   5.1823564670419223E-002 -0.16312459351466907        2.3589430996459736E-010   4.3301397748340706     
   54.290521592887444        8.1239860358328669E-002   5.1826315103779143E-002 -0.16314991215426261        1.5386699853037696E-010   4.3279864971265232     
   54.380257992214531        8.1226358685557984E-002   5.1833520471276442E-002 -0.16317857625152610        1.5571667721913516E-010   4.3266747066621214     
   54.469994391541618        8.1209688702096994E-002   5.1838716429999730E-002 -0.16320523715635374        1.6005777841134512E-010   4.3304031253198785     
   54.559730790868706        8.1191973123338604E-002   5.1845159102931151E-002 -0.16323352489949522        1.3405007171090201E-010   4.3256373917835109     
   54.649467190195793        8.1174835076420343E-002   5.1850805935692870E-002 -0.16326650830038275        1.5622145320318731E-010   4.3232852463692719     
   54.739203589522880        8.1158692972488275E-002   5.1853067509255946E-002 -0.16330231208198942        1.8429974263146339E-010   4.3221787668011382     
   54.828939988849967        8.1142922964159439E-002   5.1857911095355980E-002 -0.16333936043800243        1.9923040658876041E-010   4.3246370860545724     
   54.918676388177055        8.1126213281997317E-002   5.1877232619670859E-002 -0.16337537296329036        1.9747982611934147E-010   4.3274269584403813     
   55.008412787504142        8.1107914171669043E-002   5.1911747881725381E-002 -0.16340803990361616        2.2074503471082319E-010   4.3334484503977668     
   55.098149186831222        8.1088075207644231E-002   5.1955306254367901E-002 -0.16343816432436015        2.2672295149825971E-010   4.3364932931761331     
   55.187885586158309        8.1070129014431613E-002   5.2009323966599408E-002 -0.16347120274841553        2.2995228035384943E-010   4.3414393122440407     
   55.277621985485396        8.1057928832199963E-002   5.2068689112132298E-002 -0.16351632537756428        2.5993908970639375E-010   4.3577058053659323     
   55.367358384812484        8.1053906228437070E-002   5.2123247519694528E-002 -0.16357733681667969        2.5653561690518817E-010   4.3687081226566615     
   55.457094784139571        8.1062032424629824E-002   5.2171630140712702E-002 -0.16365639532678972        2.0045216364459642E-010   4.3632803606151542     
   55.546831183466658        8.1084602439162351E-002   5.2217434206853652E-002 -0.16375703104919975        1.3078898610588586E-010   4.3512909492672636     
   55.636567582793745        8.1118321353172970E-002   5.2261343276718199E-002 -0.16387398748190174        1.0927822320446842E-010   4.3376385424176958     
   55.726303982120832        8.1162188477594696E-002   5.2298741555814640E-002 -0.16400262289764797        1.5920037171582888E-010   4.3283622504578805     
   55.816040381447920        8.1219193979393547E-002   5.2322290966148356E-002 -0.16414476917156184        2.6217423931210978E-010   4.3203072183360396     
   55.905776780775007        8.1289997139028167E-002   5.2330407436606566E-002 -0.16430099033512502        3.3438456026903091E-010   4.3134384350910562     
   55.995513180102094        8.1373540781567943E-002   5.2337072774607953E-002 -0.16447102626282920        3.2657337424020393E-010   4.3161110652106860     
