  -9.9875000000000007        0.0000000000000000     
  -9.9749999999999996        0.0000000000000000     
  -9.9625000000000004        0.0000000000000000     
  -9.9499999999999993        0.0000000000000000     
  -9.9375000000000000        0.0000000000000000     
  -9.9250000000000007        0.0000000000000000     
  -9.9124999999999996        0.0000000000000000     
  -9.9000000000000004        0.0000000000000000     
  -9.8874999999999993        0.0000000000000000     
  -9.8750000000000000        0.0000000000000000     
  -9.8625000000000007        0.0000000000000000     
  -9.8499999999999996        0.0000000000000000     
  -9.8375000000000004        0.0000000000000000     
  -9.8249999999999993        0.0000000000000000     
  -9.8125000000000000        0.0000000000000000     
  -9.8000000000000007        0.0000000000000000     
  -9.7874999999999996        0.0000000000000000     
  -9.7750000000000004        0.0000000000000000     
  -9.7624999999999993        0.0000000000000000     
  -9.7500000000000000        0.0000000000000000     
  -9.7375000000000007        0.0000000000000000     
  -9.7249999999999996        0.0000000000000000     
  -9.7125000000000004        0.0000000000000000     
  -9.6999999999999993        0.0000000000000000     
  -9.6875000000000000        0.0000000000000000     
  -9.6750000000000007        0.0000000000000000     
  -9.6624999999999996        0.0000000000000000     
  -9.6500000000000004        0.0000000000000000     
  -9.6374999999999993        0.0000000000000000     
  -9.6250000000000000        0.0000000000000000     
  -9.6125000000000007        0.0000000000000000     
  -9.5999999999999996        0.0000000000000000     
  -9.5875000000000004        0.0000000000000000     
  -9.5749999999999993        0.0000000000000000     
  -9.5625000000000000        0.0000000000000000     
  -9.5500000000000007        0.0000000000000000     
  -9.5374999999999996        0.0000000000000000     
  -9.5250000000000004        0.0000000000000000     
  -9.5124999999999993        0.0000000000000000     
  -9.5000000000000000        0.0000000000000000     
  -9.4875000000000007        0.0000000000000000     
  -9.4749999999999996        0.0000000000000000     
  -9.4625000000000004        0.0000000000000000     
  -9.4499999999999993        0.0000000000000000     
  -9.4375000000000000        0.0000000000000000     
  -9.4250000000000007        0.0000000000000000     
  -9.4124999999999996        0.0000000000000000     
  -9.4000000000000004        0.0000000000000000     
  -9.3874999999999993        0.0000000000000000     
  -9.3750000000000000        0.0000000000000000     
  -9.3625000000000007        0.0000000000000000     
  -9.3499999999999996        0.0000000000000000     
  -9.3375000000000004        0.0000000000000000     
  -9.3249999999999993        0.0000000000000000     
  -9.3125000000000000        0.0000000000000000     
  -9.3000000000000007        0.0000000000000000     
  -9.2874999999999996        0.0000000000000000     
  -9.2750000000000004        0.0000000000000000     
  -9.2624999999999993        0.0000000000000000     
  -9.2500000000000000        0.0000000000000000     
  -9.2375000000000007        0.0000000000000000     
  -9.2249999999999996        0.0000000000000000     
  -9.2125000000000004        0.0000000000000000     
  -9.1999999999999993        0.0000000000000000     
  -9.1875000000000000        0.0000000000000000     
  -9.1750000000000007        0.0000000000000000     
  -9.1624999999999996        0.0000000000000000     
  -9.1500000000000004        0.0000000000000000     
  -9.1374999999999993        0.0000000000000000     
  -9.1250000000000000        0.0000000000000000     
  -9.1125000000000007        0.0000000000000000     
  -9.0999999999999996        0.0000000000000000     
  -9.0875000000000004        0.0000000000000000     
  -9.0749999999999993        0.0000000000000000     
  -9.0625000000000000        0.0000000000000000     
  -9.0500000000000007        0.0000000000000000     
  -9.0374999999999996        0.0000000000000000     
  -9.0250000000000004        0.0000000000000000     
  -9.0124999999999993        0.0000000000000000     
  -9.0000000000000000        0.0000000000000000     
  -8.9875000000000007        0.0000000000000000     
  -8.9749999999999996        0.0000000000000000     
  -8.9625000000000004        0.0000000000000000     
  -8.9499999999999993        0.0000000000000000     
  -8.9375000000000000        0.0000000000000000     
  -8.9250000000000007        0.0000000000000000     
  -8.9124999999999996        0.0000000000000000     
  -8.9000000000000004        0.0000000000000000     
  -8.8874999999999993        0.0000000000000000     
  -8.8750000000000000        0.0000000000000000     
  -8.8625000000000007        0.0000000000000000     
  -8.8499999999999996        0.0000000000000000     
  -8.8375000000000004        0.0000000000000000     
  -8.8249999999999993        0.0000000000000000     
  -8.8125000000000000        0.0000000000000000     
  -8.8000000000000007        0.0000000000000000     
  -8.7874999999999996        0.0000000000000000     
  -8.7750000000000004        0.0000000000000000     
  -8.7624999999999993        0.0000000000000000     
  -8.7500000000000000        0.0000000000000000     
  -8.7375000000000007        0.0000000000000000     
  -8.7249999999999996        0.0000000000000000     
  -8.7125000000000004        0.0000000000000000     
  -8.6999999999999993        0.0000000000000000     
  -8.6875000000000000        0.0000000000000000     
  -8.6750000000000007        0.0000000000000000     
  -8.6624999999999996        0.0000000000000000     
  -8.6500000000000004        0.0000000000000000     
  -8.6374999999999993        0.0000000000000000     
  -8.6250000000000000        0.0000000000000000     
  -8.6125000000000007        0.0000000000000000     
  -8.5999999999999996        0.0000000000000000     
  -8.5875000000000004        0.0000000000000000     
  -8.5749999999999993        0.0000000000000000     
  -8.5625000000000000        0.0000000000000000     
  -8.5500000000000007        0.0000000000000000     
  -8.5374999999999996        0.0000000000000000     
  -8.5250000000000004        0.0000000000000000     
  -8.5124999999999993        0.0000000000000000     
  -8.5000000000000000        0.0000000000000000     
  -8.4875000000000007        0.0000000000000000     
  -8.4749999999999996        0.0000000000000000     
  -8.4625000000000004        0.0000000000000000     
  -8.4499999999999993        0.0000000000000000     
  -8.4375000000000000        0.0000000000000000     
  -8.4250000000000007        0.0000000000000000     
  -8.4124999999999996        0.0000000000000000     
  -8.4000000000000004        0.0000000000000000     
  -8.3874999999999993        0.0000000000000000     
  -8.3750000000000000        0.0000000000000000     
  -8.3625000000000007        0.0000000000000000     
  -8.3499999999999996        0.0000000000000000     
  -8.3375000000000004        0.0000000000000000     
  -8.3249999999999993        0.0000000000000000     
  -8.3125000000000000        0.0000000000000000     
  -8.3000000000000007        0.0000000000000000     
  -8.2874999999999996        0.0000000000000000     
  -8.2750000000000004        0.0000000000000000     
  -8.2624999999999993        0.0000000000000000     
  -8.2500000000000000        0.0000000000000000     
  -8.2375000000000007        0.0000000000000000     
  -8.2249999999999996        0.0000000000000000     
  -8.2125000000000004        0.0000000000000000     
  -8.1999999999999993        0.0000000000000000     
  -8.1875000000000000        0.0000000000000000     
  -8.1750000000000007        0.0000000000000000     
  -8.1624999999999996        0.0000000000000000     
  -8.1500000000000004        0.0000000000000000     
  -8.1374999999999993        0.0000000000000000     
  -8.1250000000000000        0.0000000000000000     
  -8.1125000000000007        0.0000000000000000     
  -8.0999999999999996        0.0000000000000000     
  -8.0875000000000004        0.0000000000000000     
  -8.0749999999999993        0.0000000000000000     
  -8.0625000000000000        0.0000000000000000     
  -8.0500000000000007        0.0000000000000000     
  -8.0374999999999996        0.0000000000000000     
  -8.0250000000000004        0.0000000000000000     
  -8.0124999999999993        0.0000000000000000     
  -8.0000000000000000        0.0000000000000000     
  -7.9874999999999998        0.0000000000000000     
  -7.9749999999999996        0.0000000000000000     
  -7.9625000000000004        0.0000000000000000     
  -7.9499999999999993        0.0000000000000000     
  -7.9375000000000000        0.0000000000000000     
  -7.9249999999999998        0.0000000000000000     
  -7.9124999999999996        0.0000000000000000     
  -7.9000000000000004        0.0000000000000000     
  -7.8874999999999993        0.0000000000000000     
  -7.8750000000000000        0.0000000000000000     
  -7.8624999999999998        0.0000000000000000     
  -7.8499999999999996        0.0000000000000000     
  -7.8375000000000004        0.0000000000000000     
  -7.8249999999999993        0.0000000000000000     
  -7.8125000000000000        0.0000000000000000     
  -7.7999999999999998        0.0000000000000000     
  -7.7874999999999996        0.0000000000000000     
  -7.7750000000000004        0.0000000000000000     
  -7.7624999999999993        0.0000000000000000     
  -7.7500000000000000        0.0000000000000000     
  -7.7374999999999998        0.0000000000000000     
  -7.7249999999999996        0.0000000000000000     
  -7.7125000000000004        0.0000000000000000     
  -7.6999999999999993        0.0000000000000000     
  -7.6875000000000000        0.0000000000000000     
  -7.6749999999999998        0.0000000000000000     
  -7.6624999999999996        0.0000000000000000     
  -7.6500000000000004        0.0000000000000000     
  -7.6374999999999993        0.0000000000000000     
  -7.6250000000000000        0.0000000000000000     
  -7.6124999999999998        0.0000000000000000     
  -7.5999999999999996        0.0000000000000000     
  -7.5875000000000004        0.0000000000000000     
  -7.5749999999999993        0.0000000000000000     
  -7.5625000000000000        0.0000000000000000     
  -7.5499999999999998        0.0000000000000000     
  -7.5374999999999996        0.0000000000000000     
  -7.5250000000000004        0.0000000000000000     
  -7.5124999999999993        0.0000000000000000     
  -7.5000000000000000        0.0000000000000000     
  -7.4874999999999998        0.0000000000000000     
  -7.4749999999999996        0.0000000000000000     
  -7.4625000000000004        0.0000000000000000     
  -7.4499999999999993        0.0000000000000000     
  -7.4375000000000000        0.0000000000000000     
  -7.4249999999999998        0.0000000000000000     
  -7.4124999999999996        0.0000000000000000     
  -7.4000000000000004        0.0000000000000000     
  -7.3874999999999993        0.0000000000000000     
  -7.3750000000000000        0.0000000000000000     
  -7.3624999999999998        0.0000000000000000     
  -7.3499999999999996        0.0000000000000000     
  -7.3375000000000004        0.0000000000000000     
  -7.3249999999999993        0.0000000000000000     
  -7.3125000000000000        0.0000000000000000     
  -7.2999999999999998        0.0000000000000000     
  -7.2874999999999996        0.0000000000000000     
  -7.2750000000000004        0.0000000000000000     
  -7.2624999999999993        0.0000000000000000     
  -7.2500000000000000        0.0000000000000000     
  -7.2374999999999998        0.0000000000000000     
  -7.2249999999999996        0.0000000000000000     
  -7.2125000000000004        0.0000000000000000     
  -7.1999999999999993        0.0000000000000000     
  -7.1875000000000000        0.0000000000000000     
  -7.1749999999999998        0.0000000000000000     
  -7.1624999999999996        0.0000000000000000     
  -7.1500000000000004        0.0000000000000000     
  -7.1374999999999993        0.0000000000000000     
  -7.1250000000000000        0.0000000000000000     
  -7.1124999999999998        0.0000000000000000     
  -7.0999999999999996        0.0000000000000000     
  -7.0875000000000004        0.0000000000000000     
  -7.0749999999999993        0.0000000000000000     
  -7.0625000000000000        0.0000000000000000     
  -7.0499999999999998        0.0000000000000000     
  -7.0374999999999996        0.0000000000000000     
  -7.0250000000000004        0.0000000000000000     
  -7.0124999999999993        0.0000000000000000     
  -7.0000000000000000        0.0000000000000000     
  -6.9874999999999998        0.0000000000000000     
  -6.9749999999999996        0.0000000000000000     
  -6.9625000000000004        0.0000000000000000     
  -6.9499999999999993        0.0000000000000000     
  -6.9375000000000000        0.0000000000000000     
  -6.9249999999999998        0.0000000000000000     
  -6.9124999999999996        0.0000000000000000     
  -6.9000000000000004        0.0000000000000000     
  -6.8874999999999993        0.0000000000000000     
  -6.8750000000000000        0.0000000000000000     
  -6.8624999999999998        0.0000000000000000     
  -6.8499999999999996        0.0000000000000000     
  -6.8375000000000004        0.0000000000000000     
  -6.8249999999999993        0.0000000000000000     
  -6.8125000000000000        0.0000000000000000     
  -6.7999999999999998        0.0000000000000000     
  -6.7874999999999996        0.0000000000000000     
  -6.7750000000000004        0.0000000000000000     
  -6.7624999999999993        0.0000000000000000     
  -6.7500000000000000        0.0000000000000000     
  -6.7374999999999998        0.0000000000000000     
  -6.7249999999999996        0.0000000000000000     
  -6.7125000000000004        0.0000000000000000     
  -6.6999999999999993        0.0000000000000000     
  -6.6875000000000000        0.0000000000000000     
  -6.6749999999999998        0.0000000000000000     
  -6.6624999999999996        0.0000000000000000     
  -6.6500000000000004        0.0000000000000000     
  -6.6374999999999993        0.0000000000000000     
  -6.6250000000000000        0.0000000000000000     
  -6.6124999999999998        0.0000000000000000     
  -6.5999999999999996        0.0000000000000000     
  -6.5875000000000004        0.0000000000000000     
  -6.5749999999999993        0.0000000000000000     
  -6.5625000000000000        0.0000000000000000     
  -6.5499999999999998        0.0000000000000000     
  -6.5374999999999996        0.0000000000000000     
  -6.5250000000000004        0.0000000000000000     
  -6.5124999999999993        0.0000000000000000     
  -6.5000000000000000        0.0000000000000000     
  -6.4874999999999998        0.0000000000000000     
  -6.4749999999999996        0.0000000000000000     
  -6.4625000000000004        0.0000000000000000     
  -6.4499999999999993        0.0000000000000000     
  -6.4375000000000000        0.0000000000000000     
  -6.4249999999999998        0.0000000000000000     
  -6.4124999999999996        0.0000000000000000     
  -6.4000000000000004        0.0000000000000000     
  -6.3874999999999993        0.0000000000000000     
  -6.3750000000000000        0.0000000000000000     
  -6.3624999999999998        0.0000000000000000     
  -6.3499999999999996        0.0000000000000000     
  -6.3375000000000004        0.0000000000000000     
  -6.3249999999999993        0.0000000000000000     
  -6.3125000000000000        0.0000000000000000     
  -6.2999999999999998        0.0000000000000000     
  -6.2874999999999996        0.0000000000000000     
  -6.2750000000000004        0.0000000000000000     
  -6.2624999999999993        0.0000000000000000     
  -6.2500000000000000        0.0000000000000000     
  -6.2374999999999998        0.0000000000000000     
  -6.2249999999999996        0.0000000000000000     
  -6.2125000000000004        0.0000000000000000     
  -6.1999999999999993        0.0000000000000000     
  -6.1875000000000000        0.0000000000000000     
  -6.1749999999999998        0.0000000000000000     
  -6.1624999999999996        0.0000000000000000     
  -6.1500000000000004        0.0000000000000000     
  -6.1374999999999993        0.0000000000000000     
  -6.1250000000000000        0.0000000000000000     
  -6.1124999999999998        0.0000000000000000     
  -6.0999999999999996        0.0000000000000000     
  -6.0875000000000004        0.0000000000000000     
  -6.0749999999999993        0.0000000000000000     
  -6.0625000000000000        0.0000000000000000     
  -6.0499999999999998        0.0000000000000000     
  -6.0374999999999996        0.0000000000000000     
  -6.0250000000000004        0.0000000000000000     
  -6.0124999999999993        0.0000000000000000     
  -6.0000000000000000        0.0000000000000000     
  -5.9874999999999998        0.0000000000000000     
  -5.9749999999999996        0.0000000000000000     
  -5.9624999999999995        0.0000000000000000     
  -5.9500000000000002        0.0000000000000000     
  -5.9375000000000000        0.0000000000000000     
  -5.9249999999999998        0.0000000000000000     
  -5.9124999999999996        0.0000000000000000     
  -5.8999999999999995        0.0000000000000000     
  -5.8875000000000002        0.0000000000000000     
  -5.8750000000000000        0.0000000000000000     
  -5.8624999999999998        0.0000000000000000     
  -5.8499999999999996        0.0000000000000000     
  -5.8374999999999995        0.0000000000000000     
  -5.8250000000000002        0.0000000000000000     
  -5.8125000000000000        0.0000000000000000     
  -5.7999999999999998        0.0000000000000000     
  -5.7874999999999996        0.0000000000000000     
  -5.7749999999999995        0.0000000000000000     
  -5.7625000000000002        0.0000000000000000     
  -5.7500000000000000        0.0000000000000000     
  -5.7374999999999998        0.0000000000000000     
  -5.7249999999999996        0.0000000000000000     
  -5.7124999999999995        0.0000000000000000     
  -5.7000000000000002        0.0000000000000000     
  -5.6875000000000000        0.0000000000000000     
  -5.6749999999999998        0.0000000000000000     
  -5.6624999999999996        0.0000000000000000     
  -5.6499999999999995        0.0000000000000000     
  -5.6375000000000002        0.0000000000000000     
  -5.6250000000000000        0.0000000000000000     
  -5.6124999999999998        0.0000000000000000     
  -5.5999999999999996        0.0000000000000000     
  -5.5874999999999995        0.0000000000000000     
  -5.5750000000000002        0.0000000000000000     
  -5.5625000000000000        0.0000000000000000     
  -5.5499999999999998        0.0000000000000000     
  -5.5374999999999996        0.0000000000000000     
  -5.5249999999999995        0.0000000000000000     
  -5.5125000000000002        0.0000000000000000     
  -5.5000000000000000        0.0000000000000000     
  -5.4874999999999998        0.0000000000000000     
  -5.4749999999999996        0.0000000000000000     
  -5.4624999999999995        0.0000000000000000     
  -5.4500000000000002        0.0000000000000000     
  -5.4375000000000000        0.0000000000000000     
  -5.4249999999999998        0.0000000000000000     
  -5.4124999999999996        0.0000000000000000     
  -5.3999999999999995        0.0000000000000000     
  -5.3875000000000002        0.0000000000000000     
  -5.3750000000000000        0.0000000000000000     
  -5.3624999999999998        0.0000000000000000     
  -5.3499999999999996        0.0000000000000000     
  -5.3374999999999995        0.0000000000000000     
  -5.3250000000000002        0.0000000000000000     
  -5.3125000000000000        0.0000000000000000     
  -5.2999999999999998        0.0000000000000000     
  -5.2874999999999996        0.0000000000000000     
  -5.2749999999999995        0.0000000000000000     
  -5.2625000000000002        0.0000000000000000     
  -5.2500000000000000        0.0000000000000000     
  -5.2374999999999998        0.0000000000000000     
  -5.2249999999999996        0.0000000000000000     
  -5.2124999999999995        0.0000000000000000     
  -5.1999999999999993        0.0000000000000000     
  -5.1875000000000000        0.0000000000000000     
  -5.1749999999999998        0.0000000000000000     
  -5.1624999999999996        0.0000000000000000     
  -5.1499999999999995        0.0000000000000000     
  -5.1374999999999993        0.0000000000000000     
  -5.1250000000000000        0.0000000000000000     
  -5.1124999999999998        0.0000000000000000     
  -5.0999999999999996        0.0000000000000000     
  -5.0874999999999995        0.0000000000000000     
  -5.0749999999999993        0.0000000000000000     
  -5.0625000000000000        0.0000000000000000     
  -5.0499999999999998        0.0000000000000000     
  -5.0374999999999996        0.0000000000000000     
  -5.0249999999999995        0.0000000000000000     
  -5.0124999999999993        0.0000000000000000     
  -5.0000000000000000        0.0000000000000000     
  -4.9874999999999998        0.0000000000000000     
  -4.9749999999999996        0.0000000000000000     
  -4.9624999999999995        0.0000000000000000     
  -4.9499999999999993        0.0000000000000000     
  -4.9375000000000000        0.0000000000000000     
  -4.9249999999999998        0.0000000000000000     
  -4.9124999999999996        0.0000000000000000     
  -4.8999999999999995        0.0000000000000000     
  -4.8874999999999993        0.0000000000000000     
  -4.8750000000000000        0.0000000000000000     
  -4.8624999999999998        0.0000000000000000     
  -4.8499999999999996        0.0000000000000000     
  -4.8374999999999995        0.0000000000000000     
  -4.8249999999999993        0.0000000000000000     
  -4.8125000000000000        0.0000000000000000     
  -4.7999999999999998        0.0000000000000000     
  -4.7874999999999996        0.0000000000000000     
  -4.7749999999999995        0.0000000000000000     
  -4.7624999999999993        0.0000000000000000     
  -4.7500000000000000        0.0000000000000000     
  -4.7374999999999998        0.0000000000000000     
  -4.7249999999999996        0.0000000000000000     
  -4.7124999999999995        0.0000000000000000     
  -4.6999999999999993        0.0000000000000000     
  -4.6875000000000000        0.0000000000000000     
  -4.6749999999999998        0.0000000000000000     
  -4.6624999999999996        0.0000000000000000     
  -4.6499999999999995        0.0000000000000000     
  -4.6374999999999993        0.0000000000000000     
  -4.6250000000000000        0.0000000000000000     
  -4.6124999999999998        0.0000000000000000     
  -4.5999999999999996        0.0000000000000000     
  -4.5874999999999995        0.0000000000000000     
  -4.5749999999999993        0.0000000000000000     
  -4.5625000000000000        0.0000000000000000     
  -4.5499999999999998        0.0000000000000000     
  -4.5374999999999996        0.0000000000000000     
  -4.5249999999999995        0.0000000000000000     
  -4.5124999999999993        0.0000000000000000     
  -4.5000000000000000        0.0000000000000000     
  -4.4874999999999998        0.0000000000000000     
  -4.4749999999999996        0.0000000000000000     
  -4.4624999999999995        0.0000000000000000     
  -4.4499999999999993        0.0000000000000000     
  -4.4375000000000000        0.0000000000000000     
  -4.4249999999999998        0.0000000000000000     
  -4.4124999999999996        0.0000000000000000     
  -4.3999999999999995        0.0000000000000000     
  -4.3874999999999993        0.0000000000000000     
  -4.3750000000000000        0.0000000000000000     
  -4.3624999999999998        0.0000000000000000     
  -4.3499999999999996        0.0000000000000000     
  -4.3374999999999995        0.0000000000000000     
  -4.3249999999999993        0.0000000000000000     
  -4.3125000000000000        0.0000000000000000     
  -4.2999999999999998        0.0000000000000000     
  -4.2874999999999996        0.0000000000000000     
  -4.2749999999999995        0.0000000000000000     
  -4.2624999999999993        0.0000000000000000     
  -4.2500000000000000        0.0000000000000000     
  -4.2374999999999998        0.0000000000000000     
  -4.2249999999999996        0.0000000000000000     
  -4.2124999999999995        0.0000000000000000     
  -4.1999999999999993        0.0000000000000000     
  -4.1875000000000000        0.0000000000000000     
  -4.1749999999999998        0.0000000000000000     
  -4.1624999999999996        0.0000000000000000     
  -4.1499999999999995        0.0000000000000000     
  -4.1374999999999993        0.0000000000000000     
  -4.1250000000000000        0.0000000000000000     
  -4.1124999999999998        0.0000000000000000     
  -4.0999999999999996        0.0000000000000000     
  -4.0874999999999995        0.0000000000000000     
  -4.0749999999999993        0.0000000000000000     
  -4.0625000000000000        0.0000000000000000     
  -4.0499999999999998        0.0000000000000000     
  -4.0374999999999996        0.0000000000000000     
  -4.0249999999999995        0.0000000000000000     
  -4.0124999999999993        0.0000000000000000     
  -4.0000000000000000        0.0000000000000000     
  -3.9874999999999998        0.0000000000000000     
  -3.9749999999999996        0.0000000000000000     
  -3.9624999999999995        0.0000000000000000     
  -3.9499999999999993        0.0000000000000000     
  -3.9375000000000000        0.0000000000000000     
  -3.9249999999999998        0.0000000000000000     
  -3.9124999999999996        0.0000000000000000     
  -3.8999999999999995        0.0000000000000000     
  -3.8874999999999993        0.0000000000000000     
  -3.8750000000000000        0.0000000000000000     
  -3.8624999999999998        0.0000000000000000     
  -3.8499999999999996        0.0000000000000000     
  -3.8374999999999995        0.0000000000000000     
  -3.8249999999999993        0.0000000000000000     
  -3.8125000000000000        0.0000000000000000     
  -3.7999999999999998        0.0000000000000000     
  -3.7874999999999996        0.0000000000000000     
  -3.7749999999999995        0.0000000000000000     
  -3.7624999999999993        0.0000000000000000     
  -3.7500000000000000        0.0000000000000000     
  -3.7374999999999998        0.0000000000000000     
  -3.7249999999999996        0.0000000000000000     
  -3.7124999999999995        0.0000000000000000     
  -3.6999999999999993        0.0000000000000000     
  -3.6875000000000000        0.0000000000000000     
  -3.6749999999999998        0.0000000000000000     
  -3.6624999999999996        0.0000000000000000     
  -3.6499999999999995        0.0000000000000000     
  -3.6374999999999993        0.0000000000000000     
  -3.6250000000000000        0.0000000000000000     
  -3.6124999999999998        0.0000000000000000     
  -3.5999999999999996        0.0000000000000000     
  -3.5874999999999995        0.0000000000000000     
  -3.5749999999999993        0.0000000000000000     
  -3.5625000000000000        0.0000000000000000     
  -3.5499999999999998        0.0000000000000000     
  -3.5374999999999996        0.0000000000000000     
  -3.5249999999999995        0.0000000000000000     
  -3.5124999999999993        0.0000000000000000     
  -3.5000000000000000        0.0000000000000000     
  -3.4874999999999998        0.0000000000000000     
  -3.4749999999999996        0.0000000000000000     
  -3.4624999999999995        0.0000000000000000     
  -3.4499999999999993        0.0000000000000000     
  -3.4375000000000000        0.0000000000000000     
  -3.4249999999999998        0.0000000000000000     
  -3.4124999999999996        0.0000000000000000     
  -3.3999999999999995        0.0000000000000000     
  -3.3874999999999993        0.0000000000000000     
  -3.3750000000000000        0.0000000000000000     
  -3.3624999999999998        0.0000000000000000     
  -3.3499999999999996        0.0000000000000000     
  -3.3374999999999995        0.0000000000000000     
  -3.3249999999999993        0.0000000000000000     
  -3.3125000000000000        0.0000000000000000     
  -3.2999999999999998        0.0000000000000000     
  -3.2874999999999996        0.0000000000000000     
  -3.2749999999999995        0.0000000000000000     
  -3.2624999999999993        0.0000000000000000     
  -3.2500000000000000        0.0000000000000000     
  -3.2374999999999998        0.0000000000000000     
  -3.2249999999999996        0.0000000000000000     
  -3.2124999999999995        0.0000000000000000     
  -3.1999999999999993        0.0000000000000000     
  -3.1875000000000000        0.0000000000000000     
  -3.1749999999999998        0.0000000000000000     
  -3.1624999999999996        0.0000000000000000     
  -3.1499999999999995        0.0000000000000000     
  -3.1374999999999993        0.0000000000000000     
  -3.1250000000000000        0.0000000000000000     
  -3.1124999999999998        0.0000000000000000     
  -3.0999999999999996        0.0000000000000000     
  -3.0874999999999995        0.0000000000000000     
  -3.0749999999999993        0.0000000000000000     
  -3.0625000000000000        0.0000000000000000     
  -3.0499999999999998        0.0000000000000000     
  -3.0374999999999996        0.0000000000000000     
  -3.0249999999999995        0.0000000000000000     
  -3.0124999999999993        0.0000000000000000     
  -3.0000000000000000        0.0000000000000000     
  -2.9874999999999998        0.0000000000000000     
  -2.9749999999999996        0.0000000000000000     
  -2.9624999999999995        0.0000000000000000     
  -2.9499999999999993        0.0000000000000000     
  -2.9375000000000000        0.0000000000000000     
  -2.9249999999999998        0.0000000000000000     
  -2.9124999999999996        0.0000000000000000     
  -2.8999999999999995        0.0000000000000000     
  -2.8874999999999993        0.0000000000000000     
  -2.8750000000000000        0.0000000000000000     
  -2.8624999999999998        0.0000000000000000     
  -2.8499999999999996        0.0000000000000000     
  -2.8374999999999995        0.0000000000000000     
  -2.8249999999999993        0.0000000000000000     
  -2.8125000000000000        0.0000000000000000     
  -2.7999999999999998        0.0000000000000000     
  -2.7874999999999996        0.0000000000000000     
  -2.7749999999999995        0.0000000000000000     
  -2.7624999999999993        0.0000000000000000     
  -2.7500000000000000        0.0000000000000000     
  -2.7374999999999998        0.0000000000000000     
  -2.7249999999999996        0.0000000000000000     
  -2.7124999999999995        0.0000000000000000     
  -2.6999999999999993        0.0000000000000000     
  -2.6875000000000000        0.0000000000000000     
  -2.6749999999999998        0.0000000000000000     
  -2.6624999999999996        0.0000000000000000     
  -2.6499999999999995        0.0000000000000000     
  -2.6374999999999993        0.0000000000000000     
  -2.6250000000000000        0.0000000000000000     
  -2.6124999999999998        0.0000000000000000     
  -2.5999999999999996        0.0000000000000000     
  -2.5874999999999995        0.0000000000000000     
  -2.5749999999999993        0.0000000000000000     
  -2.5625000000000000        0.0000000000000000     
  -2.5499999999999998        0.0000000000000000     
  -2.5374999999999996        0.0000000000000000     
  -2.5249999999999995        0.0000000000000000     
  -2.5124999999999993        0.0000000000000000     
  -2.5000000000000000        0.0000000000000000     
  -2.4874999999999998        0.0000000000000000     
  -2.4749999999999996        0.0000000000000000     
  -2.4624999999999995        0.0000000000000000     
  -2.4499999999999993        0.0000000000000000     
  -2.4375000000000000        0.0000000000000000     
  -2.4249999999999998        0.0000000000000000     
  -2.4124999999999996        0.0000000000000000     
  -2.3999999999999995        0.0000000000000000     
  -2.3874999999999993        0.0000000000000000     
  -2.3750000000000000        0.0000000000000000     
  -2.3624999999999998        0.0000000000000000     
  -2.3499999999999996        0.0000000000000000     
  -2.3374999999999995        0.0000000000000000     
  -2.3249999999999993        0.0000000000000000     
  -2.3125000000000000        0.0000000000000000     
  -2.2999999999999998        0.0000000000000000     
  -2.2874999999999996        0.0000000000000000     
  -2.2749999999999995        0.0000000000000000     
  -2.2624999999999993        0.0000000000000000     
  -2.2500000000000000        0.0000000000000000     
  -2.2374999999999998        0.0000000000000000     
  -2.2249999999999996        0.0000000000000000     
  -2.2124999999999995        0.0000000000000000     
  -2.1999999999999993        0.0000000000000000     
  -2.1875000000000000        0.0000000000000000     
  -2.1749999999999998        0.0000000000000000     
  -2.1624999999999996        0.0000000000000000     
  -2.1499999999999995        0.0000000000000000     
  -2.1374999999999993        0.0000000000000000     
  -2.1250000000000000        0.0000000000000000     
  -2.1124999999999998        0.0000000000000000     
  -2.0999999999999996        0.0000000000000000     
  -2.0874999999999995        0.0000000000000000     
  -2.0749999999999993        0.0000000000000000     
  -2.0625000000000000        0.0000000000000000     
  -2.0499999999999998        0.0000000000000000     
  -2.0374999999999996        0.0000000000000000     
  -2.0249999999999995        0.0000000000000000     
  -2.0124999999999993        0.0000000000000000     
  -2.0000000000000000        0.0000000000000000     
  -1.9874999999999989        0.0000000000000000     
  -1.9749999999999996        0.0000000000000000     
  -1.9625000000000004        0.0000000000000000     
  -1.9499999999999993        7.9984642948553866E-005
  -1.9375000000000000        0.0000000000000000     
  -1.9249999999999989        0.0000000000000000     
  -1.9124999999999996        0.0000000000000000     
  -1.9000000000000004        0.0000000000000000     
  -1.8874999999999993        7.9984642948553866E-005
  -1.8750000000000000        0.0000000000000000     
  -1.8624999999999989        0.0000000000000000     
  -1.8499999999999996        0.0000000000000000     
  -1.8375000000000004        7.9984642948553866E-005
  -1.8249999999999993        0.0000000000000000     
  -1.8125000000000000        0.0000000000000000     
  -1.7999999999999989        0.0000000000000000     
  -1.7874999999999996        0.0000000000000000     
  -1.7750000000000004        0.0000000000000000     
  -1.7624999999999993        0.0000000000000000     
  -1.7500000000000000        0.0000000000000000     
  -1.7374999999999989        0.0000000000000000     
  -1.7249999999999996        0.0000000000000000     
  -1.7125000000000004        0.0000000000000000     
  -1.6999999999999993        0.0000000000000000     
  -1.6875000000000000        0.0000000000000000     
  -1.6749999999999989        0.0000000000000000     
  -1.6624999999999996        0.0000000000000000     
  -1.6500000000000004        0.0000000000000000     
  -1.6374999999999993        0.0000000000000000     
  -1.6250000000000000        0.0000000000000000     
  -1.6124999999999989        0.0000000000000000     
  -1.5999999999999996        0.0000000000000000     
  -1.5875000000000004        7.9984642948553866E-005
  -1.5749999999999993        0.0000000000000000     
  -1.5625000000000000        0.0000000000000000     
  -1.5499999999999989        7.9984642948553866E-005
  -1.5374999999999996        0.0000000000000000     
  -1.5250000000000004        0.0000000000000000     
  -1.5124999999999993        7.9984642948553866E-005
  -1.5000000000000000        1.5996928589710773E-004
  -1.4874999999999989        7.9984642948553866E-005
  -1.4749999999999996        0.0000000000000000     
  -1.4625000000000004        0.0000000000000000     
  -1.4499999999999993        0.0000000000000000     
  -1.4375000000000000        0.0000000000000000     
  -1.4249999999999989        7.9984642948553866E-005
  -1.4124999999999996        7.9984642948553866E-005
  -1.4000000000000004        7.9984642948553866E-005
  -1.3874999999999993        7.9984642948553866E-005
  -1.3750000000000000        0.0000000000000000     
  -1.3624999999999989        0.0000000000000000     
  -1.3499999999999996        0.0000000000000000     
  -1.3375000000000004        7.9984642948553866E-005
  -1.3249999999999993        1.5996928589710773E-004
  -1.3125000000000000        0.0000000000000000     
  -1.2999999999999989        0.0000000000000000     
  -1.2874999999999996        7.9984642948553866E-005
  -1.2750000000000004        0.0000000000000000     
  -1.2624999999999993        0.0000000000000000     
  -1.2500000000000000        1.5996928589710773E-004
  -1.2374999999999989        0.0000000000000000     
  -1.2249999999999996        0.0000000000000000     
  -1.2125000000000004        7.9984642948553866E-005
  -1.1999999999999993        0.0000000000000000     
  -1.1875000000000000        4.7990785769132319E-004
  -1.1749999999999989        2.3995392884566160E-004
  -1.1624999999999996        7.9984642948553866E-005
  -1.1500000000000004        1.5996928589710773E-004
  -1.1374999999999993        3.9992321474276936E-004
  -1.1250000000000000        3.1993857179421546E-004
  -1.1124999999999989        7.9984642948553866E-005
  -1.0999999999999996        3.1993857179421546E-004
  -1.0875000000000004        1.5996928589710773E-004
  -1.0749999999999993        5.5989250063987709E-004
  -1.0625000000000000        3.9992321474276936E-004
  -1.0499999999999989        0.0000000000000000     
  -1.0374999999999996        3.9992321474276936E-004
  -1.0250000000000004        5.5989250063987709E-004
  -1.0124999999999993        6.3987714358843093E-004
  -1.0000000000000000        4.7990785769132319E-004
 -0.98749999999999893        5.5989250063987709E-004
 -0.97499999999999964        3.9992321474276936E-004
 -0.96250000000000036        5.5989250063987709E-004
 -0.94999999999999929        6.3987714358843093E-004
 -0.93750000000000000        7.9984642948553871E-004
 -0.92499999999999893        9.5981571538264639E-004
 -0.91249999999999964        1.1197850012797542E-003
 -0.90000000000000036        5.5989250063987709E-004
 -0.88749999999999929        9.5981571538264639E-004
 -0.87500000000000000        1.2797542871768619E-003
 -0.86249999999999893        1.2797542871768619E-003
 -0.84999999999999964        1.3597389301254158E-003
 -0.83750000000000036        1.9196314307652928E-003
 -0.82499999999999929        1.8396467878167390E-003
 -0.81250000000000000        3.2793703608907086E-003
 -0.79999999999999893        2.2395700025595084E-003
 -0.78749999999999964        2.2395700025595084E-003
 -0.77500000000000036        2.4795239314051700E-003
 -0.76249999999999929        3.1993857179421548E-003
 -0.75000000000000000        3.9992321474276935E-003
 -0.73749999999999893        2.7994625031993853E-003
 -0.72499999999999964        3.8392628615305856E-003
 -0.71250000000000036        4.8790632198617862E-003
 -0.69999999999999929        3.8392628615305856E-003
 -0.68750000000000000        4.5591246480675704E-003
 -0.67499999999999893        5.8388789352444327E-003
 -0.66249999999999964        5.7588942922958781E-003
 -0.65000000000000036        7.2786025083184016E-003
 -0.63749999999999929        7.1986178653698479E-003
 -0.62500000000000000        6.8786792935756329E-003
 -0.61249999999999893        9.2782185820322483E-003
 -0.59999999999999964        9.4381878679293558E-003
 -0.58750000000000036        1.1437803941643203E-002
 -0.57499999999999929        1.1757742513437419E-002
 -0.56250000000000000        1.4157281801894035E-002
 -0.54999999999999893        1.3197466086511388E-002
 -0.53749999999999964        1.6236882518556435E-002
 -0.52500000000000036        1.8236498592270282E-002
 -0.51249999999999929        2.1115945738418223E-002
 -0.50000000000000000        2.1035961095469666E-002
 -0.48749999999999893        2.3275531098029177E-002
 -0.47499999999999964        2.4715254671103144E-002
 -0.46250000000000036        3.0634118249296131E-002
 -0.44999999999999929        3.7032889685180440E-002
 -0.43750000000000000        4.2231891476836446E-002
 -0.42499999999999893        4.5271307908881488E-002
 -0.41249999999999964        5.1190171487074478E-002
 -0.39999999999999858        5.6709111850524692E-002
 -0.38749999999999929        6.5507422574865623E-002
 -0.37500000000000000        7.3185948297926795E-002
 -0.36249999999999893        8.1104427949833621E-002
 -0.34999999999999964        9.2542231891476825E-002
 -0.33749999999999858       0.10286025083184028     
 -0.32499999999999929       0.12133670335295622     
 -0.31250000000000000       0.12997504479140004     
 -0.29999999999999893       0.15141092910161247     
 -0.28749999999999964       0.17012733555157408     
 -0.27499999999999858       0.18964358843102122     
 -0.26249999999999929       0.21755822882006653     
 -0.25000000000000000       0.25027194778602507     
 -0.23749999999999893       0.27618697210135651     
 -0.22499999999999964       0.32121832608139234     
 -0.21249999999999858       0.36552981827489117     
 -0.19999999999999929       0.40832160225236752     
 -0.18750000000000000       0.47414896339902735     
 -0.17499999999999893       0.54165600204760678     
 -0.16249999999999964       0.62068082928077806     
 -0.14999999999999858       0.69954568722805210     
 -0.13749999999999929       0.79272779626311740     
 -0.12500000000000000       0.89766764781162012     
 -0.11249999999999893        1.0190043511645763     
  -9.9999999999999645E-002   1.1393812388021498     
  -8.7499999999998579E-002   1.2886325825441514     
  -7.4999999999999289E-002   1.4562803941643203     
  -6.2500000000000000E-002   1.6261677757870487     
  -4.9999999999998934E-002   1.8134918095725618     
  -3.7499999999999645E-002   2.0047350908625541     
  -2.4999999999998579E-002   2.1906993857179420     
  -1.2499999999999289E-002   2.3738642180701301     
   0.0000000000000000        2.5448713846941384     
   1.2500000000001066E-002   2.6887637573585867     
   2.5000000000000355E-002   2.8504127207576144     
   3.7500000000001421E-002   2.9650307141028920     
   5.0000000000000711E-002   3.0402162784745324     
   6.2500000000000000E-002   3.0678109802917835     
   7.5000000000001066E-002   3.0754095213718964     
   8.7500000000000355E-002   3.0410161249040182     
  0.10000000000000142        2.9801478116201685     
  0.11250000000000071        2.8976836447402095     
  0.12500000000000000        2.7306757102636290     
  0.13750000000000107        2.5623880214998715     
  0.15000000000000036        2.4332928077809060     
  0.16250000000000142        2.2227732275403120     
  0.17500000000000071        2.0781609930893268     
  0.18750000000000000        1.8630023035577168     
  0.20000000000000107        1.6905554133606346     
  0.21250000000000036        1.4954728692091117     
  0.22500000000000142        1.3605387765549013     
  0.23750000000000071        1.2100076785257230     
  0.25000000000000000        1.0899507294599435     
  0.26250000000000107       0.93206104427949821     
  0.27500000000000036       0.84039864346045545     
  0.28750000000000142       0.73577873048374709     
  0.30000000000000071       0.64995520859994871     
  0.31250000000000000       0.56405170207320188     
  0.32500000000000107       0.48438699769644222     
  0.33750000000000036       0.43335679549526485     
  0.35000000000000142       0.37024891220885586     
  0.36250000000000071       0.32513757358587148     
  0.37500000000000000       0.28402546711031479     
  0.38750000000000107       0.24339326849244941     
  0.40000000000000036       0.22067762989506012     
  0.41250000000000142       0.18972357307396978     
  0.42500000000000071       0.16324865625799845     
  0.43750000000000000       0.14053301766060913     
  0.45000000000000107       0.12077681085231634     
  0.46250000000000036       0.10517980547734834     
  0.47500000000000142        9.2862170463271040E-002
  0.48750000000000071        8.1264397235730729E-002
  0.50000000000000000        7.4065779370360879E-002
  0.51250000000000107        6.3507806501151773E-002
  0.52500000000000036        5.9028666496032757E-002
  0.53750000000000142        5.1430125415920139E-002
  0.55000000000000071        4.5751215766572810E-002
  0.56250000000000000        3.6073073969797795E-002
  0.57500000000000107        3.4393396467878166E-002
  0.58750000000000036        2.6874840030714098E-002
  0.60000000000000142        2.7834655746096747E-002
  0.61250000000000071        2.2795623240337851E-002
  0.62500000000000000        1.9516252879447145E-002
  0.63750000000000107        1.5277066803173788E-002
  0.65000000000000036        1.5197082160225235E-002
  0.66250000000000142        1.5437036089070896E-002
  0.67500000000000071        1.2317635014077295E-002
  0.68750000000000000        1.1357819298694649E-002
  0.70000000000000107        9.5181725108779095E-003
  0.71250000000000036        8.7183260813923722E-003
  0.72500000000000142        9.1982339390836946E-003
  0.73750000000000071        6.2388021499872014E-003
  0.75000000000000000        6.9586639365241867E-003
  0.76250000000000107        6.4787560788328634E-003
  0.77500000000000036        5.2789864346045557E-003
  0.78750000000000142        5.5189403634502169E-003
  0.80000000000000071        3.0394164320450470E-003
  0.81250000000000000        4.5591246480675704E-003
  0.82500000000000107        3.4393396467878165E-003
  0.83750000000000036        2.9594317890964932E-003
  0.85000000000000142        2.3195546455080621E-003
  0.86250000000000071        2.7194778602508316E-003
  0.87500000000000000        2.4795239314051700E-003
  0.88750000000000107        2.3195546455080621E-003
  0.90000000000000036        2.4795239314051700E-003
  0.91250000000000142        1.1197850012797542E-003
  0.92500000000000071        1.5197082160225235E-003
  0.93750000000000000        7.9984642948553871E-004
  0.95000000000000107        1.1197850012797542E-003
  0.96250000000000036        9.5981571538264639E-004
  0.97500000000000142        1.3597389301254158E-003
  0.98750000000000071        5.5989250063987709E-004
   1.0000000000000000        6.3987714358843093E-004
   1.0125000000000011        6.3987714358843093E-004
   1.0250000000000004        3.9992321474276936E-004
   1.0375000000000014        7.1986178653698476E-004
   1.0500000000000007        7.9984642948553871E-004
   1.0625000000000000        3.1993857179421546E-004
   1.0750000000000011        3.1993857179421546E-004
   1.0875000000000004        2.3995392884566160E-004
   1.1000000000000014        6.3987714358843093E-004
   1.1125000000000007        1.5996928589710773E-004
   1.1250000000000000        0.0000000000000000     
   1.1375000000000011        7.9984642948553866E-005
   1.1500000000000004        7.9984642948553866E-005
   1.1625000000000014        2.3995392884566160E-004
   1.1750000000000007        2.3995392884566160E-004
   1.1875000000000000        3.1993857179421546E-004
   1.2000000000000011        7.9984642948553866E-005
   1.2125000000000004        4.7990785769132319E-004
   1.2250000000000014        1.5996928589710773E-004
   1.2375000000000007        2.3995392884566160E-004
   1.2500000000000000        0.0000000000000000     
   1.2625000000000011        7.9984642948553866E-005
   1.2750000000000004        1.5996928589710773E-004
   1.2875000000000014        2.3995392884566160E-004
   1.3000000000000007        0.0000000000000000     
   1.3125000000000000        2.3995392884566160E-004
   1.3250000000000011        7.9984642948553866E-005
   1.3375000000000004        7.9984642948553866E-005
   1.3500000000000014        7.9984642948553866E-005
   1.3625000000000007        7.9984642948553866E-005
   1.3750000000000000        0.0000000000000000     
   1.3875000000000011        7.9984642948553866E-005
   1.4000000000000004        0.0000000000000000     
   1.4125000000000014        0.0000000000000000     
   1.4250000000000007        7.9984642948553866E-005
   1.4375000000000000        1.5996928589710773E-004
   1.4500000000000011        0.0000000000000000     
   1.4625000000000004        0.0000000000000000     
   1.4750000000000014        7.9984642948553866E-005
   1.4875000000000007        0.0000000000000000     
   1.5000000000000000        7.9984642948553866E-005
   1.5125000000000011        0.0000000000000000     
   1.5250000000000004        0.0000000000000000     
   1.5375000000000014        0.0000000000000000     
   1.5500000000000007        0.0000000000000000     
   1.5625000000000000        0.0000000000000000     
   1.5750000000000011        0.0000000000000000     
   1.5875000000000004        7.9984642948553866E-005
   1.6000000000000014        0.0000000000000000     
   1.6125000000000007        0.0000000000000000     
   1.6250000000000000        0.0000000000000000     
   1.6375000000000011        0.0000000000000000     
   1.6500000000000004        0.0000000000000000     
   1.6625000000000014        0.0000000000000000     
   1.6750000000000007        0.0000000000000000     
   1.6875000000000000        0.0000000000000000     
   1.7000000000000011        0.0000000000000000     
   1.7125000000000004        0.0000000000000000     
   1.7250000000000014        0.0000000000000000     
   1.7375000000000007        0.0000000000000000     
   1.7500000000000000        0.0000000000000000     
   1.7625000000000011        0.0000000000000000     
   1.7750000000000004        0.0000000000000000     
   1.7875000000000014        0.0000000000000000     
   1.8000000000000007        0.0000000000000000     
   1.8125000000000000        0.0000000000000000     
   1.8250000000000011        0.0000000000000000     
   1.8375000000000004        0.0000000000000000     
   1.8500000000000014        0.0000000000000000     
   1.8625000000000007        0.0000000000000000     
   1.8750000000000000        0.0000000000000000     
   1.8875000000000011        0.0000000000000000     
   1.9000000000000004        0.0000000000000000     
   1.9125000000000014        0.0000000000000000     
   1.9250000000000007        0.0000000000000000     
   1.9375000000000000        0.0000000000000000     
   1.9500000000000011        0.0000000000000000     
   1.9625000000000004        0.0000000000000000     
   1.9750000000000014        0.0000000000000000     
   1.9875000000000007        0.0000000000000000     
   2.0000000000000000        0.0000000000000000     
   2.0125000000000011        0.0000000000000000     
   2.0250000000000004        0.0000000000000000     
   2.0375000000000014        0.0000000000000000     
   2.0500000000000007        0.0000000000000000     
   2.0625000000000000        0.0000000000000000     
   2.0750000000000011        0.0000000000000000     
   2.0875000000000004        0.0000000000000000     
   2.1000000000000014        0.0000000000000000     
   2.1125000000000007        0.0000000000000000     
   2.1250000000000000        0.0000000000000000     
   2.1375000000000011        0.0000000000000000     
   2.1500000000000004        0.0000000000000000     
   2.1625000000000014        0.0000000000000000     
   2.1750000000000007        0.0000000000000000     
   2.1875000000000000        0.0000000000000000     
   2.2000000000000011        0.0000000000000000     
   2.2125000000000004        0.0000000000000000     
   2.2250000000000014        0.0000000000000000     
   2.2375000000000007        0.0000000000000000     
   2.2500000000000000        0.0000000000000000     
   2.2625000000000011        0.0000000000000000     
   2.2750000000000004        0.0000000000000000     
   2.2875000000000014        0.0000000000000000     
   2.3000000000000007        0.0000000000000000     
   2.3125000000000000        0.0000000000000000     
   2.3250000000000011        0.0000000000000000     
   2.3375000000000004        0.0000000000000000     
   2.3500000000000014        0.0000000000000000     
   2.3625000000000007        0.0000000000000000     
   2.3750000000000000        0.0000000000000000     
   2.3875000000000011        0.0000000000000000     
   2.4000000000000004        0.0000000000000000     
   2.4125000000000014        0.0000000000000000     
   2.4250000000000007        0.0000000000000000     
   2.4375000000000000        0.0000000000000000     
   2.4500000000000011        0.0000000000000000     
   2.4625000000000004        0.0000000000000000     
   2.4750000000000014        0.0000000000000000     
   2.4875000000000007        0.0000000000000000     
   2.5000000000000000        0.0000000000000000     
   2.5125000000000011        0.0000000000000000     
   2.5250000000000004        0.0000000000000000     
   2.5375000000000014        0.0000000000000000     
   2.5500000000000007        0.0000000000000000     
   2.5625000000000000        0.0000000000000000     
   2.5750000000000011        0.0000000000000000     
   2.5875000000000004        0.0000000000000000     
   2.6000000000000014        0.0000000000000000     
   2.6125000000000007        0.0000000000000000     
   2.6250000000000000        0.0000000000000000     
   2.6375000000000011        0.0000000000000000     
   2.6500000000000004        0.0000000000000000     
   2.6625000000000014        0.0000000000000000     
   2.6750000000000007        0.0000000000000000     
   2.6875000000000000        0.0000000000000000     
   2.7000000000000011        0.0000000000000000     
   2.7125000000000004        0.0000000000000000     
   2.7250000000000014        0.0000000000000000     
   2.7375000000000007        0.0000000000000000     
   2.7500000000000000        0.0000000000000000     
   2.7625000000000011        0.0000000000000000     
   2.7750000000000004        0.0000000000000000     
   2.7875000000000014        0.0000000000000000     
   2.8000000000000007        0.0000000000000000     
   2.8125000000000000        0.0000000000000000     
   2.8250000000000011        0.0000000000000000     
   2.8375000000000004        0.0000000000000000     
   2.8500000000000014        0.0000000000000000     
   2.8625000000000007        0.0000000000000000     
   2.8750000000000000        0.0000000000000000     
   2.8875000000000011        0.0000000000000000     
   2.9000000000000004        0.0000000000000000     
   2.9125000000000014        0.0000000000000000     
   2.9250000000000007        0.0000000000000000     
   2.9375000000000000        0.0000000000000000     
   2.9500000000000011        0.0000000000000000     
   2.9625000000000004        0.0000000000000000     
   2.9750000000000014        0.0000000000000000     
   2.9875000000000007        0.0000000000000000     
   3.0000000000000000        0.0000000000000000     
   3.0125000000000011        0.0000000000000000     
   3.0250000000000004        0.0000000000000000     
   3.0375000000000014        0.0000000000000000     
   3.0500000000000007        0.0000000000000000     
   3.0625000000000000        0.0000000000000000     
   3.0750000000000011        0.0000000000000000     
   3.0875000000000004        0.0000000000000000     
   3.1000000000000014        0.0000000000000000     
   3.1125000000000007        0.0000000000000000     
   3.1250000000000000        0.0000000000000000     
   3.1375000000000011        0.0000000000000000     
   3.1500000000000004        0.0000000000000000     
   3.1625000000000014        0.0000000000000000     
   3.1750000000000007        0.0000000000000000     
   3.1875000000000000        0.0000000000000000     
   3.2000000000000011        0.0000000000000000     
   3.2125000000000004        0.0000000000000000     
   3.2250000000000014        0.0000000000000000     
   3.2375000000000007        0.0000000000000000     
   3.2500000000000000        0.0000000000000000     
   3.2625000000000011        0.0000000000000000     
   3.2750000000000004        0.0000000000000000     
   3.2875000000000014        0.0000000000000000     
   3.3000000000000007        0.0000000000000000     
   3.3125000000000000        0.0000000000000000     
   3.3250000000000011        0.0000000000000000     
   3.3375000000000004        0.0000000000000000     
   3.3500000000000014        0.0000000000000000     
   3.3625000000000007        0.0000000000000000     
   3.3750000000000000        0.0000000000000000     
   3.3875000000000011        0.0000000000000000     
   3.4000000000000004        0.0000000000000000     
   3.4125000000000014        0.0000000000000000     
   3.4250000000000007        0.0000000000000000     
   3.4375000000000000        0.0000000000000000     
   3.4500000000000011        0.0000000000000000     
   3.4625000000000004        0.0000000000000000     
   3.4750000000000014        0.0000000000000000     
   3.4875000000000007        0.0000000000000000     
   3.5000000000000000        0.0000000000000000     
   3.5125000000000011        0.0000000000000000     
   3.5250000000000004        0.0000000000000000     
   3.5375000000000014        0.0000000000000000     
   3.5500000000000007        0.0000000000000000     
   3.5625000000000000        0.0000000000000000     
   3.5750000000000011        0.0000000000000000     
   3.5875000000000004        0.0000000000000000     
   3.6000000000000014        0.0000000000000000     
   3.6125000000000007        0.0000000000000000     
   3.6250000000000000        0.0000000000000000     
   3.6375000000000011        0.0000000000000000     
   3.6500000000000004        0.0000000000000000     
   3.6625000000000014        0.0000000000000000     
   3.6750000000000007        0.0000000000000000     
   3.6875000000000000        0.0000000000000000     
   3.7000000000000011        0.0000000000000000     
   3.7125000000000004        0.0000000000000000     
   3.7250000000000014        0.0000000000000000     
   3.7375000000000007        0.0000000000000000     
   3.7500000000000000        0.0000000000000000     
   3.7625000000000011        0.0000000000000000     
   3.7750000000000004        0.0000000000000000     
   3.7875000000000014        0.0000000000000000     
   3.8000000000000007        0.0000000000000000     
   3.8125000000000000        0.0000000000000000     
   3.8250000000000011        0.0000000000000000     
   3.8375000000000004        0.0000000000000000     
   3.8500000000000014        0.0000000000000000     
   3.8625000000000007        0.0000000000000000     
   3.8750000000000000        0.0000000000000000     
   3.8875000000000011        0.0000000000000000     
   3.9000000000000004        0.0000000000000000     
   3.9125000000000014        0.0000000000000000     
   3.9250000000000007        0.0000000000000000     
   3.9375000000000000        0.0000000000000000     
   3.9500000000000011        0.0000000000000000     
   3.9625000000000004        0.0000000000000000     
   3.9750000000000014        0.0000000000000000     
   3.9875000000000007        0.0000000000000000     
   4.0000000000000000        0.0000000000000000     
   4.0125000000000011        0.0000000000000000     
   4.0250000000000004        0.0000000000000000     
   4.0375000000000014        0.0000000000000000     
   4.0500000000000007        0.0000000000000000     
   4.0625000000000000        0.0000000000000000     
   4.0750000000000011        0.0000000000000000     
   4.0875000000000004        0.0000000000000000     
   4.1000000000000014        0.0000000000000000     
   4.1125000000000007        0.0000000000000000     
   4.1250000000000000        0.0000000000000000     
   4.1375000000000011        0.0000000000000000     
   4.1500000000000004        0.0000000000000000     
   4.1625000000000014        0.0000000000000000     
   4.1750000000000007        0.0000000000000000     
   4.1875000000000000        0.0000000000000000     
   4.2000000000000011        0.0000000000000000     
   4.2125000000000004        0.0000000000000000     
   4.2250000000000014        0.0000000000000000     
   4.2375000000000007        0.0000000000000000     
   4.2500000000000000        0.0000000000000000     
   4.2625000000000011        0.0000000000000000     
   4.2750000000000004        0.0000000000000000     
   4.2875000000000014        0.0000000000000000     
   4.3000000000000007        0.0000000000000000     
   4.3125000000000000        0.0000000000000000     
   4.3250000000000011        0.0000000000000000     
   4.3375000000000004        0.0000000000000000     
   4.3500000000000014        0.0000000000000000     
   4.3625000000000007        0.0000000000000000     
   4.3750000000000000        0.0000000000000000     
   4.3875000000000011        0.0000000000000000     
   4.4000000000000004        0.0000000000000000     
   4.4125000000000014        0.0000000000000000     
   4.4250000000000007        0.0000000000000000     
   4.4375000000000000        0.0000000000000000     
   4.4500000000000011        0.0000000000000000     
   4.4625000000000004        0.0000000000000000     
   4.4750000000000014        0.0000000000000000     
   4.4875000000000007        0.0000000000000000     
   4.5000000000000000        0.0000000000000000     
   4.5125000000000011        0.0000000000000000     
   4.5250000000000004        0.0000000000000000     
   4.5375000000000014        0.0000000000000000     
   4.5500000000000007        0.0000000000000000     
   4.5625000000000000        0.0000000000000000     
   4.5750000000000011        0.0000000000000000     
   4.5875000000000004        0.0000000000000000     
   4.6000000000000014        0.0000000000000000     
   4.6125000000000007        0.0000000000000000     
   4.6250000000000000        0.0000000000000000     
   4.6375000000000011        0.0000000000000000     
   4.6500000000000004        0.0000000000000000     
   4.6625000000000014        0.0000000000000000     
   4.6750000000000007        0.0000000000000000     
   4.6875000000000000        0.0000000000000000     
   4.7000000000000011        0.0000000000000000     
   4.7125000000000004        0.0000000000000000     
   4.7250000000000014        0.0000000000000000     
   4.7375000000000007        0.0000000000000000     
   4.7500000000000000        0.0000000000000000     
   4.7625000000000011        0.0000000000000000     
   4.7750000000000004        0.0000000000000000     
   4.7875000000000014        0.0000000000000000     
   4.8000000000000007        0.0000000000000000     
   4.8125000000000000        0.0000000000000000     
   4.8250000000000011        0.0000000000000000     
   4.8375000000000004        0.0000000000000000     
   4.8500000000000014        0.0000000000000000     
   4.8625000000000007        0.0000000000000000     
   4.8750000000000000        0.0000000000000000     
   4.8875000000000011        0.0000000000000000     
   4.9000000000000004        0.0000000000000000     
   4.9125000000000014        0.0000000000000000     
   4.9250000000000007        0.0000000000000000     
   4.9375000000000000        0.0000000000000000     
   4.9500000000000011        0.0000000000000000     
   4.9625000000000004        0.0000000000000000     
   4.9750000000000014        0.0000000000000000     
   4.9875000000000007        0.0000000000000000     
   5.0000000000000000        0.0000000000000000     
   5.0125000000000011        0.0000000000000000     
   5.0250000000000004        0.0000000000000000     
   5.0375000000000014        0.0000000000000000     
   5.0500000000000007        0.0000000000000000     
   5.0625000000000000        0.0000000000000000     
   5.0750000000000011        0.0000000000000000     
   5.0875000000000004        0.0000000000000000     
   5.1000000000000014        0.0000000000000000     
   5.1125000000000007        0.0000000000000000     
   5.1250000000000000        0.0000000000000000     
   5.1375000000000011        0.0000000000000000     
   5.1500000000000004        0.0000000000000000     
   5.1625000000000014        0.0000000000000000     
   5.1750000000000007        0.0000000000000000     
   5.1875000000000000        0.0000000000000000     
   5.2000000000000011        0.0000000000000000     
   5.2125000000000004        0.0000000000000000     
   5.2250000000000014        0.0000000000000000     
   5.2375000000000007        0.0000000000000000     
   5.2500000000000000        0.0000000000000000     
   5.2625000000000011        0.0000000000000000     
   5.2750000000000004        0.0000000000000000     
   5.2875000000000014        0.0000000000000000     
   5.3000000000000007        0.0000000000000000     
   5.3125000000000000        0.0000000000000000     
   5.3250000000000011        0.0000000000000000     
   5.3375000000000004        0.0000000000000000     
   5.3500000000000014        0.0000000000000000     
   5.3625000000000007        0.0000000000000000     
   5.3750000000000000        0.0000000000000000     
   5.3875000000000011        0.0000000000000000     
   5.4000000000000004        0.0000000000000000     
   5.4125000000000014        0.0000000000000000     
   5.4250000000000007        0.0000000000000000     
   5.4375000000000000        0.0000000000000000     
   5.4500000000000011        0.0000000000000000     
   5.4625000000000004        0.0000000000000000     
   5.4750000000000014        0.0000000000000000     
   5.4875000000000007        0.0000000000000000     
   5.5000000000000000        0.0000000000000000     
   5.5125000000000011        0.0000000000000000     
   5.5250000000000004        0.0000000000000000     
   5.5375000000000014        0.0000000000000000     
   5.5500000000000007        0.0000000000000000     
   5.5625000000000000        0.0000000000000000     
   5.5750000000000011        0.0000000000000000     
   5.5875000000000004        0.0000000000000000     
   5.6000000000000014        0.0000000000000000     
   5.6125000000000007        0.0000000000000000     
   5.6250000000000000        0.0000000000000000     
   5.6375000000000011        0.0000000000000000     
   5.6500000000000004        0.0000000000000000     
   5.6625000000000014        0.0000000000000000     
   5.6750000000000007        0.0000000000000000     
   5.6875000000000000        0.0000000000000000     
   5.7000000000000011        0.0000000000000000     
   5.7125000000000004        0.0000000000000000     
   5.7250000000000014        0.0000000000000000     
   5.7375000000000007        0.0000000000000000     
   5.7500000000000000        0.0000000000000000     
   5.7625000000000011        0.0000000000000000     
   5.7750000000000004        0.0000000000000000     
   5.7875000000000014        0.0000000000000000     
   5.8000000000000007        0.0000000000000000     
   5.8125000000000000        0.0000000000000000     
   5.8250000000000011        0.0000000000000000     
   5.8375000000000004        0.0000000000000000     
   5.8500000000000014        0.0000000000000000     
   5.8625000000000007        0.0000000000000000     
   5.8750000000000000        0.0000000000000000     
   5.8875000000000011        0.0000000000000000     
   5.9000000000000004        0.0000000000000000     
   5.9125000000000014        0.0000000000000000     
   5.9250000000000007        0.0000000000000000     
   5.9375000000000000        0.0000000000000000     
   5.9500000000000011        0.0000000000000000     
   5.9625000000000004        0.0000000000000000     
   5.9750000000000014        0.0000000000000000     
   5.9875000000000007        0.0000000000000000     
   6.0000000000000000        0.0000000000000000     
   6.0124999999999993        0.0000000000000000     
   6.0250000000000021        0.0000000000000000     
   6.0375000000000014        0.0000000000000000     
   6.0500000000000007        0.0000000000000000     
   6.0625000000000000        0.0000000000000000     
   6.0749999999999993        0.0000000000000000     
   6.0875000000000021        0.0000000000000000     
   6.1000000000000014        0.0000000000000000     
   6.1125000000000007        0.0000000000000000     
   6.1250000000000000        0.0000000000000000     
   6.1374999999999993        0.0000000000000000     
   6.1500000000000021        0.0000000000000000     
   6.1625000000000014        0.0000000000000000     
   6.1750000000000007        0.0000000000000000     
   6.1875000000000000        0.0000000000000000     
   6.1999999999999993        0.0000000000000000     
   6.2125000000000021        0.0000000000000000     
   6.2250000000000014        0.0000000000000000     
   6.2375000000000007        0.0000000000000000     
   6.2500000000000000        0.0000000000000000     
   6.2624999999999993        0.0000000000000000     
   6.2750000000000021        0.0000000000000000     
   6.2875000000000014        0.0000000000000000     
   6.3000000000000007        0.0000000000000000     
   6.3125000000000000        0.0000000000000000     
   6.3249999999999993        0.0000000000000000     
   6.3375000000000021        0.0000000000000000     
   6.3500000000000014        0.0000000000000000     
   6.3625000000000007        0.0000000000000000     
   6.3750000000000000        0.0000000000000000     
   6.3874999999999993        0.0000000000000000     
   6.4000000000000021        0.0000000000000000     
   6.4125000000000014        0.0000000000000000     
   6.4250000000000007        0.0000000000000000     
   6.4375000000000000        0.0000000000000000     
   6.4499999999999993        0.0000000000000000     
   6.4625000000000021        0.0000000000000000     
   6.4750000000000014        0.0000000000000000     
   6.4875000000000007        0.0000000000000000     
   6.5000000000000000        0.0000000000000000     
   6.5124999999999993        0.0000000000000000     
   6.5250000000000021        0.0000000000000000     
   6.5375000000000014        0.0000000000000000     
   6.5500000000000007        0.0000000000000000     
   6.5625000000000000        0.0000000000000000     
   6.5749999999999993        0.0000000000000000     
   6.5875000000000021        0.0000000000000000     
   6.6000000000000014        0.0000000000000000     
   6.6125000000000007        0.0000000000000000     
   6.6250000000000000        0.0000000000000000     
   6.6374999999999993        0.0000000000000000     
   6.6500000000000021        0.0000000000000000     
   6.6625000000000014        0.0000000000000000     
   6.6750000000000007        0.0000000000000000     
   6.6875000000000000        0.0000000000000000     
   6.6999999999999993        0.0000000000000000     
   6.7125000000000021        0.0000000000000000     
   6.7250000000000014        0.0000000000000000     
   6.7375000000000007        0.0000000000000000     
   6.7500000000000000        0.0000000000000000     
   6.7624999999999993        0.0000000000000000     
   6.7750000000000021        0.0000000000000000     
   6.7875000000000014        0.0000000000000000     
   6.8000000000000007        0.0000000000000000     
   6.8125000000000000        0.0000000000000000     
   6.8249999999999993        0.0000000000000000     
   6.8375000000000021        0.0000000000000000     
   6.8500000000000014        0.0000000000000000     
   6.8625000000000007        0.0000000000000000     
   6.8750000000000000        0.0000000000000000     
   6.8874999999999993        0.0000000000000000     
   6.9000000000000021        0.0000000000000000     
   6.9125000000000014        0.0000000000000000     
   6.9250000000000007        0.0000000000000000     
   6.9375000000000000        0.0000000000000000     
   6.9499999999999993        0.0000000000000000     
   6.9625000000000021        0.0000000000000000     
   6.9750000000000014        0.0000000000000000     
   6.9875000000000007        0.0000000000000000     
   7.0000000000000000        0.0000000000000000     
   7.0124999999999993        0.0000000000000000     
   7.0250000000000021        0.0000000000000000     
   7.0375000000000014        0.0000000000000000     
   7.0500000000000007        0.0000000000000000     
   7.0625000000000000        0.0000000000000000     
   7.0749999999999993        0.0000000000000000     
   7.0875000000000021        0.0000000000000000     
   7.1000000000000014        0.0000000000000000     
   7.1125000000000007        0.0000000000000000     
   7.1250000000000000        0.0000000000000000     
   7.1374999999999993        0.0000000000000000     
   7.1500000000000021        0.0000000000000000     
   7.1625000000000014        0.0000000000000000     
   7.1750000000000007        0.0000000000000000     
   7.1875000000000000        0.0000000000000000     
   7.1999999999999993        0.0000000000000000     
   7.2125000000000021        0.0000000000000000     
   7.2250000000000014        0.0000000000000000     
   7.2375000000000007        0.0000000000000000     
   7.2500000000000000        0.0000000000000000     
   7.2624999999999993        0.0000000000000000     
   7.2750000000000021        0.0000000000000000     
   7.2875000000000014        0.0000000000000000     
   7.3000000000000007        0.0000000000000000     
   7.3125000000000000        0.0000000000000000     
   7.3249999999999993        0.0000000000000000     
   7.3375000000000021        0.0000000000000000     
   7.3500000000000014        0.0000000000000000     
   7.3625000000000007        0.0000000000000000     
   7.3750000000000000        0.0000000000000000     
   7.3874999999999993        0.0000000000000000     
   7.4000000000000021        0.0000000000000000     
   7.4125000000000014        0.0000000000000000     
   7.4250000000000007        0.0000000000000000     
   7.4375000000000000        0.0000000000000000     
   7.4499999999999993        0.0000000000000000     
   7.4625000000000021        0.0000000000000000     
   7.4750000000000014        0.0000000000000000     
   7.4875000000000007        0.0000000000000000     
   7.5000000000000000        0.0000000000000000     
   7.5124999999999993        0.0000000000000000     
   7.5250000000000021        0.0000000000000000     
   7.5375000000000014        0.0000000000000000     
   7.5500000000000007        0.0000000000000000     
   7.5625000000000000        0.0000000000000000     
   7.5749999999999993        0.0000000000000000     
   7.5875000000000021        0.0000000000000000     
   7.6000000000000014        0.0000000000000000     
   7.6125000000000007        0.0000000000000000     
   7.6250000000000000        0.0000000000000000     
   7.6374999999999993        0.0000000000000000     
   7.6500000000000021        0.0000000000000000     
   7.6625000000000014        0.0000000000000000     
   7.6750000000000007        0.0000000000000000     
   7.6875000000000000        0.0000000000000000     
   7.6999999999999993        0.0000000000000000     
   7.7125000000000021        0.0000000000000000     
   7.7250000000000014        0.0000000000000000     
   7.7375000000000007        0.0000000000000000     
   7.7500000000000000        0.0000000000000000     
   7.7624999999999993        0.0000000000000000     
   7.7750000000000021        0.0000000000000000     
   7.7875000000000014        0.0000000000000000     
   7.8000000000000007        0.0000000000000000     
   7.8125000000000000        0.0000000000000000     
   7.8249999999999993        0.0000000000000000     
   7.8375000000000021        0.0000000000000000     
   7.8500000000000014        0.0000000000000000     
   7.8625000000000007        0.0000000000000000     
   7.8750000000000000        0.0000000000000000     
   7.8874999999999993        0.0000000000000000     
   7.9000000000000021        0.0000000000000000     
   7.9125000000000014        0.0000000000000000     
   7.9250000000000007        0.0000000000000000     
   7.9375000000000000        0.0000000000000000     
   7.9499999999999993        0.0000000000000000     
   7.9625000000000021        0.0000000000000000     
   7.9750000000000014        0.0000000000000000     
   7.9875000000000007        0.0000000000000000     
   8.0000000000000000        0.0000000000000000     
   8.0124999999999993        0.0000000000000000     
   8.0250000000000021        0.0000000000000000     
   8.0375000000000014        0.0000000000000000     
   8.0500000000000007        0.0000000000000000     
   8.0625000000000000        0.0000000000000000     
   8.0749999999999993        0.0000000000000000     
   8.0875000000000021        0.0000000000000000     
   8.1000000000000014        0.0000000000000000     
   8.1125000000000007        0.0000000000000000     
   8.1250000000000000        0.0000000000000000     
   8.1374999999999993        0.0000000000000000     
   8.1500000000000021        0.0000000000000000     
   8.1625000000000014        0.0000000000000000     
   8.1750000000000007        0.0000000000000000     
   8.1875000000000000        0.0000000000000000     
   8.1999999999999993        0.0000000000000000     
   8.2125000000000021        0.0000000000000000     
   8.2250000000000014        0.0000000000000000     
   8.2375000000000007        0.0000000000000000     
   8.2500000000000000        0.0000000000000000     
   8.2624999999999993        0.0000000000000000     
   8.2750000000000021        0.0000000000000000     
   8.2875000000000014        0.0000000000000000     
   8.3000000000000007        0.0000000000000000     
   8.3125000000000000        0.0000000000000000     
   8.3249999999999993        0.0000000000000000     
   8.3375000000000021        0.0000000000000000     
   8.3500000000000014        0.0000000000000000     
   8.3625000000000007        0.0000000000000000     
   8.3750000000000000        0.0000000000000000     
   8.3874999999999993        0.0000000000000000     
   8.4000000000000021        0.0000000000000000     
   8.4125000000000014        0.0000000000000000     
   8.4250000000000007        0.0000000000000000     
   8.4375000000000000        0.0000000000000000     
   8.4499999999999993        0.0000000000000000     
   8.4625000000000021        0.0000000000000000     
   8.4750000000000014        0.0000000000000000     
   8.4875000000000007        0.0000000000000000     
   8.5000000000000000        0.0000000000000000     
   8.5124999999999993        0.0000000000000000     
   8.5250000000000021        0.0000000000000000     
   8.5375000000000014        0.0000000000000000     
   8.5500000000000007        0.0000000000000000     
   8.5625000000000000        0.0000000000000000     
   8.5749999999999993        0.0000000000000000     
   8.5875000000000021        0.0000000000000000     
   8.6000000000000014        0.0000000000000000     
   8.6125000000000007        0.0000000000000000     
   8.6250000000000000        0.0000000000000000     
   8.6374999999999993        0.0000000000000000     
   8.6500000000000021        0.0000000000000000     
   8.6625000000000014        0.0000000000000000     
   8.6750000000000007        0.0000000000000000     
   8.6875000000000000        0.0000000000000000     
   8.6999999999999993        0.0000000000000000     
   8.7125000000000021        0.0000000000000000     
   8.7250000000000014        0.0000000000000000     
   8.7375000000000007        0.0000000000000000     
   8.7500000000000000        0.0000000000000000     
   8.7624999999999993        0.0000000000000000     
   8.7750000000000021        0.0000000000000000     
   8.7875000000000014        0.0000000000000000     
   8.8000000000000007        0.0000000000000000     
   8.8125000000000000        0.0000000000000000     
   8.8249999999999993        0.0000000000000000     
   8.8375000000000021        0.0000000000000000     
   8.8500000000000014        0.0000000000000000     
   8.8625000000000007        0.0000000000000000     
   8.8750000000000000        0.0000000000000000     
   8.8874999999999993        0.0000000000000000     
   8.9000000000000021        0.0000000000000000     
   8.9125000000000014        0.0000000000000000     
   8.9250000000000007        0.0000000000000000     
   8.9375000000000000        0.0000000000000000     
   8.9499999999999993        0.0000000000000000     
   8.9625000000000021        0.0000000000000000     
   8.9750000000000014        0.0000000000000000     
   8.9875000000000007        0.0000000000000000     
   9.0000000000000000        0.0000000000000000     
   9.0124999999999993        0.0000000000000000     
   9.0250000000000021        0.0000000000000000     
   9.0375000000000014        0.0000000000000000     
   9.0500000000000007        0.0000000000000000     
   9.0625000000000000        0.0000000000000000     
   9.0749999999999993        0.0000000000000000     
   9.0875000000000021        0.0000000000000000     
   9.1000000000000014        0.0000000000000000     
   9.1125000000000007        0.0000000000000000     
   9.1250000000000000        0.0000000000000000     
   9.1374999999999993        0.0000000000000000     
   9.1500000000000021        0.0000000000000000     
   9.1625000000000014        0.0000000000000000     
   9.1750000000000007        0.0000000000000000     
   9.1875000000000000        0.0000000000000000     
   9.2000000000000028        0.0000000000000000     
   9.2125000000000021        0.0000000000000000     
   9.2250000000000014        0.0000000000000000     
   9.2375000000000007        0.0000000000000000     
   9.2500000000000000        0.0000000000000000     
   9.2625000000000028        0.0000000000000000     
   9.2750000000000021        0.0000000000000000     
   9.2875000000000014        0.0000000000000000     
   9.3000000000000007        0.0000000000000000     
   9.3125000000000000        0.0000000000000000     
   9.3250000000000028        0.0000000000000000     
   9.3375000000000021        0.0000000000000000     
   9.3500000000000014        0.0000000000000000     
   9.3625000000000007        0.0000000000000000     
   9.3750000000000000        0.0000000000000000     
   9.3875000000000028        0.0000000000000000     
   9.4000000000000021        0.0000000000000000     
   9.4125000000000014        0.0000000000000000     
   9.4250000000000007        0.0000000000000000     
   9.4375000000000000        0.0000000000000000     
   9.4500000000000028        0.0000000000000000     
   9.4625000000000021        0.0000000000000000     
   9.4750000000000014        0.0000000000000000     
   9.4875000000000007        0.0000000000000000     
   9.5000000000000000        0.0000000000000000     
   9.5125000000000028        0.0000000000000000     
   9.5250000000000021        0.0000000000000000     
   9.5375000000000014        0.0000000000000000     
   9.5500000000000007        0.0000000000000000     
   9.5625000000000000        0.0000000000000000     
   9.5750000000000028        0.0000000000000000     
   9.5875000000000021        0.0000000000000000     
   9.6000000000000014        0.0000000000000000     
   9.6125000000000007        0.0000000000000000     
   9.6250000000000000        0.0000000000000000     
   9.6375000000000028        0.0000000000000000     
   9.6500000000000021        0.0000000000000000     
   9.6625000000000014        0.0000000000000000     
   9.6750000000000007        0.0000000000000000     
   9.6875000000000000        0.0000000000000000     
   9.7000000000000028        0.0000000000000000     
   9.7125000000000021        0.0000000000000000     
   9.7250000000000014        0.0000000000000000     
   9.7375000000000007        0.0000000000000000     
   9.7500000000000000        0.0000000000000000     
   9.7625000000000028        0.0000000000000000     
   9.7750000000000021        0.0000000000000000     
   9.7875000000000014        0.0000000000000000     
   9.8000000000000007        0.0000000000000000     
   9.8125000000000000        0.0000000000000000     
   9.8250000000000028        0.0000000000000000     
   9.8375000000000021        0.0000000000000000     
   9.8500000000000014        0.0000000000000000     
   9.8625000000000007        0.0000000000000000     
   9.8750000000000000        0.0000000000000000     
   9.8875000000000028        0.0000000000000000     
   9.9000000000000021        0.0000000000000000     
   9.9125000000000014        0.0000000000000000     
   9.9250000000000007        0.0000000000000000     
   9.9375000000000000        0.0000000000000000     
   9.9500000000000028        0.0000000000000000     
   9.9625000000000021        0.0000000000000000     
   9.9750000000000014        0.0000000000000000     
   9.9875000000000007        0.0000000000000000     
   10.000000000000000        0.0000000000000000     
