                    0                    0                    0                    0
  0.20434227330804031        1.5671696573587208E-002   5.2503947471173956E-002  -3.2259824819224125E-002   1.5542599446667618E-008   5.6801037535430918     
  0.40868454661608061        4.6159385438643799E-002   5.5179100147225574E-002  -9.3644577013000635E-002   2.4818659068872156E-008   5.7323288251328322     
  0.61302681992412089        7.2514507802197661E-002   5.7392185288237252E-002 -0.14554144521366269        2.7749977803914361E-008   5.5971696630299359     
  0.81736909323216123        9.3513727489060436E-002   5.7984865330827945E-002 -0.18606553553603561        2.7537063013557263E-008   5.2507067064238724     
   1.0217113665402016       0.10929795280830291        5.6998843757103478E-002 -0.21595189725405770        2.6157057894490948E-008   4.8207101747185792     
   1.2260536398482418       0.12060453276692722        5.5165042302541760E-002 -0.23690001006096784        2.4540232432592317E-008   4.4967182006386421     
   1.4303959131562822       0.12823146358779847        5.3067675186609320E-002 -0.25068601612623526        2.2956980386983706E-008   4.2822151058055500     
   1.6347381864643225       0.13300500673226739        5.1009132037776149E-002 -0.25902143165396635        2.1789845813495643E-008   4.1576593086164904     
   1.8390804597723627       0.13557816946835308        4.9144537590835605E-002 -0.26321353748753729        2.0909481613366034E-008   4.1094869253688966     
   2.0434227330804031       0.13646564488292165        4.7583169559416424E-002 -0.26421748250661914        2.0024805569757006E-008   4.1122393699907374     
   2.2477650063884433       0.13608573117719541        4.6314798307157311E-002 -0.26283973112180237        1.8941613164838191E-008   4.1711711544168315     
   2.4521072796964836       0.13478572731416721        4.5266622827723015E-002 -0.25978436318102721        1.7634468002466502E-008   4.2088824686772961     
   2.6564495530045238       0.13286677071912453        4.4394032715465909E-002 -0.25560138304464430        1.6526839517130354E-008   4.2352161866948395     
   2.8607918263125645       0.13053200613881868        4.3699460416661014E-002 -0.25067560402085332        1.5393006734909799E-008   4.2496710382509120     
   3.0651340996206047       0.12790145271493714        4.3196646460441711E-002 -0.24528022206047184        1.4338946951338329E-008   4.3181044387837009     
   3.2694763729286449       0.12511341358408837        4.2815229111121296E-002 -0.23965958815955196        1.3429247273291925E-008   4.3972392292567140     
   3.4738186462366851       0.12229685650021938        4.2515954598212009E-002 -0.23400641213567941        1.2294741041636825E-008   4.4153890236563740     
   3.6781609195447253       0.11950463729793499        4.2341528140904083E-002 -0.22843087257531169        1.1376673648027309E-008   4.4826138410350787     
   3.8825031928527660       0.11674800044932986        4.2255200299816213E-002 -0.22296932116167578        1.0843601050328145E-008   4.5827272909675161     
   4.0868454661608062       0.11406391026178479        4.2128739703142508E-002 -0.21769926956087027        1.0430136357653915E-008   4.6310306925565472     
   4.2911877394688460       0.11147575029995564        4.2014144622503219E-002 -0.21265509581022668        1.0027455861147193E-008   4.6061142095190712     
   4.4955300127768867       0.10898240812649762        4.1927035680329315E-002 -0.20782054145973816        9.9609848259594182E-009   4.6392032433285415     
   4.6998722860849274       0.10655965902195798        4.1845948329062292E-002 -0.20315243370462696        9.7326305840665922E-009   4.6319643627309413     
   4.9042145593929671       0.10422677705163928        4.1778791961259595E-002 -0.19864890733296792        9.3006824096535283E-009   4.6732107529555149     
   5.1085568327010078       0.10200818704270001        4.1712594642701141E-002 -0.19435171944709584        8.6089285126892979E-009   4.6703567132836810     
   5.3128991060090476        9.9882634097414810E-002   4.1669011304552826E-002 -0.19024892788013209        8.1584105402257728E-009   4.6478335464702418     
   5.5172413793170882        9.7854373818470605E-002   4.1658828105866595E-002 -0.18633792927817022        7.6488632856446666E-009   4.6483984078674245     
   5.7215836526251289        9.5920581463811466E-002   4.1684397781993246E-002 -0.18259841171918764        7.2887960752137831E-009   4.6479534217340088     
   5.9259259259331687        9.4049119364848929E-002   4.1715203870243849E-002 -0.17899968139928094        6.8851842109112444E-009   4.6724350056029946     
   6.1302681992412094        9.2256273411888842E-002   4.1724260849460584E-002 -0.17558952489631194        6.6926233754265550E-009   4.6974115605774598     
   6.3346104725492491        9.0582106045911312E-002   4.1711559028749658E-002 -0.17241989289179105        6.3097282186827560E-009   4.6424800349723192     
   6.5389527458572898        8.9016524162997615E-002   4.1769959354825560E-002 -0.16946260370187477        5.9435357970229805E-009   4.6997290404614516     
   6.7432950191653305        8.7528762518384054E-002   4.1828800262337665E-002 -0.16666639755115831        6.0241419382676578E-009   4.7286454130312467     
   6.9476372924733703        8.6135721162003548E-002   4.1856488058702589E-002 -0.16405735375189540        5.9697697005330650E-009   4.7316647913870744     
   7.1519795657814109        8.4866145591894843E-002   4.1835341978496393E-002 -0.16165842569463942        6.2413226237476206E-009   4.6761239018627156     
   7.3563218390894507        8.3749123183116211E-002   4.1814784519080751E-002 -0.15951010965271156        6.6776684269597365E-009   4.6739264861622027     
   7.5606641123974914        8.2748133293700468E-002   4.1823611276322198E-002 -0.15759208634446317        6.9493192603803721E-009   4.6963590775962096     
   7.7650063857055320        8.1807008436117351E-002   4.1833944035543177E-002 -0.15580752193672204        7.2188750340095688E-009   4.6973125383995580     
   7.9693486590135718        8.0930658500968936E-002   4.1802698727134831E-002 -0.15412210741136345        7.2811165510496069E-009   4.6833462955050900     
   8.1736909323216125        8.0116075004503406E-002   4.1791541679100354E-002 -0.15255181808340185        7.4202595781364869E-009   4.6737242135960138     
   8.3780332056296523        7.9332357943996373E-002   4.1827558933524626E-002 -0.15104307169733747        7.0620278150153750E-009   4.6489626784096707     
   8.5823754789376920        7.8571987214254999E-002   4.1867191797740469E-002 -0.14956501629887800        6.7927230860100178E-009   4.6480218352982039     
   8.7867177522457336        7.7877269814473640E-002   4.1891923856518180E-002 -0.14820440830203996        6.7733011334493928E-009   4.6184526146593923     
   8.9910600255537734        7.7244145041961948E-002   4.1930679977620872E-002 -0.14694182779020809        6.8259736444004663E-009   4.6222722722264944     
   9.1954022988618132        7.6672781173180715E-002   4.1968742902382679E-002 -0.14576126634931130        7.0808065034271443E-009   4.6257207037939017     
   9.3997445721698547        7.6141146186339145E-002   4.2043856080768167E-002 -0.14465577068568625        7.2029248475812669E-009   4.6381205204034481     
   9.6040868454778945        7.5635799525990491E-002   4.2108109362565281E-002 -0.14364060047482552        7.3505366666431803E-009   4.6453907317229612     
   9.8084291187859343        7.5182708506471699E-002   4.2114394689527733E-002 -0.14275707973969970        7.3986086864976909E-009   4.6479975543558236     
   10.012771392093976        7.4802160422364025E-002   4.2114048266244916E-002 -0.14200343886522901        7.5623404780829707E-009   4.6612623034538512     
   10.217113665402016        7.4495657013680883E-002   4.2103617858927640E-002 -0.14135116786229757        7.5700628881572712E-009   4.6418680054507107     
   10.421455938710055        7.4237891325374644E-002   4.2135117224090517E-002 -0.14077301464138153        7.5982780435357222E-009   4.6603777438891374     
   10.625798212018095        7.3986942875899228E-002   4.2154772443843358E-002 -0.14022463700471807        7.6578702269399125E-009   4.6571587534492025     
   10.830140485326137        7.3768908861132521E-002   4.2194825526826865E-002 -0.13974313107941130        7.4444895511441579E-009   4.6596827910249576     
   11.034482758634176        7.3586857558398486E-002   4.2210900097830573E-002 -0.13932867691309131        7.4421581313111640E-009   4.5911238843243876     
   11.238825031942216        7.3405493750161518E-002   4.2243096257746630E-002 -0.13893671641592054        7.3899982664795957E-009   4.5800250261809676     
   11.443167305250258        7.3215519545484969E-002   4.2312677579456615E-002 -0.13857404121240002        7.4548666296234819E-009   4.6170473414502453     
   11.647509578558298        7.2983130313511752E-002   4.2393183872962724E-002 -0.13817613368114356        7.3990255771540007E-009   4.6095957536222798     
   11.851851851866337        7.2742102008101869E-002   4.2455712758947502E-002 -0.13776932462088154        6.9914158537630470E-009   4.6107812151867202     
   12.056194125174379        7.2542060460446797E-002   4.2490043885592133E-002 -0.13743314259622946        6.7527282671161432E-009   4.5909813142277702     
   12.260536398482419        7.2395508992397814E-002   4.2506974749838625E-002 -0.13716936081067427        6.7640705343419958E-009   4.5873292573116915     
   12.464878671790458        7.2288680933094152E-002   4.2559042870764570E-002 -0.13695940538500961        6.8734914579481420E-009   4.5673748075284353     
   12.669220945098498        7.2200005676680598E-002   4.2655008582068284E-002 -0.13678047755988071        7.0231592021077635E-009   4.6095518178350456     
   12.873563218406540        7.2119218181055100E-002   4.2766085595709283E-002 -0.13658942736206628        7.0363066037651064E-009   4.6491705238979426     
   13.077905491714580        7.2048003329495444E-002   4.2808947649799214E-002 -0.13638576477341996        7.2462875043677120E-009   4.6212067726927240     
   13.282247765022619        7.1978713964466243E-002   4.2840423501737515E-002 -0.13615583377825027        7.0899046687587601E-009   4.6070987439913669     
   13.486590038330661        7.1872871757370796E-002   4.2866196216122629E-002 -0.13584684813777068        6.7637727768921783E-009   4.6218914199641317     
   13.690932311638701        7.1738660813881333E-002   4.2875945079683085E-002 -0.13550552264772131        6.5995441717516272E-009   4.5889559319970212     
   13.895274584946741        7.1601688379821102E-002   4.2875767498143078E-002 -0.13517840694791988        6.6581655372569243E-009   4.5808806912303091     
   14.099616858254780        7.1465754256057404E-002   4.2894831683880655E-002 -0.13488357699608239        7.0431909851120851E-009   4.6087765189952803     
   14.303959131562822        7.1287872435544367E-002   4.2878383232676509E-002 -0.13457558636674949        7.2108748507599927E-009   4.5793594614289104     
   14.508301404870862        7.1102720485398327E-002   4.2909938225783331E-002 -0.13429457684879054        6.9109232432391966E-009   4.5816019922957576     
   14.712643678178901        7.0922642542678868E-002   4.2969479383053330E-002 -0.13403604798689928        6.5783664359111873E-009   4.5771335814240226     
   14.916985951486943        7.0754897912651160E-002   4.2989977188936664E-002 -0.13378390063570614        6.4114051111458125E-009   4.5794570954320770     
   15.121328224794983        7.0626171179159661E-002   4.2961137569814921E-002 -0.13356422460575312        6.6405039672175581E-009   4.5995431833626972     
   15.325670498103023        7.0520774465252178E-002   4.2973064223957941E-002 -0.13337343758756592        6.5746465388617310E-009   4.6442233803657480     
   15.530012771411064        7.0431202294749015E-002   4.2981122097743477E-002 -0.13320031827289516        6.7032921038903869E-009   4.6358195318232536     
   15.734355044719104        7.0366765960786531E-002   4.2932407782456682E-002 -0.13305298172759708        6.8756003895027263E-009   4.5910891067608341     
   15.938697318027144        7.0308734325770700E-002   4.2897356801080387E-002 -0.13291122866799290        6.8504037014891623E-009   4.6103160240833709     
   16.143039591335185        7.0268090223128576E-002   4.2878600540346846E-002 -0.13278760898718694        6.8899170711044512E-009   4.5760752671395490     
   16.347381864643225        7.0221374866899208E-002   4.2881088591494858E-002 -0.13267075019471264        6.8931556486171948E-009   4.5719302937066795     
   16.551724137951265        7.0119027929140293E-002   4.2889795069600778E-002 -0.13248224565248704        7.0640250054950172E-009   4.5636672939686562     
   16.756066411259305        6.9976491733607579E-002   4.2886821734291335E-002 -0.13222634856308405        7.0663578429053614E-009   4.5837787166780677     
   16.960408684567344        6.9817343746866586E-002   4.2868796822772684E-002 -0.13196138241405991        6.8231798771571497E-009   4.5954607987326908     
   17.164750957875384        6.9619246835135692E-002   4.2838883457972876E-002 -0.13168051589794888        6.7221339239372034E-009   4.6049797359847862     
   17.369093231183427        6.9402936524936704E-002   4.2791098936735029E-002 -0.13139268298839613        6.7044662609090669E-009   4.5843048160316204     
   17.573435504491467        6.9196953910252448E-002   4.2721575910398574E-002 -0.13111431847453364        6.7668727374400361E-009   4.5605777378129249     
   17.777777777799507        6.9024684868450176E-002   4.2659810599632857E-002 -0.13086397344868808        6.9117315759847926E-009   4.5228454828978144     
   17.982120051107547        6.8853828434856643E-002   4.2652731599700060E-002 -0.13058559822037386        7.1235316472659756E-009   4.5391806294396257     
   18.186462324415587        6.8668921086333226E-002   4.2665336578017070E-002 -0.13025859247557614        7.2915288646989445E-009   4.5662367424703136     
   18.390804597723626        6.8505694488140007E-002   4.2645158188082177E-002 -0.12996537652734844        7.3604581780685227E-009   4.5603441136283411     
   18.595146871031670        6.8373942018499737E-002   4.2635293790395164E-002 -0.12976254757056424        7.1228783629582670E-009   4.5454601802269661     
   18.799489144339709        6.8257969201782551E-002   4.2628935071347976E-002 -0.12961793439540864        7.0574599055777667E-009   4.5749817488345244     
   19.003831417647749        6.8190460604114836E-002   4.2651683482687365E-002 -0.12953389916406749        6.6406584792737945E-009   4.5734859116939459     
   19.208173690955789        6.8148586703088557E-002   4.2693679633579985E-002 -0.12949621152968194        6.4568500392764766E-009   4.5664128974859155     
   19.412515964263829        6.8068072200636903E-002   4.2739349297450949E-002 -0.12945470891013694        6.6175542436800062E-009   4.5558820199931382     
   19.616858237571869        6.7966901332905699E-002   4.2781087107650911E-002 -0.12940850652072122        6.7284186567480925E-009   4.5840664393651869     
   19.821200510879908        6.7887081796526749E-002   4.2822263948552389E-002 -0.12935962918797866        6.6920617059675798E-009   4.6027537716833917     
   20.025542784187952        6.7854214859414272E-002   4.2896186442583584E-002 -0.12935326738728642        6.6849863473330785E-009   4.6279876546379297     
   20.229885057495991        6.7853331938374756E-002   4.3030031440494110E-002 -0.12936652854541317        7.0463519911300550E-009   4.6551424160176031     
   20.434227330804031        6.7878689268866185E-002   4.3128242108945315E-002 -0.12940946484206656        7.3677930849941426E-009   4.6963053002205859     
   20.638569604112071        6.7947332760003823E-002   4.3168710164972458E-002 -0.12951857778098830        7.7948690931935238E-009   4.6765609277853741     
   20.842911877420111        6.8059654974592737E-002   4.3205960959821869E-002 -0.12966577471209251        8.2295364144169501E-009   4.6806133936407228     
   21.047254150728151        6.8170438765470437E-002   4.3207484907247427E-002 -0.12980005933476862        8.5247330045286843E-009   4.6718332204533946     
   21.251596424036190        6.8268919132571784E-002   4.3162368610761219E-002 -0.12990107631785833        8.4742921365159700E-009   4.6469556623755297     
   21.455938697344234        6.8346763981412206E-002   4.3148147716367220E-002 -0.12995192543114426        8.0442158901559106E-009   4.6632084321593386     
   21.660280970652273        6.8389491365103805E-002   4.3146178590263130E-002 -0.12997682736071578        7.9245771118629701E-009   4.7167783944609241     
   21.864623243960313        6.8443785135925042E-002   4.3088761321672331E-002 -0.13003223739888525        8.0828882037709272E-009   4.7282577654882338     
   22.068965517268353        6.8507673599921493E-002   4.3057048108211697E-002 -0.13009010880939986        7.9815872404490681E-009   4.7594145671672496     
   22.273307790576393        6.8551080510277404E-002   4.3049912726354188E-002 -0.13011241161300652        8.1677538981400447E-009   4.7462051798631464     
   22.477650063884433        6.8581555440028946E-002   4.3095562113851495E-002 -0.13011983008059011        8.6812609871923942E-009   4.7739530242939683     
   22.681992337192472        6.8584029498611351E-002   4.3066225410833381E-002 -0.13008302103754443        9.1133455162431170E-009   4.7797259751814378     
   22.886334610500516        6.8568311546271604E-002   4.2963091479780488E-002 -0.13000987323688604        9.3147160107485468E-009   4.7425183952692986     
   23.090676883808555        6.8528156407707971E-002   4.2905948138706629E-002 -0.12988372610798957        9.2523535017931118E-009   4.7391413518384571     
   23.295019157116595        6.8447686196472082E-002   4.2895626523661433E-002 -0.12969370719366713        8.6750536613496472E-009   4.7201261632549425     
   23.499361430424635        6.8340172389122641E-002   4.2891585655286293E-002 -0.12947967026641957        8.3481483872475838E-009   4.7154415719629119     
   23.703703703732675        6.8223830889642151E-002   4.2840344289987786E-002 -0.12925846708280603        8.4092028638272822E-009   4.7330357693263183     
   23.908045977040715        6.8131441767989770E-002   4.2780261869018482E-002 -0.12908194162379788        8.6324279691903577E-009   4.7610994690197472     
   24.112388250348758        6.8048337293733607E-002   4.2685024749059053E-002 -0.12894984602318693        8.7284152096938244E-009   4.7245772124178282     
   24.316730523656798        6.7954884719530304E-002   4.2666032929782126E-002 -0.12882913674484325        8.5656795542230085E-009   4.7326433669070660     
   24.521072796964837        6.7844902369219681E-002   4.2627163862849253E-002 -0.12869019181130750        8.6865549773113679E-009   4.7257969731779221     
   24.725415070272877        6.7740504965944817E-002   4.2530872850740815E-002 -0.12855555064596286        8.6392890737077979E-009   4.6939257576675635     
   24.929757343580917        6.7676661646860065E-002   4.2458778744807059E-002 -0.12848590243091529        8.3961908695254908E-009   4.7042755747699685     
   25.134099616888957        6.7648458377445847E-002   4.2424234355635138E-002 -0.12847750669803606        8.2527596101102504E-009   4.7376631998449943     
   25.338441890196997        6.7619736037793185E-002   4.2365532608148682E-002 -0.12848146058966556        8.2137815540726112E-009   4.7151429902586672     
   25.542784163505040        6.7567554182338715E-002   4.2340161375051970E-002 -0.12844920799381293        8.2764089412849372E-009   4.7170179431412818     
   25.747126436813080        6.7489892233762339E-002   4.2311937736835385E-002 -0.12837848693175233        8.4542357676966365E-009   4.7663592833906918     
   25.951468710121119        6.7441401747021748E-002   4.2237650456301623E-002 -0.12833574411639945        8.5412115023632796E-009   4.7544798614453052     
   26.155810983429159        6.7419314228667870E-002   4.2186081832671370E-002 -0.12830249049127290        8.4291873164686737E-009   4.7345228101098735     
   26.360153256737199        6.7400929892154543E-002   4.2182864687765449E-002 -0.12828575574095563        8.8115876664766353E-009   4.7558918056875390     
   26.564495530045239        6.7366098726290666E-002   4.2171648464411092E-002 -0.12825001534709765        9.1263516499258273E-009   4.7555958913894285     
   26.768837803353279        6.7311290036953478E-002   4.2176183842661849E-002 -0.12816826289880051        8.9652376650652139E-009   4.7770692429329751     
   26.973180076661322        6.7244329192816144E-002   4.2215397285620494E-002 -0.12806201344048737        8.7357941689069626E-009   4.8096121777456728     
   27.177522349969362        6.7172419995945004E-002   4.2203543103036499E-002 -0.12794553984947957        8.7543462579661982E-009   4.8152730874303415     
   27.381864623277401        6.7117595716077214E-002   4.2179736151890961E-002 -0.12783764435083605        8.8634234687373199E-009   4.8163571448330691     
   27.586206896585441        6.7075441170069694E-002   4.2155771324698860E-002 -0.12775188578073571        8.8740831920044828E-009   4.8013013490041621     
   27.790549169893481        6.7022203355930524E-002   4.2099565047231488E-002 -0.12764808029830590        8.9169844302042897E-009   4.7922926140252846     
   27.994891443201521        6.6974699587595110E-002   4.2033396751262025E-002 -0.12755653059454508        8.5205801046121763E-009   4.8043658721439835     
   28.199233716509561        6.6980118242651071E-002   4.1931945274603151E-002 -0.12754878174608780        8.2382410940813951E-009   4.7395803630285060     
   28.403575989817604        6.7030674953783537E-002   4.1886309301378134E-002 -0.12759554347494917        7.6804361622225523E-009   4.7510720792253229     
   28.607918263125644        6.7071779850805188E-002   4.1851324964134753E-002 -0.12762541850664924        7.9190533038995313E-009   4.7403172612377507     
   28.812260536433683        6.7117405767562394E-002   4.1772393195949137E-002 -0.12765208750906026        7.8592987310625101E-009   4.7465513856914088     
   29.016602809741723        6.7154522658798677E-002   4.1756821724197535E-002 -0.12765754777526936        7.6077437610709915E-009   4.7127529086872473     
   29.220945083049763        6.7163588604596675E-002   4.1769661829745251E-002 -0.12762246899061278        7.7016273315679075E-009   4.7129832674700571     
   29.425287356357803        6.7170847073773077E-002   4.1818409283309321E-002 -0.12760400578304160        7.5889910870800739E-009   4.7718505322242013     
   29.629629629665846        6.7120004256273888E-002   4.1863479688390007E-002 -0.12751725453506380        7.3402603938741537E-009   4.7932914114933753     
   29.833971902973886        6.7032620249777755E-002   4.1879824496612462E-002 -0.12737142444742280        7.2830148702449415E-009   4.7645591803228813     
   30.038314176281926        6.6972377630930127E-002   4.1861852421031388E-002 -0.12725685870725956        7.1531421784861641E-009   4.7616835490768690     
   30.242656449589965        6.6979614494172446E-002   4.1834695239491300E-002 -0.12723429490212582        6.7971348262637218E-009   4.7597913036410500     
   30.446998722898005        6.7039007165750938E-002   4.1832918768641980E-002 -0.12727106343867031        6.8623186969667836E-009   4.7990246133633327     
   30.651340996206045        6.7111636883343401E-002   4.1828676325785810E-002 -0.12733473273693305        7.0176845268834409E-009   4.7903532029809908     
   30.855683269514085        6.7179755406691341E-002   4.1850712761157524E-002 -0.12743544464847745        7.4361884452336084E-009   4.7854547710934314     
   31.060025542822128        6.7216885342451696E-002   4.1890135494906083E-002 -0.12751726404457492        7.5480117174045431E-009   4.8118732651467138     
   31.264367816130168        6.7226574716043375E-002   4.1898476740004305E-002 -0.12758617069386141        7.6490359624270588E-009   4.8333464715306631     
   31.468710089438208        6.7236650550808449E-002   4.1861855423426506E-002 -0.12767891123657546        7.5772732000002184E-009   4.8323792563801575     
   31.673052362746247        6.7253475856184269E-002   4.1844981600800073E-002 -0.12777673441329110        7.7997771448774752E-009   4.8046121872036744     
   31.877394636054287        6.7229819390766277E-002   4.1824824046196314E-002 -0.12778754106792631        8.1209411207102168E-009   4.7725031564902913     
   32.081736909362327        6.7182402469693592E-002   4.1817219350984348E-002 -0.12776786781867500        8.3819207442583067E-009   4.7855287215286131     
   32.286079182670370        6.7151484420315016E-002   4.1765273226636923E-002 -0.12778620860089696        8.3790915276751864E-009   4.7852656870884198     
   32.490421455978407        6.7114947592463128E-002   4.1697626558445965E-002 -0.12777174561057292        8.1586346382790962E-009   4.7875147621413250     
   32.694763729286450        6.7108009786745609E-002   4.1643334680731697E-002 -0.12778349588198504        8.0738579822052500E-009   4.7353196644164681     
   32.899106002594486        6.7136846426944854E-002   4.1662142807165861E-002 -0.12785889857372945        8.3237276896790423E-009   4.7145235739053151     
   33.103448275902529        6.7128820651104579E-002   4.1702235780501355E-002 -0.12792101741097583        8.6735886895196614E-009   4.7770161486714438     
   33.307790549210573        6.7113631521830239E-002   4.1667558637312065E-002 -0.12799289206260667        8.5017317935957141E-009   4.7683374556642049     
   33.512132822518609        6.7108999164189179E-002   4.1607088662593016E-002 -0.12808797274458136        8.3619257448067990E-009   4.7432876247553537     
   33.716475095826652        6.7143936212801417E-002   4.1546848337391112E-002 -0.12822884594316314        7.9845109266819345E-009   4.7367761831177306     
   33.920817369134689        6.7222931387347182E-002   4.1513974323767362E-002 -0.12842069615033158        7.7708635704885318E-009   4.7392813648618608     
   34.125159642442732        6.7297887404275156E-002   4.1481714388866962E-002 -0.12861021051314908        8.2968089838704066E-009   4.7338809633005328     
   34.329501915750768        6.7364001389517161E-002   4.1460397284131797E-002 -0.12879121795003548        8.0804723758934409E-009   4.7805298655260584     
   34.533844189058811        6.7426478879236945E-002   4.1431616206143836E-002 -0.12896656714389237        7.8266371681639736E-009   4.7301827757714445     
   34.738186462366855        6.7495054983067682E-002   4.1426923202564234E-002 -0.12916522251319140        7.6571903637544906E-009   4.7695630482486751     
   34.942528735674891        6.7568327591549127E-002   4.1445785544659851E-002 -0.12939314644489483        7.4197131459327612E-009   4.8007594473184740     
   35.146871008982934        6.7676802507307551E-002   4.1455959681091330E-002 -0.12967646703589197        7.4582590144010982E-009   4.7920941192350490     
   35.351213282290971        6.7800011204216373E-002   4.1488233005824882E-002 -0.12996264931991269        7.6383881906478364E-009   4.8646203660440976     
   35.555555555599014        6.7930905008098147E-002   4.1496211883335521E-002 -0.13022948967039186        7.9005787119916378E-009   4.8634302246502843     
   35.759897828907050        6.8092999741763763E-002   4.1482835087502362E-002 -0.13050311034919887        8.0312724552409709E-009   4.8149240353135809     
   35.964240102215093        6.8251948540852425E-002   4.1462549708151851E-002 -0.13073860805253470        8.0372234055022991E-009   4.7825496137220549     
   36.168582375523137        6.8372336277534737E-002   4.1503804364126824E-002 -0.13089030223876363        7.8084922952877267E-009   4.8365336366592899     
   36.372924648831173        6.8475222508876624E-002   4.1510816407258823E-002 -0.13097396109030424        7.7091709735762328E-009   4.8434410505526042     
   36.577266922139216        6.8577675576393993E-002   4.1542606278763862E-002 -0.13103511131254583        7.8015311046387068E-009   4.8543024078213364     
   36.781609195447253        6.8672864686390014E-002   4.1581171620761796E-002 -0.13109105575487096        8.4155657093069610E-009   4.8920716842545842     
   36.985951468755296        6.8745214912366334E-002   4.1596923319859223E-002 -0.13110805301231898        8.4044393135396097E-009   4.8954984728346487     
   37.190293742063339        6.8756143893139651E-002   4.1635528348451287E-002 -0.13103635002538846        8.1711660362412005E-009   4.8813116047494605     
   37.394636015371375        6.8738284322549983E-002   4.1701915877717530E-002 -0.13097024884144295        8.0967466621619530E-009   4.8620390175181507     
   37.598978288679419        6.8714140142895258E-002   4.1735390047600518E-002 -0.13094553532249908        8.4190509953649386E-009   4.8455410540445616     
   37.803320561987455        6.8645627007448987E-002   4.1775764502083201E-002 -0.13086288020955705        8.4702918863401837E-009   4.8135978778722341     
   38.007662835295498        6.8528391606260869E-002   4.1836831151814809E-002 -0.13070750466341813        8.0859797296154388E-009   4.8251151768854257     
   38.212005108603535        6.8436767594812764E-002   4.1892321859246538E-002 -0.13058224146410785        8.3497375776002760E-009   4.8037300195924546     
   38.416347381911578        6.8404698113189111E-002   4.1976347061896686E-002 -0.13054868349768339        8.5453415447651464E-009   4.8270733166205035     
   38.620689655219621        6.8381594752344746E-002   4.2112522179135331E-002 -0.13054685286160134        8.6476102903356690E-009   4.8126643518513630     
   38.825031928527657        6.8346661468832129E-002   4.2237098199336527E-002 -0.13052168485060361        8.3194050195944462E-009   4.7994448528690992     
   39.029374201835701        6.8307975020207301E-002   4.2379233460572298E-002 -0.13047795871425510        8.6922564243225213E-009   4.9272452800607862     
   39.233716475143737        6.8282870829799835E-002   4.2448200979985563E-002 -0.13044951509476863        8.9383839804928465E-009   4.9512275375361341     
   39.438058748451780        6.8245152200044415E-002   4.2527135014923854E-002 -0.13040041153404025        8.9012971649275489E-009   4.9488366751778932     
   39.642401021759817        6.8182060713124104E-002   4.2606265601912476E-002 -0.13029957053932076        8.6506819705323230E-009   4.9525580575895223     
   39.846743295067860        6.8130369843826200E-002   4.2660793230225369E-002 -0.13021745897913076        8.4358931241905042E-009   4.9641166201948552     
   40.051085568375903        6.8083212322526579E-002   4.2709316495216081E-002 -0.13016846519011546        9.1354993460875366E-009   4.8815930197659139     
   40.255427841683940        6.7996306708080420E-002   4.2799745244839912E-002 -0.13008494573443247        9.1381264741256245E-009   4.9756205550423589     
   40.459770114991983        6.7877442517659620E-002   4.2872668268137321E-002 -0.12999414226187170        8.8618085198793806E-009   4.9359472617411972     
   40.664112388300019        6.7790976139736780E-002   4.2906975720597963E-002 -0.12998318067780543        8.7558798519656174E-009   4.9016137367068726     
   40.868454661608062        6.7768160643402409E-002   4.3005549064338330E-002 -0.13006658341290755        8.7506767568708240E-009   4.9242126387313876     
   41.072796934916099        6.7801996529917113E-002   4.3170920946055173E-002 -0.13021603256618783        8.7850325669380287E-009   4.9705027903055115     
   41.277139208224142        6.7872590949170947E-002   4.3292352641214837E-002 -0.13039768408293678        9.0315983037247864E-009   4.9740632629855455     
   41.481481481532185        6.7975950831436663E-002   4.3354253462923563E-002 -0.13058373619929972        9.3367592972678412E-009   4.9454044910562338     
   41.685823754840222        6.8071930338387820E-002   4.3460391628488804E-002 -0.13073089892182210        9.1631499848791108E-009   4.9774617191787920     
   41.890166028148265        6.8130928881818237E-002   4.3501937767261176E-002 -0.13082231927538823        9.3528535918319942E-009   4.9895516802076152     
   42.094508301456301        6.8175534213885391E-002   4.3472034834024176E-002 -0.13089994941077690        9.4624659330292129E-009   4.9883319452255828     
   42.298850574764344        6.8227714577624457E-002   4.3491588801167706E-002 -0.13099310010151263        9.5833913684469039E-009   4.9683069085884624     
   42.503192848072381        6.8288456103990619E-002   4.3563458233414468E-002 -0.13110011906525831        9.3094021209814428E-009   5.0156091018546354     
   42.707535121380424        6.8335211728952586E-002   4.3653124734482587E-002 -0.13118173340510886        9.1441714190920754E-009   5.1122442244564414     
   42.911877394688467        6.8385751620304205E-002   4.3723270962741159E-002 -0.13124141776654003        8.5514728236263298E-009   5.0619394312996402     
   43.116219667996504        6.8426966741980746E-002   4.3869719424309367E-002 -0.13126935004512702        8.3205342316496170E-009   5.0643675022369470     
   43.320561941304547        6.8440274897888648E-002   4.3998221331326179E-002 -0.13123699701361674        8.2906643163696497E-009   5.0806697587743876     
   43.524904214612583        6.8468453291810602E-002   4.4072456327972478E-002 -0.13121740678662244        7.9775660566542248E-009   5.0704731256966209     
   43.729246487920626        6.8570434211804768E-002   4.4133302098160097E-002 -0.13131932532373905        7.8444791000203316E-009   5.0768194611801762     
   43.933588761228663        6.8707063970776097E-002   4.4243816202087380E-002 -0.13147688236816740        8.2539730236041665E-009   5.1265254763996930     
   44.137931034536706        6.8859978746474995E-002   4.4309808344473449E-002 -0.13165147543948147        8.6002967744796695E-009   5.1303707327496975     
   44.342273307844749        6.9025879109504945E-002   4.4396359063288628E-002 -0.13185503814556221        8.4033406331249243E-009   5.1455247299281401     
   44.546615581152786        6.9162161985821369E-002   4.4455291063735553E-002 -0.13204178616414322        8.0720098170247130E-009   5.1370821670958362     
   44.750957854460829        6.9280955792116586E-002   4.4457919164274724E-002 -0.13222266221881729        8.1079146330749539E-009   5.1248258098773087     
   44.955300127768865        6.9435523265273399E-002   4.4405133982702683E-002 -0.13245730144963777        8.4616295459031615E-009   5.0730777442866648     
   45.159642401076908        6.9592345983601409E-002   4.4448088275808484E-002 -0.13270016636806276        8.5392674667961766E-009   5.0968583821938713     
   45.363984674384945        6.9697097046774070E-002   4.4524791849192252E-002 -0.13286288824705678        8.2082440049408803E-009   5.1034722601529312     
   45.568326947692988        6.9771039735845752E-002   4.4599082619000974E-002 -0.13297667341880640        8.3195178509816553E-009   5.1313985090851286     
   45.772669221001031        6.9824721767204959E-002   4.4623882430677921E-002 -0.13309054927376290        8.4781204746974403E-009   5.1811914175413509     
   45.977011494309068        6.9844152269394749E-002   4.4647902498824679E-002 -0.13316030712202104        8.4913070845034231E-009   5.1875242985414278     
   46.181353767617111        6.9835084694524582E-002   4.4639882441831119E-002 -0.13319030196459364        8.3646128191879893E-009   5.1531546335576817     
   46.385696040925147        6.9851360765592660E-002   4.4712212010117672E-002 -0.13325245253907853        8.5046233524905786E-009   5.2107019137635993     
   46.590038314233190        6.9859828296673587E-002   4.4741245898500918E-002 -0.13326664086766168        8.6581905552021745E-009   5.2691462023742908     
   46.794380587541227        6.9837307678005431E-002   4.4720758143934634E-002 -0.13323883052711749        8.4092496360439530E-009   5.2019722338261598     
   46.998722860849270        6.9812209166980541E-002   4.4684598671223735E-002 -0.13323697614560592        8.6835295687969002E-009   5.2186247292601875     
   47.203065134157313        6.9797627976942250E-002   4.4687814745559953E-002 -0.13322410357333503        8.9840198383206599E-009   5.2087418642598200     
   47.407407407465350        6.9795172963668717E-002   4.4775089903360071E-002 -0.13320134491991928        8.8606390239724235E-009   5.2226681688330885     
   47.611749680773393        6.9786551729830795E-002   4.4870560177120079E-002 -0.13315807326498225        8.8272912473928156E-009   5.2042230484715510     
   47.816091954081429        6.9745349205942206E-002   4.4922938106668413E-002 -0.13304237916282607        8.9510549397758511E-009   5.2304486719249104     
   48.020434227389472        6.9657580928716448E-002   4.4940266272944437E-002 -0.13283609918630929        8.6337887100461402E-009   5.2268154194236853     
   48.224776500697516        6.9564844771978621E-002   4.4985438409409766E-002 -0.13260542782924692        8.4482052408510440E-009   5.2475735765607725     
   48.429118774005552        6.9519205927693867E-002   4.4986381932534271E-002 -0.13245516777694349        8.3535588948865249E-009   5.1922041039262536     
   48.633461047313595        6.9536635095618776E-002   4.5009667879042224E-002 -0.13238860848464556        8.5968247219951241E-009   5.1393241179195801     
   48.837803320621632        6.9519291842714076E-002   4.5091302628404446E-002 -0.13226534191704933        8.7491096785118161E-009   5.2191146535523947     
   49.042145593929675        6.9428362264936733E-002   4.5108169925102998E-002 -0.13207288295367817        8.4621774177212811E-009   5.2046268017859116     
   49.246487867237711        6.9348013137355960E-002   4.5011902095447864E-002 -0.13193275977611790        8.2187918680847867E-009   5.1300181903385340     
   49.450830140545754        6.9280050593627046E-002   4.5003583348848450E-002 -0.13182791879538922        8.0560834311929209E-009   5.1099970139645903     
   49.655172413853798        6.9179923783601799E-002   4.5112868165038317E-002 -0.13170232399587450        8.0270672064911985E-009   5.1436299358751754     
   49.859514687161834        6.9032239349219024E-002   4.5238416329782344E-002 -0.13156176637683939        7.8021763590945234E-009   5.1668164069579836     
   50.063856960469877        6.8860280177072214E-002   4.5340505878932923E-002 -0.13141309754138053        7.5462943463855836E-009   5.1507430470750526     
   50.268199233777914        6.8709727574414070E-002   4.5414550688283789E-002 -0.13125679207724164        7.6241904005982870E-009   5.1390183427967591     
   50.472541507085957        6.8630266667653775E-002   4.5494678658859249E-002 -0.13112498044322052        7.7327452452694628E-009   5.1296857987845339     
   50.676883780393993        6.8616460225927697E-002   4.5597654128091185E-002 -0.13106678867800586        8.2004149177135076E-009   5.1588206566865633     
   50.881226053702036        6.8619865950861850E-002   4.5647984189657848E-002 -0.13106224578875453        8.6025615042881144E-009   5.1081697911169526     
   51.085568327010080        6.8611769310525761E-002   4.5720143231537183E-002 -0.13104802374600294        8.5727365966296547E-009   5.1381079655346245     
   51.289910600318116        6.8591507109649993E-002   4.5787929362228884E-002 -0.13102969961560373        8.5280038983133902E-009   5.1410886846176318     
   51.494252873626159        6.8527869388404966E-002   4.5824578018248512E-002 -0.13096875256656748        8.4695862698177705E-009   5.1548055672730451     
   51.698595146934196        6.8438324534174505E-002   4.5838533410406244E-002 -0.13088645576864419        8.2836388775864881E-009   5.1369147724718944     
   51.902937420242239        6.8365961589537963E-002   4.5854044868193410E-002 -0.13084993923424881        8.0360085131859366E-009   5.1603776198123397     
   52.107279693550275        6.8276877682937318E-002   4.5857777135342517E-002 -0.13078182178352893        7.6409694571776345E-009   5.1759921808744140     
   52.311621966858318        6.8160999258285559E-002   4.5869099076479125E-002 -0.13063670264071242        7.6117403659979408E-009   5.1446268496900807     
   52.515964240166362        6.8016017804324855E-002   4.5898533327947688E-002 -0.13045820993839030        7.9939198145017793E-009   5.1573724399914500     
   52.720306513474398        6.7894535788015728E-002   4.5901883320545900E-002 -0.13030324753544226        7.9469464142599033E-009   5.1582897434661446     
   52.924648786782441        6.7795617526381372E-002   4.5902229330379865E-002 -0.13016263462585786        7.9045448480179743E-009   5.1794228402524993     
   53.128991060090478        6.7736648330874089E-002   4.5835168742337604E-002 -0.13007468660890992        7.9090163433440177E-009   5.1391032810066557     
   53.333333333398521        6.7720788276536020E-002   4.5822431764872308E-002 -0.13003327354238253        7.6926512871623036E-009   5.1040037872165920     
   53.537675606706557        6.7713865044230437E-002   4.5857584523293436E-002 -0.13000094515689975        7.7812877986092987E-009   5.1385083287131756     
   53.742017880014600        6.7732195223607072E-002   4.5881445140857902E-002 -0.13000712156687991        7.9821583718653631E-009   5.1189570833560127     
   53.946360153322644        6.7766027717813773E-002   4.5934343413744944E-002 -0.13005281989044426        7.8851928444801711E-009   5.1105272209397823     
   54.150702426630680        6.7801455112047659E-002   4.6035928628273853E-002 -0.13013408381046615        7.6896599993772692E-009   5.1046313382137454     
   54.355044699938723        6.7865278014417815E-002   4.6065906736985636E-002 -0.13030004955627020        7.5108789118467348E-009   5.1079313877658965     
   54.559386973246760        6.7977566404603992E-002   4.6109290500971935E-002 -0.13054223267892609        7.1753602211908796E-009   5.1137608477391101     
   54.763729246554803        6.8058200988557443E-002   4.6226717062940258E-002 -0.13071740694214246        7.0777506079477694E-009   5.1663451129144757     
   54.968071519862839        6.8104259781451085E-002   4.6267986877223714E-002 -0.13081820430110369        7.0607227921531625E-009   5.2044092684642624     
   55.172413793170882        6.8183645046596644E-002   4.6299834510383046E-002 -0.13094025563821168        7.0842396901258262E-009   5.1803755692386515     
   55.376756066478926        6.8251063886211050E-002   4.6410807902259439E-002 -0.13107093537176917        7.2012907584846549E-009   5.2455667960188510     
   55.581098339786962        6.8302419246648191E-002   4.6485480151218520E-002 -0.13121348236692704        7.2179298642858539E-009   5.2593216002327665     
   55.785440613095005        6.8345310959023131E-002   4.6537753614941675E-002 -0.13132281272457041        7.4185319675939718E-009   5.2921060044012007     
   55.989782886403042        6.8401316773690199E-002   4.6581537816632837E-002 -0.13141426265328959        7.2374724696354179E-009   5.2835516894826053     
   56.194125159711085        6.8433418625788278E-002   4.6615889123307934E-002 -0.13149124918198452        7.4464179443403237E-009   5.2607038932008905     
   56.398467433019121        6.8440072141458988E-002   4.6649175767731636E-002 -0.13154794485821047        7.2665556794309593E-009   5.2684873572837345     
   56.602809706327164        6.8482118084808571E-002   4.6644226863995920E-002 -0.13164085652020380        7.5214400419302812E-009   5.2907099909512318     
   56.807151979635208        6.8573504226871279E-002   4.6591713603372935E-002 -0.13181537378769376        7.3506127050269566E-009   5.2244721259253470     
   57.011494252943244        6.8668084874498880E-002   4.6600101687828389E-002 -0.13200962638835584        7.0689221643040856E-009   5.1750168838519723     
   57.215836526251287        6.8738324216932850E-002   4.6676576972127286E-002 -0.13214447726619805        7.0482895540335694E-009   5.1710417723929654     
   57.420178799559324        6.8785627035294200E-002   4.6708206993148260E-002 -0.13221712157597781        7.2272655038126320E-009   5.1809831028128661     
   57.624521072867367        6.8840193938524905E-002   4.6705302980349181E-002 -0.13229075868111950        6.9384642236536008E-009   5.1513918837688859     
   57.828863346175410        6.8884490490069186E-002   4.6736281709302163E-002 -0.13234527958270093        6.7228269558234155E-009   5.1416653084178003     
   58.033205619483446        6.8904091342353826E-002   4.6736667871253662E-002 -0.13236375190675082        7.1266911366369186E-009   5.1893062923322155     
   58.237547892791490        6.8907652356135801E-002   4.6615238736112140E-002 -0.13236549060684127        7.3798845804583587E-009   5.1268035983423728     
   58.441890166099526        6.8916792757266060E-002   4.6517373276130806E-002 -0.13237639415911850        7.0335381224589689E-009   5.0771374094746209     
   58.646232439407569        6.8920968624252510E-002   4.6479474240450187E-002 -0.13240105229886612        7.0781051112762007E-009   5.1235321833938103     
   58.850574712715606        6.8980345535092302E-002   4.6452505785701086E-002 -0.13251166100589534        7.2137492982428554E-009   5.0908904119837324     
   59.054916986023649        6.9099323623085449E-002   4.6442026992334212E-002 -0.13266719468854465        7.5229164365336035E-009   5.0816485956276694     
   59.259259259331692        6.9238680299827382E-002   4.6470623911501995E-002 -0.13279630708452950        7.4097019147250192E-009   5.1107717329868496     
   59.463601532639728        6.9333624731575061E-002   4.6467891571324783E-002 -0.13283626282463540        7.6182678647980007E-009   5.1362110117512660     
   59.667943805947772        6.9355707550362744E-002   4.6393194311432538E-002 -0.13278045478126110        7.3891909520560903E-009   5.0862573166617429     
   59.872286079255808        6.9331456000734412E-002   4.6353213690469956E-002 -0.13269319526292850        7.3373158247662619E-009   5.0623377280053568     
   60.076628352563851        6.9279084230434010E-002   4.6268103061416210E-002 -0.13258644603529973        7.4386490313607847E-009   5.0228487597530904     
   60.280970625871888        6.9249198433546738E-002   4.6184662721774246E-002 -0.13251672046408960        7.5045477197295610E-009   5.0379920118404993     
   60.485312899179931        6.9184825972037400E-002   4.6129097607847225E-002 -0.13242737543986433        7.4884107190344375E-009   5.0498066206472227     
   60.689655172487974        6.9116281390236761E-002   4.6022706111291015E-002 -0.13231858586097756        6.9632030080567634E-009   5.0667048108266792     
   60.893997445796010        6.9108711648067575E-002   4.5963263122455356E-002 -0.13226870265829860        6.5605273837384231E-009   5.0791601005078073     
   61.098339719104054        6.9101076653078491E-002   4.5948839791347625E-002 -0.13220298341537567        6.7645585927336414E-009   5.0800398129270414     
   61.302681992412090        6.9058467480985014E-002   4.5943905805853190E-002 -0.13207246227410913        6.8061958311205598E-009   5.1050048034964259     
   61.507024265720133        6.9003245328598695E-002   4.5953488417295976E-002 -0.13193216892603110        6.7928813198137982E-009   5.1458793533491169     
   61.711366539028170        6.8961217406344436E-002   4.5894801424924553E-002 -0.13180509787083386        7.2415138498504244E-009   5.1283030237839906     
   61.915708812336213        6.8963693965554060E-002   4.5870421673996034E-002 -0.13170176609344991        7.1744830711202086E-009   5.1188724094517992     
   62.120051085644256        6.8936574486384808E-002   4.5865585577212604E-002 -0.13154575620596604        7.5653954073218791E-009   5.2018098558085706     
   62.324393358952292        6.8930173529478736E-002   4.5731206723880584E-002 -0.13141950511795378        7.5381768582516448E-009   5.2071378776290249     
   62.528735632260336        6.8981512517545127E-002   4.5648671873000916E-002 -0.13140027565925760        7.6266815476031015E-009   5.1671229311013942     
   62.733077905568372        6.9014697344494599E-002   4.5621899417303734E-002 -0.13139313077657883        8.0776430914564104E-009   5.1400397980083445     
   62.937420178876415        6.9000677141768260E-002   4.5654467812125739E-002 -0.13134959069400642        8.3070821835013972E-009   5.1716147468162355     
   63.141762452184452        6.8973732516638533E-002   4.5653205235424557E-002 -0.13133755087239352        8.6859460783860024E-009   5.2140471170049816     
   63.346104725492495        6.8979468540998401E-002   4.5593534480473735E-002 -0.13135034339367441        8.9924445152246180E-009   5.2367502494785541     
   63.550446998800538        6.8993186041211713E-002   4.5556361966298829E-002 -0.13131495988969399        8.5031510092631923E-009   5.2680980911659931     
   63.754789272108574        6.9018308907207643E-002   4.5527337532539590E-002 -0.13124796823317725        8.4173452337486375E-009   5.2099253515872901     
   63.959131545416618        6.9027534274407873E-002   4.5538834574365097E-002 -0.13113083321034102        8.7565446597269838E-009   5.2478354656677499     
   64.163473818724654        6.8996477521320140E-002   4.5514759667023813E-002 -0.13096032239411007        8.9874896765837132E-009   5.2877217451718614     
   64.367816092032697        6.8935707848875954E-002   4.5402495687763736E-002 -0.13076159291023498        9.2442771077225273E-009   5.2550943639206231     
   64.572158365340741        6.8857479577728087E-002   4.5223568624515251E-002 -0.13057063113377343        9.3354819583031872E-009   5.2124921681207281     
   64.776500638648784        6.8724382634322290E-002   4.5080838383657902E-002 -0.13032687843832089        8.8920628341891528E-009   5.1911386700557296     
   64.980842911956813        6.8536123795681289E-002   4.4934544478112778E-002 -0.13002097035638546        8.5319929364852222E-009   5.1710787568289387     
   65.185185185264856        6.8370600412455199E-002   4.4766173490390235E-002 -0.12975165296825877        7.9011896120843229E-009   5.1498874228673497     
   65.389527458572900        6.8227741117862145E-002   4.4632288079538070E-002 -0.12951966604388776        7.8636323686423775E-009   5.0674772339824052     
   65.593869731880943        6.8075287392619713E-002   4.4590613992608989E-002 -0.12928717860505415        8.1324781999804271E-009   5.0884893477395616     
   65.798212005188972        6.7891845077972926E-002   4.4510989986787521E-002 -0.12902200819685561        8.2496333619374148E-009   5.1006487135070611     
   66.002554278497016        6.7723788148907421E-002   4.4395726744362055E-002 -0.12876168288930012        7.9606679799658139E-009   5.1035248008726173     
   66.206896551805059        6.7582281630179111E-002   4.4302903398119695E-002 -0.12853253147132684        7.7688493601266370E-009   5.1148878864378799     
   66.411238825113102        6.7451742450881688E-002   4.4215405181034617E-002 -0.12834108376840811        7.7044893043206352E-009   5.1075684322982351     
   66.615581098421146        6.7334461260587397E-002   4.4154103584248275E-002 -0.12817682394319613        7.5111464218632196E-009   5.1135122951968093     
   66.819923371729175        6.7232806025433772E-002   4.4099387807784711E-002 -0.12802524657439460        7.8219241553276225E-009   5.1281803399570354     
   67.024265645037218        6.7154153579562378E-002   4.3979751667536864E-002 -0.12787610842173711        8.0253199673420096E-009   5.1263854918949701     
   67.228607918345261        6.7067563739078725E-002   4.3875274972294098E-002 -0.12767956022451801        7.9654598089388477E-009   5.1104723313995546     
   67.432950191653305        6.6980578575815505E-002   4.3807871140557432E-002 -0.12747443043725587        8.2542706467859931E-009   5.1304824950779055     
   67.637292464961348        6.6907267315319471E-002   4.3799424328187800E-002 -0.12728943015010261        8.1666402551661581E-009   5.1408400088841653     
   67.841634738269377        6.6806167081413695E-002   4.3816749162147832E-002 -0.12707355321263275        8.4989693393775979E-009   5.1845310779929399     
   68.045977011577421        6.6709411405105834E-002   4.3740966723388029E-002 -0.12688188451074378        8.4815132724535669E-009   5.1429741773459288     
   68.250319284885464        6.6671134155820475E-002   4.3642596531542323E-002 -0.12675589770596896        8.6689468053726879E-009   5.1303160845485110     
   68.454661558193507        6.6704167077573706E-002   4.3573464395419884E-002 -0.12671541751933188        8.7302613885121240E-009   5.1221952031850559     
   68.659003831501536        6.6749838781435769E-002   4.3561400628528930E-002 -0.12672393360847350        8.9004738443503663E-009   5.1705727329275915     
   68.863346104809580        6.6750078990976000E-002   4.3551810932855810E-002 -0.12669675071890288        8.9145756545401680E-009   5.2045985592090389     
   69.067688378117623        6.6735047099886938E-002   4.3517875480485815E-002 -0.12665564921692837        8.9882854955659405E-009   5.2053097247905606     
   69.272030651425666        6.6739132605173820E-002   4.3503114541588582E-002 -0.12663012730891221        8.9195058982347232E-009   5.2073400271833412     
   69.476372924733710        6.6762916236504724E-002   4.3394680503501884E-002 -0.12662236751667377        8.5851195646968717E-009   5.1836061014340178     
   69.680715198041739        6.6799322728045854E-002   4.3194370688273726E-002 -0.12660455310189000        8.5209721220461699E-009   5.1305255981832847     
   69.885057471349782        6.6869399891487782E-002   4.3017297871499639E-002 -0.12662881572214901        8.8679851037702700E-009   5.0953094440351601     
   70.089399744657825        6.6945733279578742E-002   4.2906128424469704E-002 -0.12666741078478710        9.1613813428250388E-009   5.1107451644727284     
   70.293742017965869        6.6981976256035441E-002   4.2840510229615797E-002 -0.12664364417293658        9.2411448425919083E-009   5.0846561221890170     
   70.498084291273912        6.7019504743140196E-002   4.2805356233810717E-002 -0.12666570534803293        9.2579064240207617E-009   5.0780171745872895     
   70.702426564581941        6.7028989671480785E-002   4.2824262174884671E-002 -0.12667482102402589        9.4641347303808594E-009   5.0974751927954864     
   70.906768837889985        6.6960788143154301E-002   4.2792581805755313E-002 -0.12656317190752725        9.5871870181511254E-009   5.0963585361520627     
   71.111111111198028        6.6856150700474723E-002   4.2742346914900885E-002 -0.12638891522396709        9.2636229975541213E-009   5.1040241266729227     
   71.315453384506071        6.6783793713109191E-002   4.2640158039045577E-002 -0.12626308916684276        9.2183239952690986E-009   5.0894672015071860     
   71.519795657814100        6.6712183258941085E-002   4.2556456852060554E-002 -0.12615024024993163        8.8963711958843363E-009   5.0751324521916308     
   71.724137931122144        6.6588245460483836E-002   4.2482627704489580E-002 -0.12596190591645001        8.6523789881381874E-009   5.0671194080572688     
   71.928480204430187        6.6461690631838335E-002   4.2382567703797294E-002 -0.12578825038677841        8.5270918227184398E-009   5.0672941781545600     
   72.132822477738230        6.6363340220650990E-002   4.2303691993304825E-002 -0.12567566345722878        8.3969959878642209E-009   5.0584167246437124     
   72.337164751046274        6.6282667115822425E-002   4.2256606822409018E-002 -0.12555899758591157        8.6866863053507696E-009   5.0886403914080605     
   72.541507024354303        6.6229261879841808E-002   4.2206009751897595E-002 -0.12545621399688786        9.2124713880399243E-009   5.1288985174174027     
   72.745849297662346        6.6168531417216209E-002   4.2156318693005533E-002 -0.12535224686306398        9.3970561323543617E-009   5.1494093029784924     
   72.950191570970389        6.6074521435292133E-002   4.2145670141376455E-002 -0.12523013618648116        9.1718252077094837E-009   5.1694011456011051     
   73.154533844278433        6.6000038476264497E-002   4.2116658522242251E-002 -0.12516637430334024        9.5581075277670782E-009   5.1304674229053298     
   73.358876117586476        6.5965949628191398E-002   4.2073270902654725E-002 -0.12517412541102749        9.8583492649076138E-009   5.1679095028987705     
   73.563218390894505        6.5946749044912253E-002   4.1999011133941312E-002 -0.12521633877185800        9.5760336219722745E-009   5.1415879647824179     
   73.767560664202549        6.5942350152761869E-002   4.1926570813932619E-002 -0.12530867423534731        9.0409399244968847E-009   5.1138364790780280     
   73.971902937510592        6.5947448657169574E-002   4.1913440920615649E-002 -0.12542673132997822        8.6498470076211398E-009   5.1202502711887652     
   74.176245210818635        6.5927768772728920E-002   4.1867404661888583E-002 -0.12549131071068162        9.1900223982008991E-009   5.1425717204908352     
   74.380587484126679        6.5943932874212949E-002   4.1799602162525949E-002 -0.12557931991651619        9.4000657296558734E-009   5.1495579504102924     
   74.584929757434708        6.6020865208969923E-002   4.1794792741275365E-002 -0.12574807826162104        9.4889214888488919E-009   5.2084151769390203     
   74.789272030742751        6.6130216792570182E-002   4.1777673125700597E-002 -0.12597572396303588        9.9921560547756515E-009   5.2117585483281221     
   74.993614304050794        6.6280155650827274E-002   4.1725749413249927E-002 -0.12627635257981917        9.9384178536242317E-009   5.1616181934576364     
   75.197956577358838        6.6418199248082538E-002   4.1734401644701824E-002 -0.12656860396698522        9.2190136695520300E-009   5.1931884400939623     
   75.402298850666867        6.6536120106891833E-002   4.1725072472396631E-002 -0.12684801818803626        8.9890740319502158E-009   5.1849930287233121     
   75.606641123974910        6.6674737466437775E-002   4.1730066592666613E-002 -0.12715848398382898        8.8966364914103730E-009   5.1961616875097052     
   75.810983397282953        6.6812142506724154E-002   4.1762979546297423E-002 -0.12743496326909221        8.9283621244028722E-009   5.2279065557826367     
   76.015325670590997        6.6937170152161898E-002   4.1759656285617848E-002 -0.12769028856347284        8.8004037540972074E-009   5.2604071519918953     
   76.219667943899040        6.7073273151488935E-002   4.1662452845602604E-002 -0.12792989743340144        8.9604048577314286E-009   5.2503069394657187     
   76.424010217207069        6.7231719723537836E-002   4.1544105225657102E-002 -0.12814877174049111        9.1930597601250216E-009   5.2296827607462593     
   76.628352490515113        6.7319233870243828E-002   4.1479318802126901E-002 -0.12825258837204689        9.3289187331681584E-009   5.2238029350256969     
   76.832694763823156        6.7334415572847153E-002   4.1425726552725632E-002 -0.12827377435056597        9.4477699245182148E-009   5.1979679727000425     
   77.037037037131199        6.7341319615872683E-002   4.1417327398862391E-002 -0.12831884308571023        9.3444194158375099E-009   5.2536633349824795     
   77.241379310439243        6.7294028645172421E-002   4.1452441431514463E-002 -0.12830390830318536        9.1342378119946257E-009   5.3672874406351818     
   77.445721583747272        6.7219039691622934E-002   4.1391228791641990E-002 -0.12823010712932148        8.8177826642009285E-009   5.3433640511236904     
   77.650063857055315        6.7196949813923865E-002   4.1306244820288419E-002 -0.12818828585017475        8.8083921904365558E-009   5.2756919208431707     
   77.854406130363358        6.7209169505577301E-002   4.1315981065335829E-002 -0.12816286883322708        9.0616732287271824E-009   5.2683844712872263     
   78.058748403671402        6.7199786090297906E-002   4.1297919339217455E-002 -0.12810082790369737        9.6437953237141939E-009   5.3010348395512521     
   78.263090676979431        6.7183789274450970E-002   4.1277542493781127E-002 -0.12804546328879041        9.5893651110892987E-009   5.2589529567977031     
   78.467432950287474        6.7107477240710936E-002   4.1285522237264616E-002 -0.12796088380120030        9.4626162973403085E-009   5.2872771281787623     
   78.671775223595517        6.6995615346226195E-002   4.1263087754277603E-002 -0.12785182824378272        9.5586867713743718E-009   5.2056462388152287     
   78.876117496903561        6.6886946236131672E-002   4.1265080321482656E-002 -0.12775479662696876        9.4205256326337175E-009   5.3119513777565466     
   79.080459770211604        6.6757914507199229E-002   4.1226089984319238E-002 -0.12763188487971161        9.1262563357967679E-009   5.3179127236983978     
   79.284802043519633        6.6649650823864093E-002   4.1146939816563713E-002 -0.12753221890051428        9.2320507928569786E-009   5.2272203075531314     
   79.489144316827677        6.6579879561893193E-002   4.1104639179612885E-002 -0.12748461792888380        9.4267722033442573E-009   5.3631873719296648     
   79.693486590135720        6.6531744396567075E-002   4.1021965444925826E-002 -0.12745874521790365        9.2214904535595918E-009   5.3080997232712672     
   79.897828863443763        6.6493791872123426E-002   4.0978648431695540E-002 -0.12742132754207092        9.5503429971116041E-009   5.4104536690231031     
   80.102171136751807        6.6466921909959897E-002   4.0894998873617056E-002 -0.12736772112163502        9.7072775699866312E-009   5.3494540443453475     
   80.306513410059836        6.6428895832918070E-002   4.0862824504576560E-002 -0.12729284205010757        1.0101380635126924E-008   5.3274223506959153     
   80.510855683367879        6.6346905303903178E-002   4.0860639338382694E-002 -0.12716190702322547        9.8885210460657259E-009   5.3879273122399072     
   80.715197956675922        6.6262003828710614E-002   4.0831299658176945E-002 -0.12700772508089442        1.0211885321243006E-008   5.3447791031612946     
   80.919540229983966        6.6181453010437166E-002   4.0763810318867909E-002 -0.12686787110681255        1.0397262137567727E-008   5.3135828141367378     
   81.123882503291995        6.6115661558393019E-002   4.0717169935093819E-002 -0.12677838396535740        1.0078570187110158E-008   5.2716958304894783     
   81.328224776600038        6.6060593227125014E-002   4.0713923957393164E-002 -0.12672581970298194        9.7592455701727559E-009   5.2922730773895177     
   81.532567049908081        6.6017703093476029E-002   4.0705153360711482E-002 -0.12668611399208926        9.7700498760154433E-009   5.2835765223293105     
   81.736909323216125        6.6007996143908385E-002   4.0695870121561790E-002 -0.12667228609506714        1.0288382704156591E-008   5.2859090227748515     
   81.941251596524168        6.6042697793950222E-002   4.0627929531526843E-002 -0.12669255722497166        1.0779652126832314E-008   5.2002108797078712     
   82.145593869832197        6.6109980798013557E-002   4.0637619725198026E-002 -0.12675802653043616        1.1367128208828619E-008   5.2007581179741447     
   82.349936143140241        6.6167334840562433E-002   4.0645244000695073E-002 -0.12682290008747976        1.1314352226044913E-008   5.2455698331288252     
   82.554278416448284        6.6249476676013025E-002   4.0593582326288347E-002 -0.12691253725199897        1.1108174335928145E-008   5.2014118783569954     
   82.758620689756327        6.6338449830424737E-002   4.0600057923119798E-002 -0.12700138113840015        1.1056995732022896E-008   5.2349380784848210     
   82.962962963064371        6.6390425104925779E-002   4.0591743458060270E-002 -0.12703895723401784        1.1390640799157906E-008   5.2317178174470591     
   83.167305236372400        6.6415525186951194E-002   4.0588429264398103E-002 -0.12702567084596827        1.1461920143590817E-008   5.2418751477864571     
   83.371647509680443        6.6387155989771171E-002   4.0653458963182704E-002 -0.12689560076415102        1.0966647286695736E-008   5.2657150549618352     
   83.575989782988486        6.6287795957612736E-002   4.0740183077308520E-002 -0.12666349398163951        1.0259911876088032E-008   5.3548589785813379     
   83.780332056296530        6.6183577029098287E-002   4.0764047460258211E-002 -0.12644684393839981        1.0037939625948600E-008   5.3296940874264340     
   83.984674329604573        6.6157880184711818E-002   4.0774538419546043E-002 -0.12637598348730966        9.8248628606955599E-009   5.3276690048762738     
   84.189016602912602        6.6183359140791417E-002   4.0786217536167658E-002 -0.12639130808111715        9.7955244669037471E-009   5.3455328325274722     
   84.393358876220645        6.6215572184139412E-002   4.0751613384429196E-002 -0.12642649841225176        1.0172494674536384E-008   5.3046138999688770     
   84.597701149528689        6.6239310719230116E-002   4.0748971346205108E-002 -0.12645722352682820        1.0214663421185564E-008   5.3480243422098859     
   84.802043422836732        6.6237341303488947E-002   4.0742137511075541E-002 -0.12643995165901017        1.0354892606457928E-008   5.3396323170781645     
   85.006385696144761        6.6176587399881859E-002   4.0759879287733163E-002 -0.12634216389747735        1.0432163121787184E-008   5.3870061650990806     
   85.210727969452805        6.6101196338559876E-002   4.0752369041127161E-002 -0.12622945958562659        1.0521007355062380E-008   5.4516540054015614     
   85.415070242760848        6.6053117170588732E-002   4.0748354748014755E-002 -0.12614708155500590        1.0966683600041260E-008   5.4016241518305375     
   85.619412516068891        6.6001453901251714E-002   4.0760729769337409E-002 -0.12604643792459042        1.1932192188724450E-008   5.4480730278044058     
   85.823754789376935        6.5920124773889574E-002   4.0756476416650492E-002 -0.12589271083070874        1.2024661475638267E-008   5.5393040445795423     
   86.028097062684964        6.5819880764608610E-002   4.0687697102681795E-002 -0.12570879619982647        1.2049045260416252E-008   5.5601725700657330     
   86.232439335993007        6.5720113263253901E-002   4.0611054280592723E-002 -0.12552331495807109        1.2117771082808440E-008   5.4920897974369938     
   86.436781609301050        6.5589610158164294E-002   4.0519573353084835E-002 -0.12529840093490224        1.1829240772992040E-008   5.4490741761723545     
   86.641123882609094        6.5425991563008074E-002   4.0413995240937320E-002 -0.12504682752804594        1.1104426837377961E-008   5.4177580265540985     
   86.845466155917137        6.5267547188909744E-002   4.0329309927961021E-002 -0.12481151015209935        1.1043625324199315E-008   5.4057520805746870     
   87.049808429225166        6.5143653284326350E-002   4.0276866635529575E-002 -0.12457879843291575        1.0793783934235781E-008   5.4133008499489241     
   87.254150702533209        6.5050128777755456E-002   4.0317874571338591E-002 -0.12437726052888683        1.1428871529006158E-008   5.5292112097219261     
   87.458492975841253        6.4975443692504742E-002   4.0339113405437985E-002 -0.12424954661502813        1.1361278617201665E-008   5.5280646827691768     
   87.662835249149296        6.4875310795538890E-002   4.0344902008653288E-002 -0.12412810687279963        1.1392426281721073E-008   5.5741600038950603     
   87.867177522457325        6.4752695739589472E-002   4.0325343025771669E-002 -0.12400363471092998        1.1468678159357764E-008   5.5874213825191941     
   88.071519795765369        6.4629220413843474E-002   4.0272848523188250E-002 -0.12390481025503625        1.1888329848964683E-008   5.5944045734845922     
   88.275862069073412        6.4514142608900940E-002   4.0252820166828136E-002 -0.12381383579892892        1.1951679943804928E-008   5.6351030907417874     
   88.480204342381455        6.4418337785832461E-002   4.0252382676161075E-002 -0.12373908746163337        1.2194147385483800E-008   5.6858155268489199     
   88.684546615689499        6.4381776679835301E-002   4.0167913562955244E-002 -0.12375864167905706        1.2227706754322487E-008   5.6055884116952397     
   88.888888888997528        6.4409620171958518E-002   4.0194510288921487E-002 -0.12384485942342499        1.2545530913082835E-008   5.6470486891418705     
   89.093231162305571        6.4409876664215243E-002   4.0284924806503836E-002 -0.12389347831825967        1.2516142311495468E-008   5.6623173509698939     
   89.297573435613614        6.4334942650257188E-002   4.0311592198426005E-002 -0.12385001135422405        1.1610308081408300E-008   5.6609425596348348     
   89.501915708921658        6.4243383532672046E-002   4.0275877019714523E-002 -0.12377277753351894        1.1181105752264441E-008   5.6034358358789653     
   89.706257982229701        6.4181017377107782E-002   4.0264880300459244E-002 -0.12371353308934840        1.0927474958288911E-008   5.6309358341244033     
   89.910600255537730        6.4177447819199124E-002   4.0240778014397988E-002 -0.12368043598118436        1.1191539416029164E-008   5.6274291946934616     
   90.114942528845773        6.4218025817127905E-002   4.0232013309961449E-002 -0.12370306902499545        1.1120419600639327E-008   5.6279471144768030     
   90.319284802153817        6.4240714179254921E-002   4.0235240245529151E-002 -0.12374001302913246        1.1133516048368531E-008   5.6552593452196458     
   90.523627075461860        6.4217676699721699E-002   4.0210016621567708E-002 -0.12372963152264516        1.0616019905345430E-008   5.6062409301712695     
   90.727969348769889        6.4179585035627124E-002   4.0138372560709519E-002 -0.12367973558384449        1.0544490110881512E-008   5.5425006659251723     
   90.932311622077933        6.4170536045035850E-002   4.0104872983225875E-002 -0.12365347444631669        1.0676698125886508E-008   5.5514557963884181     
   91.136653895385976        6.4169213889146315E-002   4.0120843008091732E-002 -0.12364340788440568        1.1494860332947795E-008   5.5867424905165830     
   91.340996168694019        6.4175823139143787E-002   4.0120637227141633E-002 -0.12364081253384845        1.1901975981367176E-008   5.6430985285534971     
   91.545338442002063        6.4178978604372980E-002   4.0079771139009866E-002 -0.12363770881001326        1.1388269389647946E-008   5.6288612092684662     
   91.749680715310092        6.4188413168975167E-002   4.0076374384627057E-002 -0.12365177171337577        1.1158597157918169E-008   5.6021500771193180     
   91.954022988618135        6.4223483333121223E-002   4.0069446428045150E-002 -0.12366922745835929        1.0970662108291309E-008   5.6475729110241737     
   92.158365261926178        6.4276067067077808E-002   4.0100058906827767E-002 -0.12370097661471049        1.1223665187335475E-008   5.7364328913751281     
   92.362707535234222        6.4355134715971637E-002   4.0040260375183850E-002 -0.12378453356308766        1.0925577388771368E-008   5.7182155382255386     
   92.567049808542265        6.4475873017099339E-002   3.9959067777926176E-002 -0.12393549271280316        1.0914826257322685E-008   5.6556661569818782     
   92.771392081850294        6.4642744624021864E-002   3.9872040082294863E-002 -0.12416016819373026        1.1158521573406210E-008   5.6311208229225782     
   92.975734355158338        6.4842126034386133E-002   3.9847101359658590E-002 -0.12444253541597707        1.1851331521352636E-008   5.7615500113923170     
   93.180076628466381        6.5014705632460437E-002   3.9868321432094150E-002 -0.12470274323237278        1.0480334009843885E-008   5.8737192000814842     
   93.384418901774424        6.5133899848210108E-002   3.9874306884751083E-002 -0.12489046484405691        1.0508000758178177E-008   5.8423363312467052     
   93.588761175082453        6.5237807086169497E-002   3.9863747449777734E-002 -0.12504779448789494        1.1948919913404941E-008   5.8479211590625155     
   93.793103448390497        6.5339228308499767E-002   3.9873949020991686E-002 -0.12521865911462535        1.2071625913416829E-008   5.7900101184767525     
   93.997445721698540        6.5432692954851546E-002   3.9878630632663843E-002 -0.12538824155871570        1.1498736413544353E-008   5.6527930046536676     
   94.201787995006583        6.5531307260008290E-002   3.9956150791495129E-002 -0.12556056311428435        1.1467099217347114E-008   5.7298724546469986     
   94.406130268314627        6.5583871994861015E-002   4.0010003179840430E-002 -0.12566759345722731        1.1439768167590997E-008   5.7361220503780839     
   94.610472541622656        6.5603640169311500E-002   4.0000468091441144E-002 -0.12573160435985598        1.1461767569789729E-008   5.6593689720552378     
   94.814814814930699        6.5633407829481433E-002   3.9918046720799752E-002 -0.12580578623937058        1.1483354550053210E-008   5.6329189731319032     
   95.019157088238742        6.5660545927998748E-002   3.9827537074913787E-002 -0.12584066828271617        1.1109473852309389E-008   5.6567078230500041     
   95.223499361546786        6.5699680552955358E-002   3.9705867911499139E-002 -0.12584455317449059        1.0879640945278964E-008   5.6087460505834850     
   95.427841634854829        6.5752287987240199E-002   3.9618533837554787E-002 -0.12587150666164462        1.0788609174617347E-008   5.5766422163819298     
   95.632183908162858        6.5804204425379237E-002   3.9616224380419195E-002 -0.12592292743898342        1.0583439648570600E-008   5.5892779898043559     
   95.836526181470902        6.5836808226116067E-002   3.9619916102009267E-002 -0.12597398797674492        1.0885895097468045E-008   5.5122183646813712     
   96.040868454778945        6.5836336684412217E-002   3.9642747218199173E-002 -0.12598574267728230        1.0652139460293615E-008   5.5085012585786073     
   96.245210728086988        6.5836577649230954E-002   3.9646078644579287E-002 -0.12600418895019397        1.0572337313341118E-008   5.5038987607995695     
   96.449553001395032        6.5844194565347486E-002   3.9657818218782462E-002 -0.12602296794643689        1.0615311108905353E-008   5.5543736357752111     
   96.653895274703061        6.5827618483412523E-002   3.9638773482097760E-002 -0.12598729186332319        1.1102149167600583E-008   5.5827215606911915     
   96.858237548011104        6.5801569536159080E-002   3.9586391649851872E-002 -0.12592977422408935        1.1632500097437654E-008   5.5435618470255399     
   97.062579821319147        6.5777346105570553E-002   3.9531709241256617E-002 -0.12587141068802798        1.1802796366671690E-008   5.4824786830906680     
   97.266922094627191        6.5740340684769874E-002   3.9502130618190905E-002 -0.12581100088234232        1.1897212567358229E-008   5.4684510390842114     
   97.471264367935220        6.5664818419746820E-002   3.9465317477012901E-002 -0.12570683492600052        1.1452455461179458E-008   5.4681839913165939     
   97.675606641243263        6.5574680425943110E-002   3.9440654712364936E-002 -0.12557678765025168        1.1153837240108330E-008   5.4777834526845828     
   97.879948914551306        6.5536162954879115E-002   3.9424408613218352E-002 -0.12550118387282716        1.1316468305719010E-008   5.5180348246362785     
   98.084291187859350        6.5544479359563854E-002   3.9359144868159536E-002 -0.12547179073554521        1.1638801681020884E-008   5.5333383271291012     
   98.288633461167393        6.5599967846043328E-002   3.9249111001514458E-002 -0.12551053829627515        1.1793958494774966E-008   5.5263488562089274     
   98.492975734475422        6.5711555319986806E-002   3.9129320703484079E-002 -0.12565447525864704        1.1774283346638247E-008   5.4230197290122080     
   98.697318007783466        6.5845601206001234E-002   3.9103266994977993E-002 -0.12586572968479437        1.1601958727037428E-008   5.4673461485471337     
   98.901660281091509        6.5975807667734088E-002   3.9074676537584320E-002 -0.12606358338898627        1.1551741884489007E-008   5.4599482971233577     
   99.106002554399552        6.6111029737173893E-002   3.9050519137946035E-002 -0.12623603545131112        1.1882099957734335E-008   5.4626050131572228     
   99.310344827707596        6.6234473828317514E-002   3.9055584950167026E-002 -0.12638963626707539        1.2414855703885062E-008   5.4931355487539086     
   99.514687101015625        6.6324163270348610E-002   3.9079604149016581E-002 -0.12649162941772907        1.2795139677474479E-008   5.5025156281609311     
   99.719029374323668        6.6375274920082689E-002   3.9090618622761190E-002 -0.12656700735528253        1.2959388888071483E-008   5.4653517417186768     
   99.923371647631711        6.6405221902363920E-002   3.9070657407730601E-002 -0.12664304158183379        1.2797989584343957E-008   5.3895390533932019     
   100.12771392093975        6.6406483295544938E-002   3.9039121462167592E-002 -0.12667175525943455        1.2325846472722354E-008   5.3282042748049365     
   100.33205619424778        6.6346259270077534E-002   3.9045948870465266E-002 -0.12659608961436580        1.1954874775821140E-008   5.3888447953365519     
   100.53639846755583        6.6281630785996234E-002   3.9052630708850941E-002 -0.12650716661317596        1.1260296993462176E-008   5.3867240306117097     
   100.74074074086387        6.6240611378768799E-002   3.9055213488357346E-002 -0.12644043176862391        1.1023639455853719E-008   5.3848221311906634     
   100.94508301417191        6.6233097232579710E-002   3.9044600256547109E-002 -0.12641261455260216        1.1256548144138974E-008   5.4104031125103988     
   101.14942528747996        6.6262751294660097E-002   3.9033415976400032E-002 -0.12644604035087609        1.1149778306046633E-008   5.3833125749433588     
   101.35376756078799        6.6293417574107852E-002   3.9033006248978132E-002 -0.12649771465449139        1.1173345143941392E-008   5.3778081379079508     
   101.55810983409603        6.6325925396364990E-002   3.9016252240416910E-002 -0.12654125001438207        1.1456665314726246E-008   5.3719410091905857     
   101.76245210740407        6.6342969864785065E-002   3.8992699557498275E-002 -0.12653943985753241        1.1856580695367029E-008   5.3408932649090213     
   101.96679438071212        6.6293234832560208E-002   3.9016398244610985E-002 -0.12644385698737290        1.1846662239350393E-008   5.3819887552445946     
   102.17113665402016        6.6224639156505644E-002   3.9000904629235437E-002 -0.12632198383291882        1.1823170076360989E-008   5.3764876140144748     
   102.37547892732819        6.6163354041396408E-002   3.8993126769193441E-002 -0.12620649036668311        1.1596338380853817E-008   5.3599597635472938     
   102.57982120063623        6.6076987949978697E-002   3.8955677984570530E-002 -0.12605650814036720        1.1234726028981492E-008   5.3711515824792553     
   102.78416347394428        6.6030464122069116E-002   3.8898723382875339E-002 -0.12594885155250685        1.1054977733385292E-008   5.3488792235020748     
   102.98850574725232        6.6037716083838141E-002   3.8859595917219145E-002 -0.12590055115775173        1.1564642813154561E-008   5.3475078712709072     
   103.19284802056035        6.6032793955464686E-002   3.8831083450402343E-002 -0.12582841900741784        1.2071078006047300E-008   5.3908393690189431     
   103.39719029386839        6.6005239832029383E-002   3.8805612481111439E-002 -0.12572802351434198        1.2164591474047227E-008   5.3653470313738083     
   103.60153256717643        6.5971604766533312E-002   3.8753345356926566E-002 -0.12562601589672168        1.2192810279674365E-008   5.3425817120654324     
   103.80587484048448        6.5973346521734616E-002   3.8741256908045016E-002 -0.12556270340064227        1.2084594899053603E-008   5.3445990974039548     
   104.01021711379252        6.5978533031435249E-002   3.8825557685625012E-002 -0.12552954278926620        1.1928978057375459E-008   5.4270097529635590     
   104.21455938710055        6.5936375251254939E-002   3.8873686288220057E-002 -0.12544947802411399        1.1883183843087077E-008   5.4614626398597323     
   104.41890166040859        6.5867185069801937E-002   3.8874775443306794E-002 -0.12531695138707183        1.2162130436482813E-008   5.4545748779390166     
   104.62324393371664        6.5779896569187479E-002   3.8846474953421140E-002 -0.12515850535390688        1.2137179561267748E-008   5.4016985951009975     
   104.82758620702468        6.5657113564078676E-002   3.8800687444137304E-002 -0.12495058438009909        1.1742392800589066E-008   5.3706531651591805     
   105.03192848033272        6.5521583603575226E-002   3.8717193511840942E-002 -0.12471512951298996        1.2003156768471015E-008   5.3403817517742125     
   105.23627075364075        6.5400154801436600E-002   3.8644109909720510E-002 -0.12449664357624371        1.2081551436037647E-008   5.3435883458345277     
   105.44061302694880        6.5252737843707914E-002   3.8652442994213436E-002 -0.12424637590838902        1.1973019063096647E-008   5.3390259836876810     
   105.64495530025684        6.5061759285377163E-002   3.8706118320715806E-002 -0.12394091490569312        1.1582015968257891E-008   5.3287443686744611     
   105.84929757356488        6.4852564171883606E-002   3.8791595983145098E-002 -0.12363099945293836        1.0838682381865756E-008   5.4092086706750919     
   106.05363984687293        6.4673156789250549E-002   3.8797132424957227E-002 -0.12336687545378483        1.0484209663205630E-008   5.4557680057787907     
   106.25798212018096        6.4567193981531240E-002   3.8720819878505883E-002 -0.12318660314121543        1.1116584239058187E-008   5.4082735485934350     
   106.46232439348900        6.4511962794075006E-002   3.8720716880996257E-002 -0.12307025258192333        1.2055971460409023E-008   5.5140008066291353     
   106.66666666679704        6.4424595833039874E-002   3.8708964352432776E-002 -0.12292196520969161        1.1988096026368750E-008   5.4745355780895473     
   106.87100894010509        6.4312648314217027E-002   3.8741708194428966E-002 -0.12274685443222250        1.1999546774187597E-008   5.4559696885910558     
   107.07535121341311        6.4204129360703979E-002   3.8753080713927822E-002 -0.12257362675006961        1.2445200829370786E-008   5.4825789788679051     
   107.27969348672116        6.4096852601988413E-002   3.8738373522766725E-002 -0.12238614147134404        1.2178853417721368E-008   5.4500404681678143     
   107.48403576002920        6.3966949496298081E-002   3.8732994854574800E-002 -0.12215754777344678        1.2121228097212479E-008   5.4824195131854596     
   107.68837803333724        6.3835246182161728E-002   3.8749231853443818E-002 -0.12193739673036375        1.2051856444711481E-008   5.4809573286846582     
   107.89272030664529        6.3743740384304734E-002   3.8691556968551484E-002 -0.12178169351750294        1.2534374300573719E-008   5.5040662340124884     
   108.09706257995332        6.3696587875546773E-002   3.8608948420485824E-002 -0.12167803905328092        1.2619779155520057E-008   5.5125158957817648     
   108.30140485326136        6.3660942893141004E-002   3.8555824642879100E-002 -0.12160689853957309        1.2763211207880149E-008   5.5013050117037583     
   108.50574712656940        6.3614878536179684E-002   3.8558423193514414E-002 -0.12155686995772833        1.2386274805598133E-008   5.5478785130214234     
   108.71008939987745        6.3573079089013482E-002   3.8546978160266983E-002 -0.12152729500735829        1.2449789640257353E-008   5.5368196319960523     
   108.91443167318549        6.3521071993853401E-002   3.8572699103624979E-002 -0.12147968119820549        1.2715223495455738E-008   5.5977811273820297     
   109.11877394649352        6.3465300758532239E-002   3.8554739824673993E-002 -0.12140725844001975        1.3133170242444565E-008   5.5904398098929970     
   109.32311621980156        6.3398625053217486E-002   3.8586685490364640E-002 -0.12129887053884458        1.2731290046661146E-008   5.5762800664862047     
   109.52745849310961        6.3329764925035406E-002   3.8650044833652246E-002 -0.12115517897704972        1.1915172132654203E-008   5.5977703110971078     
   109.73180076641765        6.3271960455192219E-002   3.8703999320916692E-002 -0.12104344798442022        1.1606184204141527E-008   5.6577513102238486     
   109.93614303972568        6.3218507155333212E-002   3.8743092604430332E-002 -0.12098317006962800        1.2063039402594210E-008   5.6908862302233096     
   110.14048531303372        6.3144656435513993E-002   3.8737408901787757E-002 -0.12091267005747793        1.1894984566815678E-008   5.6415814931435877     
   110.34482758634176        6.3070249770533326E-002   3.8787429105985018E-002 -0.12086991134068527        1.0785128434855993E-008   5.7212956109064805     
   110.54916985964981        6.3049019123527936E-002   3.8839184367652317E-002 -0.12091270251921041        9.8625924006643198E-009   5.8037308595990220     
   110.75351213295785        6.3125756555269391E-002   3.8843663506139985E-002 -0.12107164078325541        1.0201818085541815E-008   5.7652405430003446     
   110.95785440626588        6.3262124433603725E-002   3.8883195449888289E-002 -0.12132429679561579        1.0894027813236690E-008   5.7534726580624840     
   111.16219667957392        6.3382764311386189E-002   3.8909192499607302E-002 -0.12156116106233143        1.0790244080249006E-008   5.7851805704967845     
   111.36653895288197        6.3523090240778374E-002   3.8927210146386920E-002 -0.12179485542459879        1.0827614357437052E-008   5.9142340839788012     
   111.57088122619001        6.3661931059178264E-002   3.8961122869745249E-002 -0.12200723137166414        1.1768986401141471E-008   6.0048650051011734     
   111.77522349949805        6.3768990628615518E-002   3.8954123895258742E-002 -0.12220204461921458        1.2269335207617389E-008   5.8491991627494198     
   111.97956577280608        6.3834157889218687E-002   3.9032626063769185E-002 -0.12237090244766499        1.2500840256421163E-008   5.8631953947564384     
   112.18390804611413        6.3836003322860269E-002   3.9098730187524418E-002 -0.12247043576674271        1.2537843888127550E-008   5.8633736855410739     
   112.38825031942217        6.3820180644632532E-002   3.9128790279306956E-002 -0.12258297561098729        1.2694367463733552E-008   5.8717878030909425     
   112.59259259273021        6.3809538481718164E-002   3.9173795861148650E-002 -0.12267057790640540        1.2523922769535436E-008   5.8863945903419124     
   112.79693486603824        6.3800315419471162E-002   3.9149441076609462E-002 -0.12270341940633542        1.2214428993014599E-008   5.9477992641910591     
   113.00127713934629        6.3803526435772126E-002   3.9085921150839739E-002 -0.12272100771199281        1.2399060611266902E-008   5.9251972969289657     
   113.20561941265433        6.3818981032059213E-002   3.8993051308480624E-002 -0.12275872454401901        1.1924464891151903E-008   5.8822037826671902     
   113.40996168596237        6.3878512039608981E-002   3.8906354535779404E-002 -0.12285227489876384        1.0919939696731035E-008   5.8474719635598209     
   113.61430395927042        6.4024860916334442E-002   3.8799756175679344E-002 -0.12305914678124233        1.1195658331610294E-008   5.7504708291396875     
   113.81864623257844        6.4242230495815816E-002   3.8752085807390875E-002 -0.12337018400196278        1.1723384929970832E-008   5.7793359251218535     
   114.02298850588649        6.4435764121109212E-002   3.8734303239926451E-002 -0.12364510659079050        1.2405519677067262E-008   5.7543420495827791     
   114.22733077919453        6.4577810443781733E-002   3.8788220301074969E-002 -0.12384267768155879        1.2791241912358975E-008   5.8637932565343887     
   114.43167305250257        6.4673374219813173E-002   3.8752809305357468E-002 -0.12395815904854680        1.3564276988107168E-008   5.8491972449149428     
   114.63601532581062        6.4737444382273260E-002   3.8675205709215468E-002 -0.12398661331624314        1.3399224445016244E-008   5.7926715021178321     
   114.84035759911865        6.4762877050606446E-002   3.8647023643801029E-002 -0.12395846471959637        1.3137987065232734E-008   5.8593035698096676     
   115.04469987242669        6.4755847191185628E-002   3.8665929459493285E-002 -0.12389616494463435        1.2847298694860216E-008   5.9290636981387488     
   115.24904214573473        6.4716262881780728E-002   3.8681559242018729E-002 -0.12378091071170048        1.2453974531072512E-008   6.0516737724323626     
   115.45338441904278        6.4699378496507254E-002   3.8614401845860492E-002 -0.12370883540392084        1.2318834352466913E-008   5.9298931974182434     
   115.65772669235082        6.4710633803945233E-002   3.8665629300590081E-002 -0.12372928094688830        1.2304426870994742E-008   6.0101880977177284     
   115.86206896565885        6.4718428173700812E-002   3.8781994594210001E-002 -0.12380680039533010        1.2940549016275025E-008   5.9803615291324483     
   116.06641123896689        6.4699568121352524E-002   3.8889813231719049E-002 -0.12389399104892815        1.2443554775268119E-008   6.0209766306192849     
   116.27075351227494        6.4681005131464839E-002   3.8950678330223060E-002 -0.12400238437456625        1.1273074817560854E-008   6.0998775089768422     
   116.47509578558298        6.4694625755954693E-002   3.8939054896059110E-002 -0.12411866163167583        1.0316074160573799E-008   6.1413350231213606     
   116.67943805889101        6.4779807912544951E-002   3.8864845694046107E-002 -0.12425645020896606        1.1399897710281005E-008   5.9753008159188861     
   116.88378033219905        6.4848931132423515E-002   3.8930516205648677E-002 -0.12431608962214810        1.2111155577770659E-008   6.2162396656242098     
   117.08812260550710        6.4813187114605167E-002   3.8946762654321655E-002 -0.12422229480674883        1.2273141463951901E-008   6.2439377227539321     
   117.29246487881514        6.4733818568236567E-002   3.8919668045606676E-002 -0.12404835650905946        1.2127585558393674E-008   6.2728556196765224     
   117.49680715212318        6.4648884055652903E-002   3.8887053086785590E-002 -0.12382675834804649        1.1934646861895256E-008   6.2411108648209304     
   117.70114942543121        6.4595355500461638E-002   3.8875190231052424E-002 -0.12366018993222067        1.1760498485249769E-008   6.2378972789005998     
   117.90549169873925        6.4571823534186126E-002   3.8881383920951744E-002 -0.12357149000271750        1.2636721655315887E-008   6.1902655055792577     
   118.10983397204730        6.4523777427715895E-002   3.8921634172701093E-002 -0.12346639382662036        1.3830987861659543E-008   6.2051510913973749     
   118.31417624535534        6.4371100885566995E-002   3.8943590464634616E-002 -0.12324424296999822        1.2959949233981488E-008   6.2030496247825884     
   118.51851851866338        6.4163274760960815E-002   3.8992169795443093E-002 -0.12296562264314169        1.1919420397698503E-008   6.2276514705119110     
   118.72286079197141        6.3981573591432778E-002   3.9026984430490894E-002 -0.12271810227403443        1.1008473581368474E-008   6.2920300308976547     
   118.92720306527946        6.3801055738704301E-002   3.9031095177396703E-002 -0.12245979111349407        1.1212711891895329E-008   6.3035738433427841     
   119.13154533858750        6.3669161107823724E-002   3.9091112172356828E-002 -0.12228374646398080        1.0614837221504099E-008   6.4207177312277519     
   119.33588761189554        6.3602996034816145E-002   3.9224263878288722E-002 -0.12221835287106816        1.1064658054682487E-008   6.6320811681748584     
   119.54022988520357        6.3607830218631090E-002   3.9241659792923857E-002 -0.12223444683453003        1.2014379763178888E-008   6.5841976222677800     
   119.74457215851162        6.3656565802320694E-002   3.9159097696781234E-002 -0.12229614869246783        1.2957093463811349E-008   6.4843362785962970     
   119.94891443181966        6.3690320240376477E-002   3.9065661991046725E-002 -0.12234713597485974        1.3760657246349209E-008   6.4037221593513580     
   120.15325670512770        6.3700986266911411E-002   3.9100220512631061E-002 -0.12237058030210801        1.4638633144419713E-008   6.4892564328122448     
   120.35759897843575        6.3662351964189304E-002   3.9102481201019536E-002 -0.12232137329438579        1.4163683950149441E-008   6.4919302085036765     
   120.56194125174378        6.3556643875195912E-002   3.9081870368239111E-002 -0.12215291731512551        1.3611739531896516E-008   6.4561632567460183     
   120.76628352505182        6.3436496025924827E-002   3.9109439047800933E-002 -0.12194686774399435        1.3011174557057427E-008   6.5149371602845836     
   120.97062579835986        6.3375659624866701E-002   3.9104119340244964E-002 -0.12180349978083012        1.2747188726678441E-008   6.6538856289269912     
   121.17496807166791        6.3370280104511137E-002   3.9127812678459509E-002 -0.12173801667162840        1.3823715048115227E-008   6.5890044621292612     
   121.37931034497595        6.3327592562666693E-002   3.9180311033804968E-002 -0.12159928133148740        1.4029344244632980E-008   6.6381273560415837     
   121.58365261828398        6.3225593137784641E-002   3.9171783926109600E-002 -0.12135410669868407        1.3829585298430778E-008   6.5765738023559530     
   121.78799489159202        6.3121186822728700E-002   3.9128975476051112E-002 -0.12115838223421527        1.3242888116513581E-008   6.6358701510576310     
   121.99233716490006        6.3068284489387116E-002   3.9030549116049834E-002 -0.12109434015362959        1.3471390087583869E-008   6.4219672083901509     
   122.19667943820811        6.2969993380340233E-002   3.9023188983655643E-002 -0.12096478465427259        1.3284195182506977E-008   6.5040112697961279     
   122.40102171151614        6.2802949441109909E-002   3.8953240524873735E-002 -0.12073393580414628        1.4016999216621742E-008   6.3639798603554025     
   122.60536398482418        6.2655430711239413E-002   3.8936493256576991E-002 -0.12054082235852930        1.3686959755603302E-008   6.4086677120795059     
   122.80970625813222        6.2564859282395371E-002   3.9010869424669442E-002 -0.12044967718889957        1.3795126169170427E-008   6.4799883066924355     
   123.01404853144027        6.2525116115969698E-002   3.9052036797967940E-002 -0.12042017131155495        1.4102706917063106E-008   6.5189690318215154     
   123.21839080474831        6.2525759785337795E-002   3.9085727063494467E-002 -0.12042883760575082        1.3699252499371484E-008   6.5440680366758448     
   123.42273307805634        6.2574794319374849E-002   3.9109184463404813E-002 -0.12050595440470252        1.3628581438911926E-008   6.5037468598477313     
   123.62707535136438        6.2652783982930130E-002   3.9055564338057687E-002 -0.12061770108117088        1.3315355655695280E-008   6.4303639156285417     
   123.83141762467243        6.2766932073590118E-002   3.9055880158303198E-002 -0.12076977584877968        1.3856334925383426E-008   6.3370537839993286     
   124.03575989798047        6.2846574224229707E-002   3.9137689293931049E-002 -0.12083986193304155        1.4348963921159255E-008   6.4397744477192900     
   124.24010217128851        6.2915491924248876E-002   3.9240994086200159E-002 -0.12087441637462171        1.4513977863134585E-008   6.4129029767933430     
   124.44444444459654        6.3032132892326162E-002   3.9329598809223723E-002 -0.12100165240850103        1.4522434715093825E-008   6.4889186160944456     
   124.64878671790458        6.3151703384361421E-002   3.9314134468312674E-002 -0.12116800975100633        1.4867007869603388E-008   6.3993039642874052     
   124.85312899121263        6.3186051470645585E-002   3.9353492987380681E-002 -0.12121257741014424        1.4749269534084508E-008   6.5014068769233742     
   125.05747126452067        6.3164471577031617E-002   3.9413731117054054E-002 -0.12115257245920814        1.4068635117541875E-008   6.6119091684361546     
   125.26181353782870        6.3140927916338727E-002   3.9429903682309787E-002 -0.12107464299449433        1.4265952337282421E-008   6.6503232601890314     
   125.46615581113674        6.3122070835350222E-002   3.9402980134320545E-002 -0.12100948007454769        1.5480222009477040E-008   6.5420009588761001     
   125.67049808444479        6.3068614239022755E-002   3.9327698267447461E-002 -0.12090528515210958        1.5759711867175630E-008   6.4909372193386075     
   125.87484035775283        6.3028216654579278E-002   3.9238703477525505E-002 -0.12079982839636998        1.5902893355360840E-008   6.4291999226222076     
   126.07918263106087        6.2980453778753553E-002   3.9198453626937420E-002 -0.12069889170776252        1.5686842480483955E-008   6.6077706108180907     
   126.28352490436890        6.2922481103867237E-002   3.9130425186521392E-002 -0.12059920577922903        1.5094088235027943E-008   6.4824582073413088     
   126.48786717767695        6.2865482424759297E-002   3.9070996626758822E-002 -0.12048823614269599        1.5457251170209168E-008   6.5475580993997395     
   126.69220945098499        6.2810431002564268E-002   3.9028840021378942E-002 -0.12039376987845643        1.5288899562569750E-008   6.5590471421665519     
   126.89655172429303        6.2767732299163506E-002   3.9053180815765184E-002 -0.12034224020364190        1.6050883590078530E-008   6.5404030599492442     
   127.10089399760108        6.2727677694845510E-002   3.9159398006428814E-002 -0.12026913062887487        1.5823171823141030E-008   6.6555740276771154     
   127.30523627090911        6.2692680574970155E-002   3.9158906190104502E-002 -0.12021167034727426        1.6017026270995121E-008   6.6054438309535657     
   127.50957854421715        6.2690387918296786E-002   3.9088085436474650E-002 -0.12022555318706307        1.6068538301005852E-008   6.6181438458649886     
