   1.2500000000000178E-002  0.83036057077041203       0.71830208599948797        2.0262109674942410       0.46255119017148705        1.1703752879447145       0.53457736114665977        2.4661265037112869     
   3.7500000000000089E-002  0.83332000255950844       0.71258318402866638        2.0096541464038902       0.46751023803429737        1.1570978372152545       0.53557716918351672        2.4145364090094699     
   6.2500000000000000E-002  0.83204024827233158       0.71622248528282562        1.9945770412080879       0.46906993857179419        1.1468598029178396       0.53433740721781409        2.3325521499872024     
   8.7500000000000133E-002  0.81908273611466587       0.72686044279498330        1.9790600204760684       0.45231315587407211        1.1466598413104683       0.53573713846941384        2.2082160225236751     
  0.11250000000000004       0.83423982595341684       0.72410097261325812        1.9153522523675452       0.47070962375223951        1.1514189275659072       0.54497536472997177        2.0990369848988992     
  0.13750000000000018       0.82340190683388781       0.72882006654722287        1.8594829792679803       0.46835007678525720        1.1382614538008702       0.53969637829536721        1.9844189915536214     
  0.16250000000000009       0.82432173022779620       0.73409905298182743        1.8125719861786536       0.47174942411057069        1.1241841566419246       0.54333567954952644        1.8558036856923468     
  0.18750000000000022       0.83343997952393134       0.72362106475556687        1.7575825441515227       0.47402898643460450        1.1115865753775274       0.54589518812388016        1.7193098925006396     
  0.21250000000000013       0.84127847453288962       0.73173950601484505        1.6937947914000511       0.48530682109035062        1.0927501919631430       0.55817283081648317        1.6180093422062962     
  0.23750000000000004       0.83260014077297151       0.73933804709495765        1.6077713079088813       0.49458503967238282        1.0950297542871767       0.56097229331968257        1.5072306117225491     
  0.26250000000000018       0.82784105451753254       0.75309540568210898        1.5462231251599692       0.49626471717430248        1.0666352060404400       0.55877271563859732        1.4112890325057588     
  0.28750000000000009       0.84619753007422560       0.74205752495520849        1.4855947658049653       0.50102380342974140        1.0620760813923726       0.57640932940875345        1.3207864090094701     
  0.31250000000000022       0.84363802149987188       0.76657281801894028        1.3977716278474532       0.51470117737394416        1.0647555669311490       0.57217014333248006        1.2346829408753517     
  0.33750000000000013       0.84951689275659059       0.76113386229843860        1.3296647043767595       0.51846045559252618        1.0352412336831327       0.60104459943690802        1.1556981059636549     
  0.36250000000000004       0.85579568722805210       0.76249360122856402        1.2494401074993600       0.53409745328896840        1.0350412720757614       0.60488386229843860        1.0834319810596365     
  0.38750000000000018       0.86095469669823388       0.77721077553109796        1.1859323009982081       0.54137605579728687        1.0052869848988992       0.61180253391348849        1.0190843358075248     
  0.41250000000000009       0.86903314563603773       0.79088814947530062        1.1109466982339389       0.55005438955720498       0.99616873560276420       0.63483811108267207       0.94305893268492436     
  0.43750000000000022       0.88830944458663930       0.79960647555669306        1.0364410033273610       0.57085039672382898       0.98525083184028650       0.64555605323777832       0.88183068850780644     
  0.46250000000000013       0.88047094957768102       0.80792487842334260       0.98149155362170448       0.57009054261581771       0.97165344253903241       0.66143300486306622       0.83583951881238794     
  0.48750000000000004       0.90162688763757348       0.81160417199897605       0.89758766316867156       0.59108651138981305       0.96865401842846166       0.70142532633734311       0.78540920143332471     
  0.51250000000000018       0.91050518300486294       0.82636133862298433       0.83791911952905029       0.60340414640389040       0.95161728948041968       0.70174526490913736       0.72929997440491412     
  0.53750000000000009       0.91330464550806234       0.83939883542359861       0.77569106731507542       0.63351836447402088       0.94441867161504978       0.72750031993857167       0.69726612490401829     
  0.56250000000000022       0.93442059124648058       0.87359227028410535       0.72490081904274373       0.66307269004351155       0.93598029178397735       0.74709655746096737       0.65423438699769632     
  0.58750000000000013       0.95469669823393899       0.88443018940363438       0.67099116969541839       0.68578832864090089       0.92958152034809305       0.77049206552341942       0.62691963143076523     
  0.61250000000000004       0.96817411057077030       0.89810756334783715       0.62104076017404652       0.71118345277706674       0.91834367801382122       0.80812484003071405       0.58812707960071664     
  0.63750000000000018       0.99668863578192979       0.91522427693882769       0.57940875351932419       0.73813827745072935       0.92494241105707697       0.84067858971077547       0.54893460455592524     
  0.66250000000000009        1.0180045431277194       0.95601644484259007       0.53389749168159706       0.78488930125415912       0.91650403122600455       0.88754959047862803       0.51382134630151000     
  0.68750000000000022        1.0379207192219093       0.99456904274379310       0.49686460199641663       0.82468166112106467       0.89098893012541580       0.91746384694138716       0.48598669055541333     
  0.71250000000000013        1.0607963271051957        1.0241633606347580       0.45571250319938567       0.86379415152290751       0.89578800870232900       0.98277130790888134       0.46279114410033267     
  0.73750000000000004        1.0879111210647554        1.0555573329920653       0.42243889173278726       0.93026138981315576       0.89270859994880969        1.0557173022779625       0.44083535961095466     
  0.76250000000000018        1.1286233043255693        1.0989889941131301       0.39980323777834653       0.98861018684412583       0.89434828512925513        1.1230243793191705       0.41620008958280008     
  0.78750000000000009        1.1584975684668541        1.1533785513181467       0.37056885078065005        1.0682348988994113       0.89242865369848978        1.2120072945994367       0.39636389813155870     
  0.81250000000000022        1.2024491297670845        1.2112074481699513       0.34137445610442790        1.1750943818786792       0.89810756334783715        1.2856731507550549       0.37228852060404399     
  0.83750000000000013        1.2322434092654209        1.2979108011261835       0.32009854108011260        1.3093086127463525       0.90142692603020214        1.4167279882262604       0.35369209111850519     
  0.86250000000000004        1.2875127975428715        1.3660977092398259       0.30546135142052722        1.4702777066803172       0.91170495264909124        1.5632598541080112       0.33869497056565134     
  0.88750000000000018        1.3417823777834654        1.4917535833120039       0.28246576657281797        1.6985938699769643       0.91986338622984376        1.7615817762989503       0.32809700537496794     
  0.91250000000000009        1.3807748912208855        1.6216086511389811       0.26770859994880980        2.0082144228308163       0.93154114410033262        2.0149731251599690       0.30374168159713333     
  0.93750000000000022        1.4346845405682107        1.8122120552853851       0.25335135653954438        2.5141572818018938       0.94669823393908359        2.3869017148707443       0.30226196570258507     
  0.96250000000000013        1.4828352956232402        2.0966374456104426       0.23203544919375477        3.4636549782441768       0.96381494753007413        2.9639909137445608       0.28970437675966210     
  0.98750000000000004        1.5407041847965188        2.5545095341694393       0.23111562579984640        6.7609418991553616        1.0142052725876631        4.2311076273355512       0.27438731763501406     
