           0           0           0           0
  0.11412268188296101        1.1642737832208011E-002   6.7526339981394110E-002  -2.2734164159271118E-002   1.6587827977153428E-008   4.7501232742680486     
  0.22824536376592203        3.4554196794961613E-002   7.0952732453037459E-002  -6.7275325651919377E-002   1.8136539260902672E-008   4.8859795294461446     
  0.34236804564888301        5.6766052239125189E-002   7.4223689744553761E-002 -0.10951666535378093        1.8635402855897998E-008   4.8891427045506086     
  0.45649072753184405        7.7733942728623717E-002   7.7083908627399056E-002 -0.14856410628264816        1.8486739077402954E-008   4.8164356718150136     
  0.57061340941480510        9.7078033352288928E-002   7.9380928254724814E-002 -0.18388305957281451        1.7992529463562679E-008   4.7074338881391187     
  0.68473609129776603       0.11455846844518185        8.1081395773632089E-002 -0.21521789967405947        1.7283907891907163E-008   4.5702256556058813     
  0.79885877318072707       0.13005874907691306        8.2242351278546511E-002 -0.24254255612859404        1.6504238823002828E-008   4.4263090647155190     
  0.91298145506368811       0.14355904454713816        8.2919810053627405E-002 -0.26599633522905203        1.5766134251860095E-008   4.3015716136391413     
   1.0271041369466491       0.15512645163379932        8.3166346775803784E-002 -0.28584342126711948        1.5091469392351246E-008   4.2028918882037525     
   1.1412268188296102       0.16489498330013044        8.3064818994909806E-002 -0.30241686759453812        1.4465839266785580E-008   4.1182785259077743     
   1.2553495007125712       0.17303309270485742        8.2710166359943924E-002 -0.31607935087482436        1.3896272368974925E-008   4.0489817701001112     
   1.3694721825955321       0.17972698075449087        8.2195942879994405E-002 -0.32719512521866756        1.3399486791570956E-008   3.9962033080906183     
   1.4835948644784931       0.18516697075065067        8.1607915001577963E-002 -0.33611681938350080        1.2969925768299252E-008   3.9602830951693151     
   1.5977175463614541       0.18952262881226800        8.1024109782513759E-002 -0.34316114423813926        1.2585715585102578E-008   3.9401647958226205     
   1.7118402282444152       0.19293633427107090        8.0492717449731452E-002 -0.34859183494658746        1.2204735029792715E-008   3.9379058365445569     
   1.8259629101273762       0.19554112517285618        8.0029566743477290E-002 -0.35265882093272605        1.1809680508221653E-008   3.9413159975819800     
   1.9400855920103373       0.19745361000625244        7.9633973116823228E-002 -0.35557477475020660        1.1414672045778676E-008   3.9457572203831637     
   2.0542082738932983       0.19878316085307965        7.9327193468007026E-002 -0.35752428927160457        1.0994639478802593E-008   3.9552626610214867     
   2.1683309557762591       0.19961823225150671        7.9099482850629829E-002 -0.35865944305339731        1.0607622771085986E-008   3.9671238536470477     
   2.2824536376592204       0.20003476183852276        7.8924317449712164E-002 -0.35910514186375653        1.0247948452849486E-008   3.9824217592496343     
   2.3965763195421812       0.20010107915530440        7.8785159183085610E-002 -0.35897188192200657        9.9436610692651687E-009   3.9953812555102699     
   2.5106990014251425       0.19987720824823749        7.8706511035643911E-002 -0.35836277308891801        9.6385704805108951E-009   4.0044412246371239     
   2.6248216833081033       0.19940331365338446        7.8700157252441866E-002 -0.35735499871511384        9.3543082947794923E-009   4.0210535500620379     
   2.7389443651910641       0.19870495100459701        7.8733712662080221E-002 -0.35600207124709726        9.0322939548627711E-009   4.0350071813376029     
   2.8530670470740254       0.19782459034867983        7.8786736685635475E-002 -0.35437633299822363        8.7308785481754388E-009   4.0411063348032039     
   2.9671897289569862       0.19681836711584347        7.8837324931755895E-002 -0.35256322468590295        8.4651210046734105E-009   4.0414712031353668     
   3.0813124108399474       0.19573135154588403        7.8899808036384758E-002 -0.35062879055497054        8.2414487255381574E-009   4.0387518540744916     
   3.1954350927229083       0.19459399203775510        7.8993530981443710E-002 -0.34861412122960339        8.0292825388881770E-009   4.0365787335877759     
   3.3095577746058695       0.19341559215491883        7.9145575460424389E-002 -0.34653958787745676        7.8394357235114739E-009   4.0283027445263428     
   3.4236804564888303       0.19220057551460792        7.9328401291802367E-002 -0.34441625580013785        7.6796497119496273E-009   4.0308085449191795     
   3.5378031383717916       0.19095132817673471        7.9532537944871889E-002 -0.34225177165047710        7.4927250364073783E-009   4.0463412325245010     
   3.6519258202547524       0.18966323846652544        7.9721329925609513E-002 -0.34004333871861725        7.2658005836197597E-009   4.0531759465220745     
   3.7660485021377132       0.18835104117744600        7.9861593206350390E-002 -0.33780896704013841        7.0572308321532862E-009   4.0414366423863761     
   3.8801711840206745       0.18704555232153744        7.9971330912102054E-002 -0.33558711057513829        6.9055794046097906E-009   4.0271900619397254     
   3.9942938659036353       0.18576027833191605        8.0102542953008921E-002 -0.33339659961721407        6.8036108334372237E-009   4.0318880082824027     
   4.1084165477865966       0.18449565927550493        8.0257362686942155E-002 -0.33124118803031566        6.7456234657466920E-009   4.0456081493058882     
   4.2225392296695574       0.18325597982188119        8.0418080203299547E-002 -0.32912952784350258        6.6768012039082873E-009   4.0498131798398873     
   4.3366619115525182       0.18204343911937199        8.0587351002058494E-002 -0.32706563002777023        6.5921634537192005E-009   4.0520895189906980     
   4.4507845934354799       0.18085473268613603        8.0760966081700969E-002 -0.32504415058241209        6.5445771306400149E-009   4.0522141004017289     
   4.5649072753184408       0.17969438222568529        8.0904577990961513E-002 -0.32306893948738358        6.5655677907752953E-009   4.0499629697534001     
   4.6790299572014016       0.17856676865417256        8.1032582374083423E-002 -0.32113834236734495        6.6281759191598113E-009   4.0472288071999802     
   4.7931526390843624       0.17746290513776958        8.1165077826541837E-002 -0.31924239904409213        6.6641657023068711E-009   4.0538001818565084     
   4.9072753209673232       0.17637120487039953        8.1316900515626900E-002 -0.31737216697010162        6.6566288886182434E-009   4.0701497804222093     
   5.0213980028502849       0.17529379969820566        8.1446384049617113E-002 -0.31553398981315706        6.6178263922248192E-009   4.0809957328553068     
   5.1355206847332457       0.17424207861643887        8.1544681100186076E-002 -0.31374013982036630        6.5396331900626093E-009   4.0671870331663058     
   5.2496433666162066       0.17321821667625478        8.1622773319376493E-002 -0.31199236001476005        6.4713124193985368E-009   4.0547274701001079     
   5.3637660484991674       0.17223139834233864        8.1673339628611591E-002 -0.31030613570598664        6.3939854312473130E-009   4.0384096124311055     
   5.4778887303821282       0.17128173521308510        8.1696047188469303E-002 -0.30867944107034428        6.3514571980124259E-009   4.0181706397249277     
   5.5920114122650899       0.17036846045743018        8.1700658834500325E-002 -0.30710826148232861        6.3465841803936096E-009   4.0014403099734839     
   5.7061340941480507       0.16949781564346503        8.1703572550047149E-002 -0.30560325415203138        6.3638324655822674E-009   3.9955430057052825     
   5.8202567760310115       0.16866051585828246        8.1735737910718947E-002 -0.30415734864103128        6.3524581008522243E-009   3.9946630815781305     
   5.9343794579139724       0.16784711405362229        8.1797834754241364E-002 -0.30276559238131984        6.3506758009205471E-009   3.9973088149623961     
   6.0485021397969341       0.16705941119362536        8.1872445926402318E-002 -0.30142758821874738        6.3391044713415120E-009   3.9993175772990717     
   6.1626248216798949       0.16630091691283791        8.1931437755207018E-002 -0.30014107249062194        6.3542623694355509E-009   3.9975639037968413     
   6.2767475035628557       0.16557391382793799        8.1972842601061094E-002 -0.29890917641327241        6.3539552014662678E-009   3.9885514255603240     
   6.3908701854458165       0.16488533553448795        8.2026930476619853E-002 -0.29773859655120077        6.3467159511432159E-009   3.9830544367591187     
   6.5049928673287774       0.16423201429956685        8.2082729696514284E-002 -0.29662769266937294        6.3541817550700698E-009   3.9850140898937370     
   6.6191155492117391       0.16361556310967806        8.2140375517702577E-002 -0.29557736722163025        6.3563971901503725E-009   3.9887201971011605     
   6.7332382310946999       0.16303160876083317        8.2209665605648199E-002 -0.29457193879361576        6.3578311804033184E-009   3.9938738869376449     
   6.8473609129776607       0.16247386113899759        8.2291837648785462E-002 -0.29360359661073077        6.3226271333158374E-009   3.9911674238844506     
   6.9614835948606215       0.16193539452892960        8.2374712633473277E-002 -0.29266688732209123        6.3249291739891279E-009   3.9883430774396298     
   7.0756062767435832       0.16141829751980966        8.2416044404595531E-002 -0.29176812617318831        6.3360516807843086E-009   3.9828855701780363     
   7.1897289586265440       0.16093285569907056        8.2427730518918149E-002 -0.29092105202740037        6.3482470883346029E-009   3.9712939497071553     
   7.3038516405095049       0.16048859613869049        8.2431234182465896E-002 -0.29013338047630083        6.3411014715981900E-009   3.9676711588960245     
   7.4179743223924657       0.16008234176870462        8.2448277424756938E-002 -0.28939810055950443        6.3099473306324243E-009   3.9684552939081934     
   7.5320970042754265       0.15970187558213461        8.2468412244567038E-002 -0.28869815684837130        6.2961259681574311E-009   3.9715428761996434     
   7.6462196861583882       0.15935399974370715        8.2477347452520999E-002 -0.28804608605491461        6.2905027353877447E-009   3.9740703160135116     
   7.7603423680413490       0.15903669482422600        8.2472241015220632E-002 -0.28744425098581655        6.2913166409727000E-009   3.9756358087749746     
   7.8744650499243098       0.15874759061081381        8.2447380411768745E-002 -0.28689036896957026        6.3001153890535150E-009   3.9675152721513158     
   7.9885877318072707       0.15848945047129417        8.2412499566695399E-002 -0.28638507012736170        6.3386755153307815E-009   3.9525151370200660     
   8.1027104136902324       0.15825099379669968        8.2399549499341890E-002 -0.28591520814501764        6.3764027113337414E-009   3.9477147927179459     
   8.2168330955731932       0.15802039756550915        8.2402451791992987E-002 -0.28546890403720987        6.4217186352822707E-009   3.9454531234407315     
   8.3309557774561540       0.15778859369452239        8.2392362092636034E-002 -0.28503886423734243        6.4215990481949818E-009   3.9329363610702686     
   8.4450784593391148       0.15756111458348482        8.2386201044934354E-002 -0.28463147164269120        6.3592423516761338E-009   3.9099660249962169     
   8.5592011412220756       0.15734446228236121        8.2392372087622012E-002 -0.28424771371243540        6.3171252861710223E-009   3.8919536404385440     
   8.6733238231050365       0.15713663380561510        8.2400814062597416E-002 -0.28387847909306635        6.2943521618887160E-009   3.8814677208670116     
   8.7874465049879973       0.15694466982029551        8.2407023591049705E-002 -0.28353569363431574        6.3001143614203709E-009   3.8833022078327106     
   8.9015691868709599       0.15677115598926725        8.2386686232497480E-002 -0.28322219152107431        6.3037739907176369E-009   3.8913346126633996     
   9.0156918687539207       0.15661597757023119        8.2340084237056216E-002 -0.28293434140178320        6.3154755836607725E-009   3.8856134410788452     
   9.1298145506368815       0.15647724151599493        8.2298924958483885E-002 -0.28266704888594429        6.3101235550788654E-009   3.8819173695118461     
   9.2439372325198423       0.15634883130822774        8.2289319901076921E-002 -0.28240915298438030        6.3396505376549699E-009   3.8852982593927701     
   9.3580599144028032       0.15622428047122908        8.2290899873031648E-002 -0.28215701451412872        6.3537413995899828E-009   3.8962429965839154     
   9.4721825962857640       0.15609428529347866        8.2305591880867016E-002 -0.28190604868681307        6.3421975657183994E-009   3.8895890192186005     
   9.5863052781687248       0.15595375019189411        8.2302153448241544E-002 -0.28165019629660737        6.3488703608382501E-009   3.8756203842671781     
   9.7004279600516856       0.15580837664762087        8.2272406853276650E-002 -0.28139651383551995        6.3427147974368967E-009   3.8593320426247475     
   9.8145506419346464       0.15565903576967141        8.2227047171987921E-002 -0.28114573498217243        6.3377079807640487E-009   3.8429253189366843     
   9.9286733238176090       0.15551800164024479        8.2188307882185521E-002 -0.28091031785489279        6.3456433127450912E-009   3.8290127023100542     
   10.042796005700570       0.15538106513168493        8.2186727579867391E-002 -0.28068576160870945        6.3316692287271775E-009   3.8252230882068123     
   10.156918687583531       0.15522743027155461        8.2235172416728702E-002 -0.28044608626868806        6.3131847202044111E-009   3.8265049676703224     
   10.271041369466491       0.15505210024832122        8.2279642670421135E-002 -0.28018362014232701        6.3163909328827461E-009   3.8367867170825734     
   10.385164051349452       0.15486541496840689        8.2274914387694534E-002 -0.27990823880464205        6.3038522297665416E-009   3.8344349940007976     
   10.499286733232413       0.15468438626386913        8.2237896870587884E-002 -0.27963419360501440        6.2756924488803083E-009   3.8223357523511003     
   10.613409415115374       0.15452050255206706        8.2220322489916453E-002 -0.27937399897712450        6.2229833196221214E-009   3.8122707357115875     
   10.727532096998335       0.15436973831520270        8.2242908849147825E-002 -0.27912530512411315        6.1614955268097538E-009   3.8098895819454039     
   10.841654778881296       0.15423103825590948        8.2288347722794031E-002 -0.27888913286999834        6.1150745057000133E-009   3.8062588629513652     
   10.955777460764256       0.15411205982708262        8.2318081937141740E-002 -0.27867449439639796        6.1051750797768926E-009   3.8035182731270658     
   11.069900142647219       0.15402810979623122        8.2307097629844297E-002 -0.27849569408245278        6.1001383610088511E-009   3.7949794746720760     
   11.184022824530180       0.15398345807942920        8.2282458848044540E-002 -0.27835667828715088        6.0924376220181290E-009   3.7899733129029585     
   11.298145506413141       0.15396651278138956        8.2292095004302318E-002 -0.27824403358813332        6.0822885517460381E-009   3.7886422346894255     
   11.412268188296101       0.15395936614035496        8.2311066352050433E-002 -0.27813945592242795        6.1338473056295446E-009   3.7852345158801115     
   11.526390870179062       0.15394780791471688        8.2300546451445494E-002 -0.27802390767590895        6.1881662635230992E-009   3.7817805699124425     
   11.640513552062023       0.15392712506435752        8.2305597916130374E-002 -0.27788959254467566        6.2229250298142567E-009   3.7801936112732171     
   11.754636233944984       0.15387946353480630        8.2345917076728586E-002 -0.27772021896833127        6.2427690639254492E-009   3.7891405053922225     
   11.868758915827945       0.15379328472813872        8.2399943068963671E-002 -0.27751020358463674        6.2478365797440234E-009   3.7938133703388521     
   11.982881597710906       0.15368044803499462        8.2436565280392587E-002 -0.27727553609790534        6.2508310009221020E-009   3.7946833978506809     
   12.097004279593868       0.15355770273888739        8.2451937653826829E-002 -0.27703605016523902        6.2341368071687752E-009   3.7907279570146670     
   12.211126961476829       0.15343414773445035        8.2461886419016611E-002 -0.27680438778718131        6.2179029536068494E-009   3.7853089560608115     
   12.325249643359790       0.15331395638191581        8.2484614210454277E-002 -0.27658546256669758        6.2163796901763066E-009   3.7868078999930970     
   12.439372325242751       0.15320169077985399        8.2512980222282137E-002 -0.27638228753325722        6.2493436544181203E-009   3.7879916010791392     
   12.553495007125711       0.15310223635405967        8.2542843808096372E-002 -0.27619732460602087        6.2997851872930809E-009   3.7913133898504201     
   12.667617689008672       0.15301242415610086        8.2589769314888012E-002 -0.27602298423209704        6.3230326560881075E-009   3.7937990380317386     
   12.781740370891633       0.15292395442781873        8.2667498446935148E-002 -0.27585148356826855        6.3408610584274731E-009   3.7959741674324055     
   12.895863052774594       0.15283213956277938        8.2771224595932891E-002 -0.27568440947315920        6.3519584248963005E-009   3.8037032016136076     
   13.009985734657555       0.15272935442061961        8.2879724724491385E-002 -0.27551246801858575        6.3631234863732451E-009   3.8118078105487676     
   13.124108416540517       0.15261730477215218        8.2957963950325578E-002 -0.27533199444984385        6.3818736838175571E-009   3.8212423809292289     
   13.238231098423478       0.15250621183941673        8.2990377728599130E-002 -0.27515306177524673        6.3949089436269914E-009   3.8246895401631411     
   13.352353780306439       0.15240742848242253        8.2992302994933501E-002 -0.27498677837559243        6.4024300570705908E-009   3.8193322830714780     
   13.466476462189400       0.15232326970142537        8.3000535597095304E-002 -0.27483611238651673        6.4182044372032163E-009   3.8113663914896732     
   13.580599144072361       0.15225232543207695        8.3030782184007848E-002 -0.27470340225675083        6.4328010722702216E-009   3.8132480121866106     
   13.694721825955321       0.15219631789680804        8.3094701205012805E-002 -0.27459494648947347        6.3985616687268984E-009   3.8240410345766116     
   13.808844507838282       0.15213896459792325        8.3190821774499130E-002 -0.27449554177045576        6.3618576051239540E-009   3.8363765878269582     
   13.922967189721243       0.15207088393141685        8.3278006936312224E-002 -0.27439274405783853        6.3548709100206263E-009   3.8524202714163924     
   14.037089871604204       0.15200505419136237        8.3327256515186118E-002 -0.27430161149061316        6.3749190041574559E-009   3.8660847914414260     
   14.151212553487166       0.15195266202428848        8.3335815939556163E-002 -0.27423424422472553        6.4075838278924152E-009   3.8780108259017760     
   14.265335235370127       0.15192113292094500        8.3311165457612329E-002 -0.27419889794838526        6.4204341030981413E-009   3.8889826891221273     
   14.379457917253088       0.15191278970993513        8.3289207392545209E-002 -0.27419818016579095        6.3924689130964057E-009   3.8897550070964551     
   14.493580599136049       0.15191650255576314        8.3281846931121423E-002 -0.27422266926966210        6.3954542956271043E-009   3.8905255594703916     
   14.607703281019010       0.15192185026724414        8.3278224181834407E-002 -0.27425547525500887        6.3921964293736187E-009   3.8983513411971051     
   14.721825962901971       0.15192262140159821        8.3289532711731354E-002 -0.27428175201642546        6.3811055537096701E-009   3.8977004799044361     
   14.835948644784931       0.15192034046354982        8.3302839510501089E-002 -0.27430618885026625        6.4039997264819521E-009   3.8891442796632183     
   14.950071326667892       0.15192194581708848        8.3310215721724742E-002 -0.27433319730663164        6.4624611705312051E-009   3.8885009346436390     
   15.064194008550853       0.15192648374384793        8.3318407875670186E-002 -0.27435698356397925        6.5069393244898191E-009   3.9034447052987837     
   15.178316690433816       0.15192814676132183        8.3331480986441053E-002 -0.27437308651612019        6.5103973132897097E-009   3.9181075566208521     
   15.292439372316776       0.15192726713433466        8.3359920420233727E-002 -0.27437899529768900        6.4740309581273669E-009   3.9160356170489146     
   15.406562054199737       0.15192293262844275        8.3402682180056101E-002 -0.27437737313888722        6.4513441139751327E-009   3.9133279539081540     
   15.520684736082698       0.15190774446523783        8.3459493867552484E-002 -0.27435863066539412        6.4486182761316086E-009   3.9209644657278391     
   15.634807417965659       0.15187882861689680        8.3519276272246770E-002 -0.27432059987289026        6.4459145415175006E-009   3.9287107195522859     
   15.748930099848620       0.15184327579661863        8.3576792603876945E-002 -0.27427974361656515        6.4563301527954389E-009   3.9331213074899063     
   15.863052781731581       0.15180503503403123        8.3613496345892852E-002 -0.27423749583873225        6.4733913145559884E-009   3.9373289250841257     
   15.977175463614541       0.15177301935376514        8.3646710847090230E-002 -0.27420415426520134        6.4894028489397096E-009   3.9485319882569048     
   16.091298145497504       0.15175546225885489        8.3690086566185026E-002 -0.27419465177842661        6.5036000500368614E-009   3.9661770158576255     
   16.205420827380465       0.15174856892567454        8.3733982843608654E-002 -0.27420223471930399        6.5079911942488373E-009   3.9731600407174095     
   16.319543509263426       0.15174574765874249        8.3769174127512086E-002 -0.27421378670193303        6.5091316991737446E-009   3.9768174497895719     
   16.433666191146386       0.15175025208118079        8.3791760814403510E-002 -0.27423164761035013        6.5057850558981557E-009   3.9936465871717801     
   16.547788873029347       0.15176207569344771        8.3788847537605446E-002 -0.27425324668738765        6.4820627783509445E-009   4.0041062545173158     
   16.661911554912308       0.15178067481899604        8.3759617769747788E-002 -0.27427297888422902        6.4617385993043515E-009   4.0033139325272913     
   16.776034236795269       0.15181023861525011        8.3720802282865187E-002 -0.27430018607788376        6.4475417538736723E-009   3.9989019536958561     
   16.890156918678230       0.15185211321844272        8.3683635873089621E-002 -0.27433930276808666        6.4379103562833920E-009   4.0034435448499694     
   17.004279600561190       0.15189940746944519        8.3669162479924480E-002 -0.27438096702057008        6.4449704719079493E-009   4.0048005769269270     
   17.118402282444151       0.15194077390373850        8.3699407637797277E-002 -0.27441362510957346        6.4584302851901778E-009   4.0095016927305140     
   17.232524964327112       0.15195899844037805        8.3781849450136919E-002 -0.27441286684702665        6.4831203161973614E-009   4.0338652346268002     
   17.346647646210073       0.15194791845680808        8.3869351973893141E-002 -0.27437511452393792        6.5199021028601069E-009   4.0429754401282274     
   17.460770328093034       0.15191444872038976        8.3931312232275360E-002 -0.27430965652145578        6.5408340315436605E-009   4.0402704036549997     
   17.574893009975995       0.15186052154828716        8.4011226225537292E-002 -0.27421599494206184        6.5433672256681513E-009   4.0496855861445535     
   17.689015691858955       0.15178541926398553        8.4066203378291626E-002 -0.27409551685607458        6.5607987133251025E-009   4.0566944083167771     
   17.803138373741920       0.15170647185435052        8.4061466566087886E-002 -0.27396120089351067        6.5588127826926205E-009   4.0528878138207665     
   17.917261055624881       0.15163078393664553        8.4044358141883491E-002 -0.27381507442697745        6.5437892527342658E-009   4.0605551825000319     
   18.031383737507841       0.15155929829722478        8.4024403692779193E-002 -0.27366284738516744        6.5585896516139742E-009   4.0715798236917582     
   18.145506419390802       0.15150271672424123        8.4004345104831901E-002 -0.27352366771233932        6.5580035742368330E-009   4.0717032881080391     
   18.259629101273763       0.15145915190900822        8.4002546263332312E-002 -0.27340202492054599        6.5712745601440298E-009   4.0775026230187263     
   18.373751783156724       0.15142300124632277        8.4000156074340346E-002 -0.27329154870213762        6.6283298566515694E-009   4.0743228291602005     
   18.487874465039685       0.15139005844817882        8.3980123954541963E-002 -0.27319042570665164        6.6976658159956059E-009   4.0763072769563884     
   18.601997146922645       0.15135239276339923        8.3970186168723024E-002 -0.27309112300601679        6.7369359468660679E-009   4.0883888251178053     
   18.716119828805606       0.15130253929414003        8.3946875645326380E-002 -0.27297989452603016        6.7798173482031750E-009   4.0840778030835354     
   18.830242510688567       0.15125263693749180        8.3904730445233500E-002 -0.27287200524562216        6.7909374951205626E-009   4.0677550851389004     
   18.944365192571528       0.15121245802929714        8.3903723487548709E-002 -0.27278224648868177        6.7870953525933258E-009   4.0559618548046252     
   19.058487874454489       0.15117379234523834        8.3956584165190903E-002 -0.27270312475018299        6.7835441882080110E-009   4.0690195328450072     
   19.172610556337450       0.15112631702289897        8.4032454101576767E-002 -0.27262118077306563        6.8066561471361805E-009   4.0862036044492278     
   19.286733238220410       0.15106737743458520        8.4114528629720117E-002 -0.27253051914792081        6.8300478652463128E-009   4.1019906983703978     
   19.400855920103371       0.15098936338889887        8.4185786288809225E-002 -0.27242548406233785        6.8448019185104823E-009   4.1067556130353919     
   19.514978601986332       0.15090046632468293        8.4227735973888870E-002 -0.27231643310518067        6.8105388995199151E-009   4.0994724225193924     
   19.629101283869293       0.15082764450126748        8.4241019652806559E-002 -0.27223731813258639        6.7624100297986261E-009   4.0886339523595723     
   19.743223965752254       0.15079745027303676        8.4236040947058874E-002 -0.27221887417876250        6.7433001081220344E-009   4.0667829383487080     
   19.857346647635218       0.15082178896176310        8.4260937030278760E-002 -0.27227472238862205        6.7792255864267311E-009   4.0566290309601092     
   19.971469329518179       0.15088444654113364        8.4347165906386731E-002 -0.27238647792384418        6.7973709984552803E-009   4.0637514379260633     
   20.085592011401140       0.15096292224724506        8.4477565140932465E-002 -0.27252419915154596        6.7742537880747942E-009   4.0696043894989566     
   20.199714693284101       0.15103912481704468        8.4603609625431911E-002 -0.27266538461818496        6.7794662345115993E-009   4.0804025617469337     
   20.313837375167061       0.15111377596910031        8.4717120985391942E-002 -0.27280792539087739        6.7723812434305830E-009   4.0914450742966793     
   20.427960057050022       0.15118302172126211        8.4815770769660098E-002 -0.27294156219129001        6.8082274917826201E-009   4.1008618003986186     
   20.542082738932983       0.15124532430010743        8.4885006854975853E-002 -0.27305998847796153        6.8473929968868508E-009   4.1096128481168730     
   20.656205420815944       0.15130591864190393        8.4968189821697154E-002 -0.27316989715457712        6.8833086448717237E-009   4.1100690703258893     
   20.770328102698905       0.15136435703179321        8.5072849618327659E-002 -0.27326896100899689        6.9075427337080529E-009   4.1127795872188049     
   20.884450784581865       0.15142780797606670        8.5225414676601968E-002 -0.27336580703223506        6.8676626005479582E-009   4.1050103214272573     
   20.998573466464826       0.15148537808915322        8.5413590728612515E-002 -0.27344946047206892        6.8556371477426924E-009   4.1062366598523337     
   21.112696148347787       0.15153038318761317        8.5592580060540296E-002 -0.27351902622730134        6.8192644650193389E-009   4.1083193576455574     
   21.226818830230748       0.15156516645598248        8.5785700683716215E-002 -0.27358501025058607        6.7657675254835383E-009   4.1237561120604163     
   21.340941512113709       0.15158401854421602        8.5940697180362388E-002 -0.27363190439857094        6.7799165562699604E-009   4.1411906992629612     
   21.455064193996670       0.15159824339535755        8.6036856853769619E-002 -0.27366927939297420        6.7901247594000821E-009   4.1329889924737611     
   21.569186875879630       0.15161454077184530        8.6134311875152178E-002 -0.27370660510426242        6.7912654197087416E-009   4.1373168600331347     
   21.683309557762591       0.15162554487950697        8.6261651606029943E-002 -0.27373171081092273        6.7815189448709744E-009   4.1491625656559421     
   21.797432239645552       0.15162147657488187        8.6402082190617291E-002 -0.27373210783757967        6.7658577957157985E-009   4.1441888480116891     
   21.911554921528513       0.15159524591169315        8.6549448516456226E-002 -0.27369879447139039        6.7548434177072830E-009   4.1483223986701105     
   22.025677603411477       0.15155145344557749        8.6652386261502887E-002 -0.27363813306357743        6.7736831486205753E-009   4.1423568390430781     
   22.139800285294438       0.15151205186197766        8.6727971605940479E-002 -0.27358542894718119        6.7591322537982747E-009   4.1399824713773175     
   22.253922967177399       0.15149160304888878        8.6803380999754570E-002 -0.27356376300273455        6.7254607253519669E-009   4.1423888808925380     
   22.368045649060360       0.15149831933812088        8.6843028277613254E-002 -0.27358047107733180        6.7229671251707945E-009   4.1470731539136381     
   22.482168330943320       0.15153963321797645        8.6853471850655076E-002 -0.27363354127992323        6.7384797567006522E-009   4.1412820414523308     
   22.596291012826281       0.15162113820605747        8.6871028660382016E-002 -0.27373128230900368        6.7603585356125142E-009   4.1318671660095578     
   22.710413694709242       0.15173328525049637        8.6919196842971627E-002 -0.27387305040423138        6.7546197459241564E-009   4.1311466242492774     
   22.824536376592203       0.15185621759576939        8.6989625445107022E-002 -0.27403438984287543        6.7288187708381474E-009   4.1259428044722535     
   22.938659058475164       0.15198947060404139        8.7033245380247773E-002 -0.27421542090020978        6.7459760370570986E-009   4.1203621468642959     
   23.052781740358125       0.15214190900948035        8.7061757585222721E-002 -0.27442989928225714        6.7379771634069292E-009   4.1218830822700347     
   23.166904422241085       0.15229517881396248        8.7130997545807484E-002 -0.27465373131662074        6.6793422680403134E-009   4.1245099301032075     
   23.281027104124046       0.15243003410218808        8.7196758655830625E-002 -0.27486262000213141        6.6308292407332951E-009   4.1276970566245588     
   23.395149786007007       0.15255728544812647        8.7195667041221475E-002 -0.27506502962147672        6.5807168015141155E-009   4.1079742059756086     
   23.509272467889968       0.15268628108846508        8.7181535682766209E-002 -0.27526233872187739        6.5374660883373404E-009   4.0785456949072785     
   23.623395149772929       0.15280112189745565        8.7189632742773762E-002 -0.27543442619934611        6.5302005114247057E-009   4.0694068553959513     
   23.737517831655889       0.15289304982447949        8.7233858956685353E-002 -0.27557266145000847        6.4980498306853011E-009   4.0638264058585127     
   23.851640513538850       0.15296425882732390        8.7307154793865832E-002 -0.27568887825018767        6.4533910142220452E-009   4.0534064582017093     
   23.965763195421811       0.15301634680401616        8.7409766867896282E-002 -0.27578226927880334        6.3547511951134559E-009   4.0408297742696124     
   24.079885877304775       0.15304761098732106        8.7533884218129770E-002 -0.27584650157544693        6.2785431866900463E-009   4.0366198980663777     
   24.194008559187736       0.15306638827495170        8.7606145669471169E-002 -0.27589460605688099        6.2332542528002316E-009   4.0325983143720672     
   24.308131241070697       0.15309085760832389        8.7608573515282104E-002 -0.27594606392149473        6.1891637876220355E-009   4.0186054212857023     
   24.422253922953658       0.15313303187706243        8.7577593355394417E-002 -0.27601436132984758        6.1840132194124717E-009   4.0069865981592008     
   24.536376604836619       0.15320011656775737        8.7564615395789774E-002 -0.27610972910324949        6.1981806368409048E-009   3.9996613775668397     
   24.650499286719580       0.15327913322757725        8.7572514111185176E-002 -0.27621605694079021        6.2287582822650109E-009   4.0039089802302552     
   24.764621968602540       0.15336500996633856        8.7578437296684700E-002 -0.27632944931467734        6.2066941213301333E-009   4.0077051255643319     
   24.878744650485501       0.15345895150914812        8.7596098618800577E-002 -0.27645959411403936        6.1401897295408745E-009   4.0071247875103886     
   24.992867332368462       0.15355573130947286        8.7625609744470243E-002 -0.27659888611266559        6.0808004849907756E-009   4.0102418475844184     
   25.106990014251423       0.15364352096620676        8.7666978947061866E-002 -0.27673191457455620        6.0402312838363051E-009   4.0164757277019811     
   25.221112696134384       0.15372199170725984        8.7703565923085217E-002 -0.27685845397172043        5.9960843200535770E-009   4.0069733924380921     
   25.335235378017344       0.15380052308711170        8.7761156656344416E-002 -0.27698979759007558        5.9458745313882638E-009   3.9991161988846593     
   25.449358059900305       0.15387515912036914        8.7855747780516150E-002 -0.27711863763877742        5.9287807328202868E-009   3.9985170485282402     
   25.563480741783266       0.15393852690399518        8.7956482708096070E-002 -0.27723089500066755        5.9518081768916543E-009   4.0201713582723491     
   25.677603423666227       0.15398608785083298        8.8022822384553182E-002 -0.27731960999961058        5.9723004604847884E-009   4.0339293637939404     
   25.791726105549188       0.15402628148236563        8.8052489569651338E-002 -0.27738808079931215        5.9886864934688839E-009   4.0314361772818543     
   25.905848787432149       0.15406895526131942        8.8048476105446027E-002 -0.27744335042798773        6.0157790120387847E-009   4.0367638705231172     
   26.019971469315109       0.15411718526280663        8.8061161187590248E-002 -0.27749295687692871        6.0260753790399833E-009   4.0363512707538023     
   26.134094151198074       0.15415866752069429        8.8133673081996572E-002 -0.27752697454245090        6.0233107228327005E-009   4.0343779855255857     
   26.248216833081035       0.15417376180257944        8.8248845335667445E-002 -0.27752422634581936        6.0285465776036804E-009   4.0290444885490206     
   26.362339514963995       0.15416059195321022        8.8336494086150658E-002 -0.27748916161372633        6.0137562979972727E-009   4.0349781643377494     
   26.476462196846956       0.15413208969086559        8.8394397303349442E-002 -0.27743858166567859        5.9647701165174629E-009   4.0271122986784791     
   26.590584878729917       0.15410330661523167        8.8442703176475637E-002 -0.27738762452263754        5.9369163730138987E-009   4.0122425623001581     
   26.704707560612878       0.15406969124260284        8.8513746408193997E-002 -0.27733537383133960        5.9183775167072137E-009   4.0050116920460281     
   26.818830242495839       0.15401916889700082        8.8612473480573467E-002 -0.27727026231292501        5.9143106072420364E-009   4.0071989142919930     
   26.932952924378800       0.15394478522279492        8.8699431741600360E-002 -0.27718531799870411        5.9231426576426529E-009   4.0137844681723953     
   27.047075606261760       0.15384471670764346        8.8749503598370791E-002 -0.27707345136656625        5.9489882118975468E-009   4.0202779305617637     
   27.161198288144721       0.15372291830365142        8.8769890862135312E-002 -0.27693702666494258        5.9847124521578227E-009   4.0232237208458068     
   27.275320970027682       0.15358530197606080        8.8775819733377018E-002 -0.27679160812412101        6.0015832400371249E-009   4.0250864177136112     
   27.389443651910643       0.15343274676689195        8.8793160219633113E-002 -0.27663753628852655        5.9726131687085183E-009   4.0302871830934111     
   27.503566333793604       0.15327373097149363        8.8820322723784179E-002 -0.27648419555255488        5.9295841751811569E-009   4.0342246990724471     
   27.617689015676564       0.15312786244829837        8.8842182564521449E-002 -0.27635601488818712        5.8803958138045161E-009   4.0346215959949250     
   27.731811697559525       0.15300718989607806        8.8865512101426666E-002 -0.27626662974989025        5.8547642523814541E-009   4.0398691882643938     
   27.845934379442486       0.15292588812347976        8.8869791420334077E-002 -0.27623248633533787        5.8698884231266537E-009   4.0443288234785868     
   27.960057061325447       0.15288707054000897        8.8880287629159796E-002 -0.27625620985381683        5.8630487177690339E-009   4.0434109942150371     
   28.074179743208408       0.15287778005859382        8.8952545784838286E-002 -0.27632931700314195        5.8495508575821528E-009   4.0465143619742499     
   28.188302425091372       0.15288428138619886        8.9052059861496946E-002 -0.27643324029030270        5.8720145872161380E-009   4.0559662865971715     
   28.302425106974333       0.15291071643906512        8.9136338889358249E-002 -0.27656363055884670        5.8758641610376016E-009   4.0614142536151139     
   28.416547788857294       0.15296658848674657        8.9208291922685701E-002 -0.27672806915643750        5.8788270134559906E-009   4.0518949295449582     
   28.530670470740255       0.15305744693174764        8.9274941015489884E-002 -0.27692960639466213        5.8807260256219693E-009   4.0531296629753149     
   28.644793152623215       0.15318605716552516        8.9344517947077651E-002 -0.27716870166968571        5.8897780318721918E-009   4.0567621708695381     
   28.758915834506176       0.15334794281328049        8.9400667176985582E-002 -0.27743765944575394        5.8857086579666786E-009   4.0601787793833788     
   28.873038516389137       0.15352058824688020        8.9449926663755508E-002 -0.27771025680359762        5.8657902997849359E-009   4.0657791238023906     
   28.987161198272098       0.15369057868918681        8.9461377653943436E-002 -0.27797307162853291        5.8553835223804162E-009   4.0633942557051723     
   29.101283880155059       0.15386903863491483        8.9435053286071861E-002 -0.27823852033203711        5.8932558625893811E-009   4.0441533127492271     
   29.215406562038019       0.15406286418318463        8.9423423341609687E-002 -0.27851418067102351        5.9542362426487358E-009   4.0351241489731411     
   29.329529243920980       0.15425155129499116        8.9479189179215268E-002 -0.27877863761658256        5.9866582939783530E-009   4.0418120233244794     
   29.443651925803941       0.15441554205975633        8.9583360195516465E-002 -0.27901546577200481        6.0036015864591145E-009   4.0545016570187720     
   29.557774607686902       0.15455841547416174        8.9659175441263700E-002 -0.27923003839793098        5.9989668317777734E-009   4.0647588676718023     
   29.671897289569863       0.15469079453570797        8.9705721632040464E-002 -0.27943550070014889        5.9312664433789280E-009   4.0642652095789469     
   29.786019971452824       0.15482528076585519        8.9716472006765483E-002 -0.27964627378698476        5.9043663859377208E-009   4.0518346431350336     
   29.900142653335784       0.15498010098435985        8.9677485540596874E-002 -0.27987407226281419        5.9291293210834677E-009   4.0472487543637063     
   30.014265335218745       0.15515462519972986        8.9637581164250912E-002 -0.28010937024459676        5.9766119257420582E-009   4.0427468890521148     
   30.128388017101706       0.15533144650919692        8.9633716291785293E-002 -0.28033053161175231        6.0024201854869355E-009   4.0454046590727613     
   30.242510698984667       0.15548423306957013        8.9679021640121426E-002 -0.28051460164062636        6.0206218418408112E-009   4.0502800196409598     
   30.356633380867631       0.15560501002316132        8.9732421694036335E-002 -0.28066161224078090        6.0730964480260982E-009   4.0606192991168575     
   30.470756062750592       0.15569772831626336        8.9787251357318035E-002 -0.28077805613714568        6.1116604364139080E-009   4.0690411195045479     
   30.584878744633553       0.15576690454163455        8.9840477367325214E-002 -0.28086644534681249        6.1297228053682974E-009   4.0612418155269827     
   30.699001426516514       0.15581063878298337        8.9910199020129505E-002 -0.28092139839687202        6.1104113158263104E-009   4.0560721122329957     
   30.813124108399474       0.15582457483210416        8.9991987979470986E-002 -0.28093927604508384        6.0601313904735866E-009   4.0472012585942334     
   30.927246790282435       0.15582039979945855        9.0081910254853542E-002 -0.28093330980252434        5.9814033822979340E-009   4.0425669449933643     
   31.041369472165396       0.15580842301923092        9.0171945211243151E-002 -0.28091156546630969        5.9466411018836242E-009   4.0505465508922684     
   31.155492154048357       0.15580814387553454        9.0206835027893437E-002 -0.28089575792470389        5.9518460985195592E-009   4.0479112007617060     
   31.269614835931318       0.15582363386522363        9.0206771042316558E-002 -0.28089276815940223        5.9808147492347599E-009   4.0468299524999463     
   31.383737517814279       0.15584782294270680        9.0195707337490993E-002 -0.28089291549917411        6.0629390181428583E-009   4.0611755277680057     
   31.497860199697239       0.15588404712355672        9.0123396860217864E-002 -0.28090226489781256        6.0994630033778393E-009   4.0522302999402839     
   31.611982881580200       0.15593124720307225        9.0056080857254556E-002 -0.28092384858053293        6.0809738619579859E-009   4.0352482015358451     
   31.726105563463161       0.15597754446504336        9.0035400940002383E-002 -0.28094940409070135        6.0270856256144707E-009   4.0381208713845984     
   31.840228245346122       0.15601191809198808        9.0034601720066165E-002 -0.28096713624648723        5.9855353124550873E-009   4.0348644512424015     
   31.954350927229083       0.15603410527885922        9.0041965776671951E-002 -0.28097497862318632        5.8993578820493919E-009   4.0233972586844668     
   32.068473609112047       0.15604633513118416        9.0070404172125473E-002 -0.28097694403560824        5.8467515941760591E-009   4.0127522994082812     
   32.182596290995008       0.15606781015367777        9.0062050154716466E-002 -0.28099482031627743        5.8428490804665522E-009   4.0044293330337704     
   32.296718972877969       0.15612051976842856        9.0031699935576345E-002 -0.28105002587885625        5.8311718023768361E-009   3.9820990880974656     
   32.410841654760929       0.15619837964570990        9.0054796179894300E-002 -0.28113731329329517        5.8076185195891529E-009   3.9737732038154383     
   32.524964336643890       0.15627816706479022        9.0135633488046166E-002 -0.28123529022931770        5.8202956701219932E-009   3.9873619798258781     
   32.639087018526851       0.15635340858913824        9.0192878118210015E-002 -0.28133410736371439        5.8367320583491444E-009   3.9968579331856549     
   32.753209700409812       0.15644008810865148        9.0241515112978454E-002 -0.28144763001066608        5.7999013975932227E-009   3.9828497662565812     
   32.867332382292773       0.15653732598672182        9.0304780075793831E-002 -0.28157280643808030        5.7992005900107185E-009   3.9819103789793076     
   32.981455064175734       0.15663831046756091        9.0323929749989429E-002 -0.28169985457026847        5.8111218110081707E-009   3.9818503120127331     
   33.095577746058694       0.15674953956903234        9.0320115768192821E-002 -0.28183266854586120        5.8027437634821590E-009   3.9813045490668117     
   33.209700427941655       0.15686140771678972        9.0338315130878338E-002 -0.28196457209712378        5.8040546899249925E-009   3.9778440612039168     
   33.323823109824616       0.15695012094187677        9.0401334994878915E-002 -0.28207314910059722        5.8220364382763262E-009   3.9902513291359094     
   33.437945791707577       0.15700330845720681        9.0425824369387814E-002 -0.28214474281563218        5.8725265785685357E-009   4.0099492618810153     
   33.552068473590538       0.15703646222033824        9.0403815100728258E-002 -0.28219984888846905        5.8499753413347684E-009   3.9964838821105344     
   33.666191155473498       0.15705310051822752        9.0380856091874726E-002 -0.28224227483408992        5.8167938719396535E-009   3.9842293900369028     
   33.780313837356459       0.15705387815781555        9.0350880754367938E-002 -0.28226796320882092        5.7491410594153471E-009   3.9838185292311215     
   33.894436519239420       0.15704291599572731        9.0313463144998954E-002 -0.28227818910664981        5.6817199263957751E-009   3.9824725851652141     
   34.008559201122381       0.15703717564384465        9.0242095382359583E-002 -0.28229396032841947        5.6896359992204060E-009   3.9815631965309937     
   34.122681883005342       0.15703902936322869        9.0165842078598860E-002 -0.28231321558629302        5.6934783883401071E-009   3.9743347102355195     
   34.236804564888303       0.15702257401068698        9.0150778163791287E-002 -0.28230204209386855        5.6823988966774469E-009   3.9744121142421491     
   34.350927246771263       0.15697115822944346        9.0162829117531734E-002 -0.28224567755639729        5.6977782271465246E-009   3.9820663085453396     
   34.465049928654224       0.15688688029757333        9.0142261741310278E-002 -0.28214563594657882        5.6932605812928212E-009   3.9867930158612448     
   34.579172610537185       0.15678582781741782        9.0103132182974402E-002 -0.28202302145730668        5.6655459272032970E-009   3.9751332996172026     
   34.693295292420146       0.15668038206639182        9.0055228501928028E-002 -0.28189397710110664        5.6437383393383410E-009   3.9647433521807063     
   34.807417974303107       0.15658202589432574        9.0007526353164030E-002 -0.28176900811608885        5.6298210510328382E-009   3.9640024386385644     
   34.921540656186068       0.15649441078744586        8.9949885797246790E-002 -0.28165513027072842        5.6391229643231803E-009   3.9720218178740261     
   35.035663338069028       0.15641906906316463        8.9895989792054390E-002 -0.28156238004053147        5.6234134269296974E-009   3.9776940765643829     
   35.149786019951989       0.15635292693830649        8.9884085951228501E-002 -0.28148932329460341        5.6537426607880825E-009   3.9829953954500819     
   35.263908701834950       0.15628860721474067        8.9873862812173647E-002 -0.28142323334067088        5.7082691396603519E-009   3.9863699372363799     
   35.378031383717911       0.15621645261461806        8.9878344294825968E-002 -0.28134690773709548        5.7353681148648645E-009   3.9908190032897153     
   35.492154065600879       0.15613299934794655        8.9892426788198629E-002 -0.28125637128875880        5.7302735226882632E-009   3.9987354429464430     
   35.606276747483840       0.15603695904388490        8.9909347253600821E-002 -0.28115314672466951        5.6949479904389070E-009   3.9992940855923580     
   35.720399429366800       0.15592781103266481        8.9911906515676446E-002 -0.28103285556843632        5.6537819449192173E-009   3.9986331971822149     
   35.834522111249761       0.15581482640512570        8.9916001202940410E-002 -0.28090324501258346        5.6169570886335436E-009   3.9923323455245523     
   35.948644793132722       0.15570802428641670        8.9885908529030153E-002 -0.28078094481213151        5.6344861034205081E-009   3.9911289007246755     
   36.062767475015683       0.15561479616521265        8.9846036320234024E-002 -0.28067416633439418        5.6332361800505765E-009   3.9775955367921862     
   36.176890156898644       0.15553602647162920        8.9800938435020086E-002 -0.28058467275070442        5.6647227556917230E-009   3.9782509261786352     
   36.291012838781604       0.15547062820770632        8.9746019993246426E-002 -0.28051420075868949        5.6845452449134140E-009   3.9812611668044235     
   36.405135520664565       0.15541157969405281        8.9731419886751360E-002 -0.28045434592496293        5.6925264987364375E-009   3.9860000876383475     
   36.519258202547526       0.15534939625250602        8.9739702472901597E-002 -0.28039298713923949        5.7519055726466100E-009   4.0020052989401007     
   36.633380884430487       0.15528681862617796        8.9703474302078021E-002 -0.28033214605454987        5.8246089172828978E-009   4.0150360664590767     
   36.747503566313448       0.15523409025608870        8.9665968115389044E-002 -0.28028343081293161        5.8359552534442774E-009   4.0163063702550081     
   36.861626248196409       0.15519783693782491        8.9686426903952968E-002 -0.28025513050666717        5.8381084062254859E-009   4.0095377412596829     
   36.975748930079369       0.15517759686817831        8.9760638054450212E-002 -0.28024506845210562        5.8300542299156054E-009   4.0164076540270104     
   37.089871611962330       0.15515699364242808        8.9857286913762588E-002 -0.28023316441479423        5.8096959385635533E-009   4.0252614017140056     
   37.203994293845291       0.15514786471563935        8.9857743139084414E-002 -0.28023300055156153        5.8271445577034632E-009   4.0176243334173334     
   37.318116975728252       0.15516374934465749        8.9828693769367265E-002 -0.28025497528000382        5.8397881901201208E-009   4.0039760757506073     
   37.432239657611213       0.15518281607938328        8.9833409531782732E-002 -0.28027563843453740        5.9035876162184256E-009   4.0047820948132715     
   37.546362339494173       0.15518064362998849        8.9801397659358490E-002 -0.28026882882300008        5.9835038808715193E-009   4.0067907917949626     
   37.660485021377134       0.15515956404289938        8.9728848275211742E-002 -0.28023605730229739        6.0043691279986994E-009   3.9999795735280363     
   37.774607703260095       0.15512486385633256        8.9676574620965857E-002 -0.28018755426296998        6.0130951738261455E-009   4.0003312402130309     
   37.888730385143056       0.15506612158904590        8.9650326841509420E-002 -0.28011645334307317        6.0179231500156850E-009   4.0096296293464553     
   38.002853067026017       0.15498768124386089        8.9613161321010548E-002 -0.28003068494180028        6.0039234630998600E-009   4.0132800921280269     
   38.116975748908978       0.15491611534840097        8.9542783373911042E-002 -0.27996322743248681        5.9811974805917141E-009   3.9918102241133897     
   38.231098430791938       0.15487252229798673        8.9477170859872793E-002 -0.27993306928542699        5.9327878853205215E-009   3.9753922241503123     
   38.345221112674899       0.15485399601108532        8.9457857568262952E-002 -0.27993347054267342        5.8670680075146843E-009   3.9756285449772282     
   38.459343794557860       0.15484895416513111        8.9462761092176726E-002 -0.27995467929862483        5.8202715397812496E-009   3.9773299486759437     
   38.573466476440821       0.15485638688749212        8.9449988251827706E-002 -0.27998992145327195        5.8249938436959446E-009   3.9776537613126344     
   38.687589158323782       0.15487731001981750        8.9436548376167879E-002 -0.28004012189216687        5.8308996270412775E-009   3.9800764322574809     
   38.801711840206742       0.15490388603120764        8.9430931389390123E-002 -0.28010032641205984        5.8534070021056265E-009   3.9833934256545431     
   38.915834522089703       0.15493094511738881        8.9403244986277899E-002 -0.28016169481993736        5.8838286449745104E-009   3.9816150129739794     
   39.029957203972664       0.15496241613794584        8.9373808892417805E-002 -0.28022452466460146        5.8771032016560603E-009   3.9762812149458373     
   39.144079885855625       0.15500253360612451        8.9374978139252562E-002 -0.28028978746215194        5.8433276840009075E-009   3.9755694579300198     
   39.258202567738586       0.15503991814533516        8.9395044878267729E-002 -0.28034883652039588        5.8290848625031238E-009   3.9822432731529789     
   39.372325249621547       0.15507841899134617        8.9363565352432076E-002 -0.28040759104106289        5.8395425191933400E-009   3.9864572124502970     
   39.486447931504507       0.15514036443635931        8.9283497889143207E-002 -0.28048737876351293        5.8450910786865464E-009   3.9756747026252270     
   39.600570613387468       0.15521959449809763        8.9212435799298329E-002 -0.28058069073547609        5.8456620649780709E-009   3.9602793258857667     
   39.714693295270436       0.15529128321917088        8.9160931667734200E-002 -0.28066215307689069        5.8719776566515743E-009   3.9516957001694544     
   39.828815977153397       0.15534570963227354        8.9097524569655598E-002 -0.28072463410014670        5.8897007118954055E-009   3.9495345103927586     
   39.942938659036358       0.15537917812978969        8.9035349182177009E-002 -0.28076655910203702        5.8541078129507825E-009   3.9498756246254114     
   40.057061340919319       0.15539528098750696        8.8975770282407399E-002 -0.28078810390325315        5.8162830641385704E-009   3.9534362605325613     
   40.171184022802279       0.15539662413160574        8.8900957056593607E-002 -0.28079111650464250        5.7767759963880587E-009   3.9568304971782613     
   40.285306704685240       0.15537965327547260        8.8801568983818427E-002 -0.28077117916018102        5.7444798777489556E-009   3.9624763504031923     
   40.399429386568201       0.15535755158196482        8.8681937163501409E-002 -0.28074005909849531        5.7229425506100904E-009   3.9585360502041245     
   40.513552068451162       0.15534836346217626        8.8551637663209018E-002 -0.28071778023700678        5.7032415627930115E-009   3.9474796072597012     
   40.627674750334123       0.15535184880159758        8.8465127503912264E-002 -0.28070341513913033        5.7080711353300578E-009   3.9466466950375843     
   40.741797432217083       0.15536267787681521        8.8391586022767463E-002 -0.28069271378064298        5.7419141183543720E-009   3.9415201956249328     
   40.855920114100044       0.15538542002456038        8.8320012453661126E-002 -0.28069039543503821        5.7724633318549942E-009   3.9339584929171769     
   40.970042795983005       0.15541720773834999        8.8267094310729599E-002 -0.28069151958093375        5.7990559640470323E-009   3.9351288295527809     
   41.084165477865966       0.15544228156648615        8.8265172465499461E-002 -0.28067682427057594        5.8208739549582372E-009   3.9324716855097330     
   41.198288159748927       0.15544244668923082        8.8295063824571696E-002 -0.28063077302691442        5.8764587772372475E-009   3.9393304442463446     
   41.312410841631888       0.15541564525583321        8.8277934800948449E-002 -0.28055431642911788        5.9244644014122130E-009   3.9372855550321435     
   41.426533523514848       0.15537400793666545        8.8207199581329124E-002 -0.28046129404246489        5.9629156518894011E-009   3.9297552230970756     
   41.540656205397809       0.15531651698502316        8.8115303141980308E-002 -0.28034842619309563        5.9878884080168893E-009   3.9374887956266833     
   41.654778887280770       0.15524786526962958        8.8007935606572177E-002 -0.28022290906751240        5.9775071592094401E-009   3.9486351194945537     
   41.768901569163731       0.15518411983294736        8.7895860500519091E-002 -0.28011158754661669        5.9454126539162143E-009   3.9500698569292081     
   41.883024251046692       0.15513821851200155        8.7777300764979471E-002 -0.28003098350219913        5.9422686419592767E-009   3.9506861251447032     
   41.997146932929653       0.15511928218801685        8.7635837074613462E-002 -0.27998502883875620        5.9792695961725138E-009   3.9412426492892143     
   42.111269614812613       0.15512757230116855        8.7491050579261834E-002 -0.27997192326010512        6.0295577351573686E-009   3.9334127527403906     
   42.225392296695574       0.15514678465882245        8.7403072404868651E-002 -0.27998027712048995        6.0390310056679155E-009   3.9252121108619460     
   42.339514978578535       0.15515979168516261        8.7366009198892966E-002 -0.27999174476935673        6.0222440574470063E-009   3.9191172534563674     
   42.453637660461496       0.15515444932246894        8.7370630196010310E-002 -0.27998889228018242        5.9727708876395722E-009   3.9203772086472748     
   42.567760342344457       0.15512138206251044        8.7393871370772133E-002 -0.27996425990029894        5.9128784080391598E-009   3.9280379004677886     
   42.681883024227417       0.15506712079970869        8.7413181320088559E-002 -0.27992854971252318        5.9003062195043753E-009   3.9441074082253746     
   42.796005706110378       0.15500880152796714        8.7397635997386022E-002 -0.27989447198938733        5.8853781698130188E-009   3.9462292343183121     
   42.910128387993339       0.15496343445242047        8.7378343201489544E-002 -0.27988123864070680        5.8936250778306697E-009   3.9454988566738138     
   43.024251069876300       0.15494063169297276        8.7329764607172108E-002 -0.27989861655405041        5.9231555322460218E-009   3.9429015070606499     
   43.138373751759261       0.15495834702375319        8.7251920437275421E-002 -0.27996491179355837        5.9815128347601406E-009   3.9139669239975299     
   43.252496433642222       0.15501000296496970        8.7204348481792607E-002 -0.28007179331571652        6.0240370068103336E-009   3.8990825905855098     
   43.366619115525182       0.15506037005363479        8.7235707205927257E-002 -0.28017737619134242        6.0319382616675745E-009   3.9073879871330814     
   43.480741797408143       0.15508685399126049        8.7287306657855626E-002 -0.28025651858860079        6.0153709135668171E-009   3.9164580897465679     
   43.594864479291104       0.15508885261096125        8.7322433248499406E-002 -0.28030502352603970        5.9431264093427763E-009   3.9081966977962987     
   43.708987161174065       0.15508573005369947        8.7332521112350181E-002 -0.28034095180171215        5.8933093749724847E-009   3.8994069734186740     
   43.823109843057026       0.15509231841527793        8.7310214314001183E-002 -0.28037654214752483        5.8815388826139386E-009   3.8888433856330153     
   43.937232524939994       0.15511486573575300        8.7263333141096674E-002 -0.28041764109369327        5.8811232637926646E-009   3.8823135100371688     
   44.051355206822954       0.15515353055337530        8.7265435438977204E-002 -0.28046512128870377        5.8350885690095691E-009   3.8856448481658390     
   44.165477888705915       0.15519333952032116        8.7282347671078370E-002 -0.28050382269714691        5.8590345236663718E-009   3.8902406327807051     
   44.279600570588876       0.15524437734788069        8.7273867633441776E-002 -0.28054554847008328        5.8982933677297580E-009   3.8851955752788605     
   44.393723252471837       0.15530760193033258        8.7290043592899463E-002 -0.28059445724786086        5.9114211180202274E-009   3.8969898079389114     
   44.507845934354798       0.15537070400561565        8.7317834096019648E-002 -0.28063836552832233        5.8828768366415651E-009   3.9009305050277789     
   44.621968616237758       0.15542929672711597        8.7337067669131782E-002 -0.28066800226080679        5.8448447639481715E-009   3.8953636867204535     
   44.736091298120719       0.15548885377399785        8.7345717927065011E-002 -0.28068961449758484        5.8486490563647650E-009   3.8912039083430652     
   44.850213980003680       0.15554738537355345        8.7351080376165166E-002 -0.28070446447372110        5.8871544710881471E-009   3.8997549868579284     
   44.964336661886641       0.15559474206564144        8.7368268925265211E-002 -0.28070587658776730        5.9294241520709907E-009   3.9077227243919781     
   45.078459343769602       0.15563051332521502        8.7402236310892931E-002 -0.28069546851227595        5.9588256701923304E-009   3.9209298365937824     
   45.192582025652563       0.15564664805853259        8.7446069292148751E-002 -0.28066650808600446        5.9466423937914483E-009   3.9250689105585908     
   45.306704707535523       0.15564156985402386        8.7471310865726515E-002 -0.28061754612757656        5.9418966570005599E-009   3.9258698706154478     
   45.420827389418484       0.15562991524808115        8.7478405563920572E-002 -0.28055750284904452        5.9558686037465128E-009   3.9281340440457151     
   45.534950071301445       0.15561816599566150        8.7485630449789395E-002 -0.28049642976331712        5.9572735464172098E-009   3.9360384521119509     
   45.649072753184406       0.15560472382874010        8.7551138497720768E-002 -0.28043955407771221        5.9123581861587590E-009   3.9409635944436294     
   45.763195435067367       0.15557840554070138        8.7636793038699479E-002 -0.28037037522808217        5.9449262611656678E-009   3.9521089248905303     
   45.877318116950327       0.15553734828258556        8.7687781535301615E-002 -0.28027833297469268        6.0072337510486480E-009   3.9629226479694437     
   45.991440798833288       0.15548309320729378        8.7743097810896023E-002 -0.28016375930890358        6.0727504021573613E-009   3.9989805814445329     
   46.105563480716249       0.15541091301300522        8.7764585844320342E-002 -0.28002719274472593        6.0468783320220404E-009   4.0005314555176401     
   46.219686162599210       0.15533403163302956        8.7742449264604117E-002 -0.27988758198495162        6.0373795123112003E-009   3.9783306335253599     
   46.333808844482171       0.15526911687921527        8.7724185627907084E-002 -0.27976189307520538        5.9754582611490300E-009   3.9648601678461270     
   46.447931526365132       0.15519405650291704        8.7776383599332403E-002 -0.27962727819407807        5.9962118280497790E-009   4.0026423494687693     
   46.562054208248092       0.15511779591185718        8.7757108955253127E-002 -0.27949733233417162        5.9828299066498035E-009   4.0039774010043008     
   46.676176890131053       0.15506900905299698        8.7682912937670429E-002 -0.27940040022458690        5.9934190038096712E-009   3.9899431236098026     
   46.790299572014014       0.15504581139454257        8.7648046724706649E-002 -0.27932771887027819        5.9851917129693038E-009   3.9853208603196064     
   46.904422253896975       0.15502837311610237        8.7641390783333439E-002 -0.27926436566684049        6.0137963869394655E-009   3.9955590544646968     
   47.018544935779936       0.15501490055909767        8.7613586054154702E-002 -0.27921568284856890        5.9910822626703310E-009   3.9861802047933361     
   47.132667617662896       0.15499923227482554        8.7572151212323701E-002 -0.27916728991829176        5.9495702038187180E-009   3.9916311246147615     
   47.246790299545857       0.15498400769109721        8.7573262662034163E-002 -0.27911564188350241        5.8582061413797107E-009   3.9939343484258396     
   47.360912981428818       0.15497078910127449        8.7605299885110691E-002 -0.27906465466268893        5.8396938147934243E-009   3.9856630251494347     
   47.475035663311779       0.15496658769084282        8.7617302411385531E-002 -0.27902749777550689        5.8871076633523044E-009   3.9786553607096256     
   47.589158345194740       0.15496997175609725        8.7642552912361643E-002 -0.27899887686429392        5.9754170670077560E-009   3.9811098754062093     
   47.703281027077701       0.15496181796583297        8.7662425905099151E-002 -0.27895407147091100        6.0600694832196817E-009   3.9901287188155079     
   47.817403708960661       0.15494929549085976        8.7667894564272861E-002 -0.27890621698908524        6.1228986202801364E-009   3.9866203121374375     
   47.931526390843622       0.15493985259860810        8.7695625757054682E-002 -0.27886689771272488        6.1734997721906152E-009   3.9873516563074181     
   48.045649072726590       0.15492562420362949        8.7718629294116321E-002 -0.27882966852479862        6.2005287961243072E-009   4.0023246087552229     
   48.159771754609551       0.15490261799193647        8.7730076300860771E-002 -0.27878654370612255        6.1578056649752461E-009   3.9993685510870458     
   48.273894436492512       0.15486898360431567        8.7735533791815798E-002 -0.27873689645934419        6.1146603610802065E-009   3.9855557149068961     
   48.388017118375473       0.15483057449590998        8.7701257738142357E-002 -0.27868897064088344        6.1034205745914007E-009   3.9847258293901309     
   48.502139800258433       0.15480829894687989        8.7642882773784306E-002 -0.27866272365766032        6.0532767681533597E-009   3.9724706065347863     
   48.616262482141394       0.15480795462706887        8.7587468277694938E-002 -0.27866162412413681        6.0185477981937831E-009   3.9556517274838274     
   48.730385164024355       0.15482722741714533        8.7529810191795843E-002 -0.27868300723995171        6.0077441468598672E-009   3.9475490107644520     
   48.844507845907316       0.15486255619147571        8.7479233179408880E-002 -0.27872188277306664        6.0442863675561406E-009   3.9317421488559199     
   48.958630527790277       0.15490851763082494        8.7412719168150868E-002 -0.27877405515959908        6.0778092429390005E-009   3.9194830457676852     
   49.072753209673238       0.15496104271309513        8.7351154796352970E-002 -0.27883582306635396        6.0892279578571651E-009   3.9064506302044064     
   49.186875891556198       0.15501290633458495        8.7303126572685158E-002 -0.27889865741961606        6.1126877707629584E-009   3.8995581271423343     
   49.300998573439159       0.15505318324336784        8.7286353327945487E-002 -0.27895546530463078        6.1394971350754896E-009   3.9106005417761609     
   49.415121255322120       0.15507340271900386        8.7276845413364543E-002 -0.27899881331345738        6.1554999621884634E-009   3.9259226721443752     
   49.529243937205081       0.15507500803872412        8.7251112761289343E-002 -0.27902951788721769        6.1212256412154104E-009   3.9182575908911876     
   49.643366619088042       0.15505743541193548        8.7223610054583428E-002 -0.27904314257357132        6.0589361970791370E-009   3.9124031076759866     
   49.757489300971002       0.15502636729795952        8.7223765612526746E-002 -0.27903996815645626        6.0127123467433278E-009   3.9224658553004765     
   49.871611982853963       0.15498921106225227        8.7223558780869279E-002 -0.27902786094251758        6.0146708842405349E-009   3.9379475050955950     
   49.985734664736924       0.15495350627714616        8.7206092676368779E-002 -0.27901621687756151        6.0271115004438651E-009   3.9414186167361489     
   50.099857346619885       0.15493217102629236        8.7203929911825434E-002 -0.27902577538239315        6.0763859968379672E-009   3.9374267437958546     
   50.213980028502846       0.15492905059480597        8.7233740941679350E-002 -0.27906687407556308        6.1602742457062163E-009   3.9690667648427853     
   50.328102710385807       0.15493802286537181        8.7275954221245761E-002 -0.27913046386813029        6.1402623376652754E-009   3.9701211849386406     
   50.442225392268767       0.15495711461537659        8.7311504349812011E-002 -0.27921252926145002        6.1172482289454484E-009   3.9687468616682637     
   50.556348074151728       0.15499839254142020        8.7321904822018848E-002 -0.27932498047404236        6.1117223390035259E-009   3.9639036705008373     
   50.670470756034689       0.15505952481490126        8.7323122160511135E-002 -0.27946148799595860        6.1511048726466975E-009   3.9551514324565802     
   50.784593437917650       0.15512885133752960        8.7319358245099329E-002 -0.27960498241368470        6.1803392918548100E-009   3.9586316368060515     
   50.898716119800611       0.15520040658009618        8.7333867725468875E-002 -0.27974464508994540        6.1905027390722941E-009   3.9569368467282255     
   51.012838801683571       0.15526686227806261        8.7352103077648527E-002 -0.27987542554601641        6.2003494501050865E-009   3.9499673575976635     
   51.126961483566532       0.15532315318552739        8.7356187091057344E-002 -0.27999466695252978        6.1915319801679575E-009   3.9403567112439424     
   51.241084165449493       0.15537490754486230        8.7373410522687558E-002 -0.28011066520170136        6.1611600011391942E-009   3.9316083379808062     
   51.355206847332454       0.15542194590194242        8.7430707988274334E-002 -0.28022386331908428        6.1109671464759272E-009   3.9292992145761518     
   51.469329529215415       0.15546219066900668        8.7482821690753040E-002 -0.28032807923156056        6.1062800265766837E-009   3.9184895278499972     
   51.583452211098376       0.15550302498929500        8.7509175132313599E-002 -0.28042965295866634        6.1129688552285258E-009   3.9041525723146697     
   51.697574892981336       0.15554538995249248        8.7549832442073483E-002 -0.28053361678566346        6.1140749203884247E-009   3.9001613310166587     
   51.811697574864297       0.15558537884394802        8.7603332884681487E-002 -0.28063677001919307        6.1063968667745282E-009   3.9011157260981038     
   51.925820256747258       0.15561843051866886        8.7646851156790190E-002 -0.28073622239233004        6.1081683329045746E-009   3.8963216121493924     
   52.039942938630219       0.15564995012061519        8.7637758264555624E-002 -0.28083269055161925        6.1098017903090525E-009   3.8894074109700774     
   52.154065620513180       0.15569817076908901        8.7620990169421403E-002 -0.28093836781121617        6.0517627724114436E-009   3.8724445129473977     
   52.268188302396148       0.15576775217768110        8.7639643429666181E-002 -0.28106358217413419        5.9975972870916944E-009   3.8607629567217283     
   52.382310984279108       0.15584698301919284        8.7706331601908397E-002 -0.28119804531936599        5.9397258434793866E-009   3.8579431203346584     
   52.496433666162069       0.15592850523922552        8.7791522509143252E-002 -0.28133377966197837        5.9403391195711714E-009   3.8565546494046283     
   52.610556348045030       0.15600905184525257        8.7873358858677419E-002 -0.28146417744789143        5.9452817454130123E-009   3.8545833153469968     
   52.724679029927991       0.15607755040732363        8.7985322129568555E-002 -0.28157171271164094        5.9562486422509120E-009   3.8612863537807338     
   52.838801711810952       0.15612435808706773        8.8092043060671532E-002 -0.28164609847334798        5.9798495447896758E-009   3.8725331152580909     
   52.952924393693912       0.15615076479248260        8.8166480492832253E-002 -0.28169394155294525        5.9646486681425603E-009   3.8727377599955397     
   53.067047075576873       0.15615711629055049        8.8219894589741166E-002 -0.28171988059289926        5.9538565434493190E-009   3.8706300718719944     
   53.181169757459834       0.15615256503908315        8.8235334141834793E-002 -0.28173283850352682        5.9421800250420698E-009   3.8709465268410046     
   53.295292439342795       0.15614694260756795        8.8232647264665121E-002 -0.28174739563404083        5.8961914215022251E-009   3.8605804124341532     
   53.409415121225756       0.15614642708686380        8.8214281933804650E-002 -0.28177557782442209        5.8778307368897634E-009   3.8484625973908351     
   53.523537803108717       0.15615930927106861        8.8163139882511191E-002 -0.28182326035216498        5.8669185718336153E-009   3.8336856545518709     
   53.637660484991677       0.15618843692843642        8.8124108221989780E-002 -0.28188921599300321        5.8309030434424421E-009   3.8254598395335337     
   53.751783166874638       0.15622977019712508        8.8132076764911166E-002 -0.28197076260675646        5.7992232306456292E-009   3.8288410292794008     
   53.865905848757599       0.15627287560410499        8.8154661729824682E-002 -0.28205868660841171        5.7735722734859789E-009   3.8319592577584030     
   53.980028530640560       0.15631479309779364        8.8156882522726146E-002 -0.28214989302315951        5.7629328091337409E-009   3.8253497171635735     
   54.094151212523521       0.15636393498892667        8.8157289648685064E-002 -0.28224854560916141        5.7518004571852614E-009   3.8193778030491390     
   54.208273894406481       0.15641887306892915        8.8185477361930581E-002 -0.28234677609774728        5.7411842888129372E-009   3.8206073932939830     
   54.322396576289442       0.15646856960805908        8.8241874026895109E-002 -0.28243401715679473        5.7485241810708398E-009   3.8214229807502078     
   54.436519258172403       0.15650498537054003        8.8304730338832391E-002 -0.28250375318526433        5.7567057489522405E-009   3.8237979650297662     
   54.550641940055364       0.15652800414738080        8.8344408199031207E-002 -0.28256140734496304        5.7439478867783996E-009   3.8252362980319532     
   54.664764621938325       0.15654376758680910        8.8384680334322618E-002 -0.28261592879411446        5.6802254494367968E-009   3.8215439114404508     
   54.778887303821286       0.15655472066190981        8.8453497670419726E-002 -0.28266576265712906        5.6164344173824486E-009   3.8150812566223604     
   54.893009985704246       0.15656278802142401        8.8523194843804345E-002 -0.28271134883915605        5.5980555449811241E-009   3.8120507668235932     
   55.007132667587207       0.15657387869308370        8.8555816468094323E-002 -0.28275384411645732        5.6097262982348924E-009   3.8100334566457654     
   55.121255349470168       0.15660060955540589        8.8557366446905636E-002 -0.28280609498906328        5.6180026949647095E-009   3.8121423306588902     
   55.235378031353129       0.15664570285131874        8.8588120779723611E-002 -0.28287415827043105        5.6074083572925563E-009   3.8115140244924919     
   55.349500713236090       0.15668729855334212        8.8680566095223359E-002 -0.28293943181319808        5.6219141009637115E-009   3.8166715805338387     
   55.463623395119050       0.15671590008971542        8.8799667110408140E-002 -0.28299647652602533        5.6648030905202718E-009   3.8355013599422279     
   55.577746077002011       0.15674107967530690        8.8891634254147062E-002 -0.28305260076160965        5.6998939104769438E-009   3.8481239694747962     
   55.691868758884972       0.15677079706489291        8.8941102575231690E-002 -0.28311281636031238        5.7260514591632290E-009   3.8599830291956692     
   55.805991440767933       0.15682020025887455        8.8934393073618875E-002 -0.28319172596756803        5.7239186478849432E-009   3.8613669943110884     
   55.920114122650894       0.15689360236500138        8.8931793300355472E-002 -0.28329113591897592        5.6866264315941179E-009   3.8540687017221038     
   56.034236804533855       0.15697378325057162        8.8938965428553840E-002 -0.28339001589184254        5.6988775972316003E-009   3.8501851396572948     
   56.148359486416815       0.15705924193962925        8.8950102710921825E-002 -0.28348694695586485        5.7080589033298812E-009   3.8477398222627199     
   56.262482168299776       0.15714161549946601        8.9011919656717495E-002 -0.28357341188221447        5.6956888823874250E-009   3.8509794409939029     
   56.376604850182744       0.15721125481137410        8.9094823460814820E-002 -0.28363899061560061        5.7107831149607386E-009   3.8653086167261534     
   56.490727532065705       0.15726469229152493        8.9155290166418641E-002 -0.28368229488698271        5.6905971640842902E-009   3.8801326200599324     
   56.604850213948666       0.15730089229132804        8.9198278296447081E-002 -0.28370703120150509        5.6873156444564957E-009   3.8870047827102998     
   56.718972895831627       0.15732852510277368        8.9197952818816220E-002 -0.28372500645898047        5.7232792205243187E-009   3.8985096361785430     
   56.833095577714587       0.15735725116790000        8.9150315410800110E-002 -0.28374723979155425        5.7306656384381188E-009   3.8960844154849359     
   56.947218259597548       0.15739116137316619        8.9127864205460122E-002 -0.28377741420022801        5.6838626846032347E-009   3.8774491465542371     
   57.061340941480509       0.15740976737247414        8.9150677611097920E-002 -0.28379507530606285        5.6891716241098058E-009   3.8752400132243445     
