   7.6335877862553109E-002   6.0952694101991882E-002   1.5147706142959455E-002  -7.6100400244948754E-002
  0.15267175572510622       0.12175883701282381        3.0265950587524352E-002 -0.15202478760034990     
  0.22900763358765933       0.18230566661301675        4.5328399472623342E-002 -0.22763406608565057     
  0.30534351145021243       0.24248781267421418        6.0309709927250321E-002 -0.30279752260146742     
  0.38167938931276557       0.30220957742488963        7.5185063432679070E-002 -0.37739464085755592     
  0.45801526717531865       0.36138573361649717        8.9930048884670044E-002 -0.45131578250114929     
  0.53435114503787173       0.41994287391072938       0.10452371473705430      -0.52446658864778439     
  0.61068702290042487       0.47781862967494171       0.11894528851780595      -0.59676391819276975     
  0.68702290076297801       0.53496371816705546       0.13317162845773275      -0.66813534662473462     
  0.76335877862553114       0.59133868719208271       0.14718195580891616      -0.73852064300097231     
  0.83969465648808417       0.64691387842914461       0.16095801270071552      -0.80787189112985358     
  0.91603053435063730       0.70166827192767467       0.17448584166444697      -0.87615411359214024     
  0.99236641221319044       0.75558943837037362       0.18775109356934944      -0.94334053193970169     
   1.0687022900757435       0.80867017667939600       0.20074128561244953       -1.0094114622918084     
   1.1450381679382966       0.86090968176831695       0.21344518912411364       -1.0743548708923920     
   1.2213740458008497       0.91231075558105068       0.22585363056025262       -1.1381643861413198     
   1.2977099236634029       0.96288061272747005       0.23795875442024172       -1.2008393671477071     
   1.3740458015259560        1.0126280520266699       0.24975548883518714       -1.2623835408618682     
   1.4503816793885091        1.0615658109069990       0.26124329543793923       -1.3228091063449701     
   1.5267175572510623        1.1097103085675635       0.27241990939940491       -1.3821302179669963     
   1.6030534351136152        1.1570776917933878       0.28328314136646038       -1.4403608331599675     
   1.6793893129761683        1.2036854118878855       0.29383333013651547       -1.4975187420243892     
   1.7557251908387215        1.2495530165278144       0.30407217099763795       -1.5536251875254616     
   1.8320610687012746        1.2947009093515438       0.31400413414982253       -1.6087050435013137     
   1.9083969465638277        1.3391475943389626       0.32363327149976867       -1.6627808658387546     
   1.9847328244263809        1.3829125539445135       0.33296594234744281       -1.7158784962920282     
   2.0610687022889338        1.4260162563253991       0.34201147950614941       -1.7680277358315089     
   2.1374045801514869        1.4684783558642038       0.35077889972470394       -1.8192572555889215     
   2.2137404580140401        1.5103184021506180       0.35927225892152803       -1.8695906610721928     
   2.2900763358765932        1.5515552037060407       0.36749959266121202       -1.9190547963673241     
   2.3664122137391463        1.5922058399933701       0.37546726754085502       -1.9676731075341025     
   2.4427480916016995        1.6322876810952160       0.38318424822868152       -2.0154719293236880     
   2.5190839694642526        1.6718188339686550       0.39065657563413292       -2.0624754096026976     
   2.5954198473268058        1.7108149272925288       0.39789231969415023       -2.1087072469866981     
   2.6717557251893589        1.7492917574610458       0.40490173599298285       -2.1541934934539744     
   2.7480916030519120        1.7872674771569472       0.41169052951202251       -2.1989580066689149     
   2.8244274809144652        1.8247578720251745       0.41826926899191830       -2.2430271410170310     
   2.9007633587770183        1.8617779626883890       0.42464571253538974       -2.2864236752239546     
   2.9770992366395714        1.8983410242875132       0.43083131151050252       -2.3291723357980705     
   3.0534351145021246        1.9344588383043289       0.43683607489115667       -2.3712949131954058     
   3.1297709923646773        1.9701445636544404       0.44266906299522973       -2.4128136266496076     
   3.2061068702272304        2.0054102187301370       0.44834412722969724       -2.4537543459599092     
   3.2824427480897835        2.0402680721157633       0.45387247415206178       -2.4941405462678561     
   3.3587786259523367        2.0747291364330924       0.45926150493484236       -2.5339906413678994     
   3.4351145038148898        2.1088048927919583       0.46452094045260112       -2.5733258332445454     
   3.5114503816774429        2.1425064179552811       0.46965739640823123       -2.6121638143634462     
   3.5877862595399961        2.1758448908753576       0.47467717395876813       -2.6505220648340950     
   3.6641221374025492        2.2088318565894420       0.47958232552492130       -2.6884141821144683     
   3.7404580152651024        2.2414775480324627       0.48438468489925474       -2.7258622329317865     
   3.8167938931276555        2.2737912661394999       0.48909669403843664       -2.7628879601779834     
   3.8931297709902086        2.3057840107638454       0.49372380990925635       -2.7995078206730750     
   3.9694656488527618        2.3374653287049343       0.49827034125375114       -2.8357356699587553     
   4.0458015267153149        2.3688442777017191       0.50274026379045289       -2.8715845414922985     
   4.1221374045778676        2.3999302868728010       0.50713921497219083       -2.9070695018450148     
   4.1984732824404212        2.4307328088218805       0.51147048366005576       -2.9422032924819455     
   4.2748091603029739        2.4612599257844279       0.51573600111055151       -2.9769959268948258     
   4.3511450381655274        2.4915213813276407       0.51993824759224772       -3.0114596289198197     
   4.4274809160280801        2.5215250906684927       0.52408778692592228       -3.0456128775942619     
   4.5038167938906337        2.5512790299804857       0.52818704789960491       -3.0794660778799550     
   4.5801526717531864        2.5807915674034199       0.53224166046844790       -3.1130332278718154     
   4.6564885496157400        2.6100715961397021       0.53625397605117786       -3.1463255721908552     
   4.7328244274782927        2.6391271121173303       0.54022928478729049       -3.1793563969045566     
   4.8091603053408463        2.6679657220833333       0.54416750021771543       -3.2121332223011985     
   4.8854961832033990        2.6965940748662729       0.54806887421051464       -3.2446629490767420     
   4.9618320610659516        2.7250163912537997       0.55193959319451202       -3.2769559844481453     
   5.0381679389285052        2.7532377521142068       0.55578171343243088       -3.3090194655466054     
   5.1145038167910579        2.7812642111093959       0.55960096674696735       -3.3408651778562293     
   5.1908396946536115        2.8091004888100093       0.56339657207695915       -3.3724970608871749     
   5.2671755725161642        2.8367500467692639       0.56717612057520195       -3.4039261673443284     
   5.3435114503787178        2.8642194342259244       0.57094035676497623       -3.4351597909909040     
   5.4198473282412705        2.8915143582655092       0.57468801020246940       -3.4662023684682479     
   5.4961832061038240        2.9186406636076425       0.57842238778043131       -3.4970630513881127     
   5.5725190839663767        2.9456022917113516       0.58215090866465513       -3.5277532003758507     
   5.6488549618289303        2.9724026291137582       0.58588227786544889       -3.5582849069792188     
   5.7251908396914830        2.9990464748646710       0.58961871534658794       -3.5886651902113278     
   5.8015267175540366        3.0255375906485953       0.59336018226981146       -3.6188977729184080     
   5.8778625954165893        3.0518787372640905       0.59710586629876483       -3.6489846035628513     
   5.9541984732791429        3.0780734158300467       0.60085679392503499       -3.6789302097552707     
   6.0305343511416956        3.1041252086971012       0.60461170844122791       -3.7087369171382090     
   6.1068702290042491        3.1300369147737261       0.60837256243829940       -3.7384094772120666     
   6.1832061068668018        3.1558115966139444       0.61213734854111290       -3.7679489451549437     
   6.2595419847293545        3.1814527273965933       0.61590479968560907       -3.7973575270824838     
   6.3358778625919081        3.2069646004495489       0.61967605120261604       -3.8266406516522142     
   6.4122137404544608        3.2323498765902539       0.62345336890152547       -3.8558032454918028     
   6.4885496183170144        3.2576104173676090       0.62723620843432826       -3.8848466258019188     
   6.5648854961795671        3.2827499013897539       0.63102345481263178       -3.9137733562024635     
   6.6412213740421207        3.3077716944630859       0.63481590277060218       -3.9425875972336750     
   6.7175572519046733        3.3326803977510262       0.63861141779308506       -3.9712918155439771     
   6.7938931297672269        3.3574799286835968       0.64240853608067039       -3.9998884647642057     
   6.8702290076297796        3.3821726981612348       0.64620762886321104       -4.0283803270242720     
   6.9465648854923332        3.4067619658737622       0.65001121466215572       -4.0567731805360179     
   7.0229007633548859        3.4312516425061856       0.65382392749013440       -4.0850755699962766     
   7.0992366412174395        3.4556430650000558       0.65764762236323038       -4.1132906873633663     
   7.1755725190799922        3.4799406290750756       0.66148007323415214       -4.1414207023091452     
   7.2519083969425457        3.5041463690404422       0.66531998863619968       -4.1694663576767272     
   7.3282442748050984        3.5282622141850810       0.66916148160821520       -4.1974236957933817     
   7.4045801526676511        3.5522923023582602       0.67300016719352074       -4.2252924695521257     
   7.4809160305302047        3.5762405136686790       0.67683655124963504       -4.2530770649184664     
   7.5572519083927574        3.6001099498621927       0.68066894275760625       -4.2807788926199146     
   7.6335877862553110        3.6239029582892881       0.68449306763993689       -4.3083960259293077     
   7.7099236641178637        3.6476209976286929       0.68830730637057302       -4.3359283039991707     
   7.7862595419804173        3.6712666522771920       0.69210904980879340       -4.3633757020861221     
   7.8625954198429699        3.6948415350765815       0.69589841980339284       -4.3907399548800843     
   7.9389312977055235        3.7183475737251070       0.69967647971697133       -4.4180240534421111     
   8.0152671755680771        3.7417889871043561       0.70344276522319749       -4.4452317523275955     
   8.0916030534306298        3.7651677786183484       0.70719804540843267       -4.4723658240267499     
   8.1679389312931825        3.7884860374867029       0.71094155375160095       -4.4994275912385806     
   8.2442748091557352        3.8117449731863018       0.71467423468180524       -4.5264192078678978     
   8.3206106870182897        3.8349464850081767       0.71839629387593784       -4.5533427788843390     
   8.3969465648808423        3.8580933085142286       0.72210762989473398       -4.5802009384089919     
   8.4732824427433950        3.8811869039495699       0.72581095597245504       -4.6069978599219779     
   8.5496183206059477        3.9042285883733623       0.72951028312325472       -4.6337388714967789     
   8.6259541984685004        3.9272201305923682       0.73320856653739874       -4.6604286971297535     
   8.7022900763310549        3.9501637885944305       0.73690800658052591       -4.6870717951749459     
   8.7786259541936076        3.9730615124776962       0.74061199528048738       -4.7136735077580152     
   8.8549618320561603        3.9959153233599660       0.74432233866166753       -4.7402376620213866     
   8.9312977099187130        4.0187245504467519       0.74804462335960631       -4.7667691738065701     
   9.0076335877812674        4.0414900133537239       0.75178086278019995       -4.7932708761340228     
   9.0839694656438201        4.0642144201494776       0.75552977262313170       -4.8197441927726086     
   9.1603053435063728        4.0868993036855104       0.75929039825389166       -4.8461897019396023     
   9.2366412213689255        4.1095447326062180       0.76306644170457016       -4.8726111743108351     
   9.3129770992314800        4.1321514935805279       0.76685740638550004       -4.8990088999661205     
   9.3893129770940327        4.1547211987447641       0.77066219121773449       -4.9253833899625024     
   9.4656488549565854        4.1772555360965340       0.77448248765304295       -4.9517380237497690     
   9.5419847328191381        4.1997554382472631       0.77831766774713262       -4.9780731059939924     
   9.6183206106816925        4.2222192963359078       0.78217469922308980       -5.0043939955591732     
   9.6946564885442452        4.2446470196199284       0.78605209822132482       -5.0306991178411415     
   9.7709923664067979        4.2670393385443992       0.78994670256953314       -5.0569860411138086     
   9.8473282442693506        4.2893982594251820       0.79385440728274381       -5.0832526667078124     
   9.9236641221319033        4.3117254750558249       0.79777274657313146       -5.1094982216288480     
   9.9999999999944578        4.3340223578888120       0.80170336591940494       -5.1357257238085063     
   10.076335877857010        4.3562891570478453       0.80564666757751147       -5.1619358246253100     
   10.152671755719563        4.3785273644023439       0.80960099783429829       -5.1881283622366787     
   10.229007633582116        4.4007369696436767       0.81356594188629605       -5.2143029115301704     
   10.305343511444670        4.4229178304864485       0.81754084584599240       -5.2404586763324765     
   10.381679389307223        4.4450706279755865       0.82152267139069124       -5.2665932993663755     
   10.458015267169776        4.4671960587867936       0.82550959042612404       -5.2927056492129267     
   10.534351145032328        4.4892951206561253       0.82949795131927706       -5.3187930719754819     
   10.610687022894883        4.5113690558660986       0.83348455217774375       -5.3448536080436551     
   10.687022900757436        4.5334178795178355       0.83746413651406348       -5.3708820160318975     
   10.763358778619988        4.5554415693255823       0.84143480503515766       -5.3968763743605086     
   10.839694656482541        4.5774406515143866       0.84539629795198146       -5.4228369494662072     
   10.916030534345095        4.5994129398383077       0.84935155770759685       -5.4487644975461018     
   10.992366412207648        4.6213569016441003       0.85330287552820805       -5.4746597771723513     
   11.068702290070201        4.6432741768189345       0.85724811378947507       -5.5005222906082301     
   11.145038167932753        4.6651636175961126       0.86118758157285247       -5.5263511991692678     
   11.221374045795306        4.6870233698603307       0.86512301797317570       -5.5521463878335169     
   11.297709923657861        4.7088514791879748       0.86905236497714133       -5.5779038441654665     
   11.374045801520413        4.7306490194664548       0.87297144840945418       -5.6036204678760333     
   11.450381679382966        4.7524160355152336       0.87687818597097666       -5.6292942214861332     
   11.526717557245519        4.7741520511061752       0.88077199458032718       -5.6549240456866405     
   11.603053435108073        4.7958565485479987       0.88465705560090180       -5.6805136041491870     
   11.679389312970626        4.8175300719335388       0.88853436502466832       -5.7060644369582576     
   11.755725190833179        4.8391725114987629       0.89240263145114307       -5.7315751429500814     
   11.832061068695731        4.8607818800092675       0.89626534059006924       -5.7570472205995618     
   11.908396946558286        4.8823590765521736       0.90012272070396415       -5.7824817972560290     
   11.984732824420838        4.9039060860296440       0.90397399306499471       -5.8078800790944225     
   12.061068702283391        4.9254225824497340       0.90782001857423333       -5.8332426010237199     
   12.137404580145944        4.9469083948905279       0.91166048991717574       -5.8585688848079176     
   12.213740458008498        4.9683631865341260       0.91549684985167268       -5.8838600363858182     
   12.290076335871051        4.9897875003825147       0.91932774546102869       -5.9091152458433083     
   12.366412213733604        5.0111815418206147       0.92315134432102564       -5.9343328861413021     
   12.442748091596156        5.0325458185843681       0.92696673250186190       -5.9595125510862861     
   12.519083969458709        5.0538803600649649       0.93077271075505474       -5.9846530708200900     
   12.595419847321264        5.0751850477524165       0.93457069989898189       -6.0097557476516448     
   12.671755725183816        5.0964603172560308       0.93835987301369927       -6.0348201902698824     
   12.748091603046369        5.1177064601541682       0.94214134591805954       -6.0598478060720069     
   12.824427480908922        5.1389241679596225       0.94591664419124655       -6.0848408121509419     
   12.900763358771476        5.1601145836148241       0.94968615446945626       -6.1098007380843100     
   12.977099236634029        5.1812789795102843       0.95345001470890578       -6.1347289942188814     
   13.053435114496581        5.2024192553868334       0.95720801864128746       -6.1596272740280256     
   13.129770992359134        5.2235352768024246       0.96096163890047992       -6.1844969157027734     
   13.206106870221689        5.2446268839263430       0.96471046671071714       -6.2093373506373126     
   13.282442748084241        5.2656959408954647       0.96845444985869134       -6.2341503907543530     
   13.358778625946794        5.2867430018917938       0.97219627590098723       -6.2589392777926225     
   13.435114503809347        5.3077693009929590       0.97593739934965706       -6.2837067003423481     
   13.511450381671899        5.3287753259707120       0.97967771121294744       -6.3084530371839334     
   13.587786259534454        5.3497610544974386       0.98342000524988948       -6.3331810597473766     
   13.664122137397007        5.3707270535864051       0.98716445153774202       -6.3578915051240497     
   13.740458015259559        5.3916732230837496       0.99091225052788212       -6.3825854736117060     
   13.816793893122112        5.4125997096969787       0.99466477523868335       -6.4072644849353297     
   13.893129770984666        5.4335083143982432       0.99842084283977472       -6.4319291572379891     
   13.969465648847219        5.4544001095171781        1.0021798258704759       -6.4565799353874000     
   14.045801526709772        5.4752760052993148        1.0059440085620739       -6.4812200138612850     
   14.122137404572324        5.4961378084806665        1.0097140157027016       -6.5058518241836589     
   14.198473282434879        5.5169855105181087        1.0134873928046744       -6.5304729033224502     
   14.274809160297432        5.5378196450822177        1.0172660437790868       -6.5550856888612312     
   14.351145038159984        5.5586407677629142        1.0210495855926585       -6.5796903533557201     
   14.427480916022537        5.5794483035671121        1.0248395755106037       -6.6042878790777824     
   14.503816793885091        5.6002433890405072        1.0286358866623830       -6.6288792757028974     
   14.580152671747644        5.6210270192742611        1.0324385230598760       -6.6534655423343603     
   14.656488549610197        5.6418005367142179        1.0362474933520616       -6.6780480300664511     
   14.732824427472750        5.6625640902432526        1.0400651117564390       -6.7026292019994989     
   14.809160305335302        5.6833186364210704        1.0438911793761594       -6.7272098157972149     
   14.885496183197857        5.7040653983186118        1.0477248344051588       -6.7517902327238897     
   14.961832061060409        5.7248053991415446        1.0515676609247480       -6.7763730600662706     
   15.038167938922962        5.7455388486292831        1.0554190648504045       -6.8009579134794143     
   15.114503816785515        5.7662655075350910        1.0592780367215968       -6.8255435442565746     
   15.190839694648069        5.7869867268859787        1.0631455006175434       -6.8501322275036909     
   15.267175572510622        5.8077026264694753        1.0670231324750417       -6.8747257589445674     
   15.343511450373175        5.8284125924166377        1.0709141854030351       -6.8993267778194953     
   15.419847328235727        5.8491160891453520        1.0748188174484596       -6.9239349065941473     
   15.496183206098282        5.8698125295840340        1.0787371385358531       -6.9485496681198109     
   15.572519083960835        5.8905026799744915        1.0826695884031625       -6.9731722683780752     
   15.648854961823387        5.9111866935763580        1.0866146566628161       -6.9978013502389178     
   15.725190839685940        5.9318631502694075        1.0905758879061564       -7.0224390381759108     
   15.801526717548494        5.9525311976543760        1.0945539193799043       -7.0470851170340891     
   15.877862595411047        5.9731895025358206        1.0985485046100625       -7.0717380071458837     
   15.954198473273600        5.9938379911224899        1.1025572096262868       -7.0963952007490825     
   16.030534351136154        6.0144762692255913        1.1065802341681816       -7.1210565033940298     
   16.106870228998705        6.0351037115100681        1.1106170312222412       -7.1457207427323572     
   16.183206106861260        6.0557221971917050        1.1146649313503245       -7.1703871285416483     
   16.259541984723811        6.0763320672668488        1.1187257980991798       -7.1950578653658619     
   16.335877862586365        6.0969334270521891        1.1227997110501287       -7.2197331381015788     
   16.412213740448919        6.1175269678273700        1.1268873910160473       -7.2444143588434997     
   16.488549618311470        6.1381143198506507        1.1309896242406474       -7.2691039440912464     
   16.564885496174025        6.1586958749737644        1.1351076540961178       -7.2938035290695895     
   16.641221374036579        6.1792719146804780        1.1392407882396329       -7.3185127029201267     
   16.717557251899130        6.1998432290656664        1.1433842878248595       -7.3432275168907672     
   16.793893129761685        6.2204092934965924        1.1475350469228263       -7.3679443404196139     
   16.870229007624236        6.2409698600871888        1.1516929064752275       -7.3926627665623226     
   16.946564885486790        6.2615257961436601        1.1558566315152095       -7.4173824276587883     
   17.022900763349345        6.2820771944374094        1.1600244665242412       -7.4421016609617174     
   17.099236641211895        6.3026237536285663        1.1641978802780715       -7.4668216339064610     
   17.175572519074450        6.3231661865117914        1.1683759128350892       -7.4915420993465505     
   17.251908396937001        6.3437057711090130        1.1725564069277903       -7.5162621780367971     
   17.328244274799555        6.3642422586658682        1.1767393094849865       -7.5409815681503671     
   17.404580152662110        6.3847753693121438        1.1809234236314818       -7.5656987929438451     
   17.480916030524661        6.4053044915924415        1.1851094665783901       -7.5904139581704015     
   17.557251908387215        6.4258281453890618        1.1892995091664120       -7.6151276545556357     
   17.633587786249770        6.4463454876030823        1.1934966438570587       -7.6398421314598117     
   17.709923664112321        6.4668563735109075        1.1977030812802216       -7.6645594547910321     
   17.786259541974875        6.4873597199263004        1.2019177713765212       -7.6892774913029927     
   17.862595419837426        6.5078543277777445        1.2061416446285071       -7.7139959724062575     
   17.938931297699980        6.5283397311765814        1.2103744463252655       -7.7387141775022483     
   18.015267175562535        6.5488155358220181        1.2146170795381075       -7.7634326153603821     
   18.091603053425086        6.5692812091152168        1.2188697385858114       -7.7881509477009274     
   18.167938931287640        6.5897369900895582        1.2231325269123283       -7.8128695170021318     
   18.244274809150195        6.6101828370881552        1.2274054432454764       -7.8375882803338053     
   18.320610687012746        6.6306186115000587        1.2316892129116981       -7.8623078244117810     
   18.396946564875300        6.6510436798959232        1.2359825904558888       -7.8870262703520941     
   18.473282442737851        6.6714578856097546        1.2402852112708094       -7.9117430968808353     
   18.549618320600405        6.6918613603803605        1.2445962660849976       -7.9364576264655691     
   18.625954198462960        6.7122545720500666        1.2489133810787758       -7.9611679531291646     
   18.702290076325511        6.7326379384617798        1.2532333860512284       -7.9858713245133295     
   18.778625954188065        6.7530109034715897        1.2575554768365234       -8.0105663803079175     
   18.854961832050616        6.7733734374888410        1.2618753567739143       -8.0352487942629036     
   18.931297709913171        6.7937252927198504        1.2661907592309400       -8.0599160519500685     
   19.007633587775725        6.8140662180443270        1.2705001327798022       -8.0845663508243177     
   19.083969465638276        6.8343965620397009        1.2748014144261257       -8.1091979764662216     
   19.160305343500831        6.8547167324006093        1.2790947052448134       -8.1338114376461164     
   19.236641221363385        6.8750264436208459        1.2833802510493189       -8.1584066946697202     
   19.312977099225936        6.8953257058957451        1.2876574173953883       -8.1829831232910060     
   19.389312977088490        6.9156148567997189        1.2919260469646632       -8.2075409037644356     
   19.465648854951041        6.9358947547042096        1.2961860880552172       -8.2320808427591743     
   19.541984732813596        6.9561660068853115        1.3004370087751587       -8.2566030156605628     
   19.618320610676150        6.9764282659965433        1.3046795577287758       -8.2811078237253870     
   19.694656488538701        6.9966821518763602        1.3089120124734568       -8.3055941643491398     
   19.770992366401256        7.0169279162787372        1.3131354574453489       -8.3300633737234620     
   19.847328244263807        7.0371658424467274        1.3173500498483595       -8.3545158922954226     
   19.923664122126361        7.0573961643230616        1.3215547031735386       -8.3789508674962967     
   19.999999999988916        7.0776186388478228        1.3257491182134218       -8.4033677570610532     
   20.076335877851466        7.0978337388664645        1.3299354086792001       -8.4277691475459022     
   20.152671755714021        7.1180416632004295        1.3341165368056569       -8.4521582000061173     
   20.229007633576575        7.1382438266223254        1.3382919942095373       -8.4765358208312573     
   20.305343511439126        7.1584412948099887        1.3424628325780903       -8.5009041273878747     
   20.381679389301681        7.1786343504456820        1.3466292233223804       -8.5252635737682940     
   20.458015267164232        7.1988235182365958        1.3507934294229307       -8.5496169476595973     
   20.534351145026786        7.2190096796584768        1.3549570926633339       -8.5739667723224784     
   20.610687022889341        7.2391940598645066        1.3591193083613808       -8.5983133682262807     
   20.687022900751892        7.2593773746632468        1.3632799257676014       -8.6226573004303688     
   20.763358778614446        7.2795593865142418        1.3674400629917132       -8.6469994495056159     
   20.839694656476997        7.2997407925169195        1.3715987002245869       -8.6713394927414953     
   20.916030534339551        7.3199220220862768        1.3757557067095538       -8.6956777287958467     
   20.992366412202106        7.3401045101603630        1.3799100160074111       -8.7200145261675992     
   21.068702290064657        7.3602891714438652        1.3840625222910248       -8.7443516937352488     
   21.145038167927211        7.3804772563242986        1.3882132487442440       -8.7686905050689958     
   21.221374045789766        7.4006694914412696        1.3923643983675125       -8.7930338898085338     
   21.297709923652317        7.4208659056377124        1.3965146977766227       -8.8173806034136604     
   21.374045801514871        7.4410664141616740        1.4006642876494786       -8.8417307018114570     
   21.450381679377422        7.4612718287899238        1.4048117004026757       -8.8660835291927089     
   21.526717557239976        7.4814829988922957        1.4089584835261628       -8.8904414824179980     
   21.603053435102531        7.5017003820489760        1.4131059522930061       -8.9148063343421597     
   21.679389312965082        7.5219245102707761        1.4172553974607389       -8.9391799077315603     
   21.755725190827636        7.5421558372814914        1.4214057133960687       -8.9635615506777739     
   21.832061068690191        7.5623943735377788        1.4255568734105950       -8.9879512469481657     
   21.908396946552742        7.5826405186659604        1.4297107584977375       -9.0123512771637611     
   21.984732824415296        7.6028943178672002        1.4338674090856287       -9.0367617269522835     
   22.061068702277847        7.6231567508491134        1.4380269727579771       -9.0611837236071811     
   22.137404580140402        7.6434282939938782        1.4421920319780903       -9.0856203259715667     
   22.213740458002956        7.6637101153835072        1.4463643483701996       -9.1100744637531186     
   22.290076335865507        7.6840025879431098        1.4505432413421764       -9.1345458292854573     
   22.366412213728061        7.7043053504783972        1.4547291466626164       -9.1590344971403876     
   22.442748091590612        7.7246175721530221        1.4589234361807095       -9.1835410083333571     
   22.519083969453167        7.7449388175606231        1.4631286002155208       -9.2080674177764124     
   22.595419847315721        7.7652690612349904        1.4673461894879880       -9.2326152507231978     
   22.671755725178272        7.7856090895401966        1.4715781566210946       -9.2571872461610791     
   22.748091603040827        7.8059590366881695        1.4758257764751848       -9.2817848131630623     
   22.824427480903381        7.8263188408138475        1.4800909895645591       -9.3064098303783638     
   22.900763358765932        7.8466889098313581        1.4843759940069605       -9.3310649038380067     
   22.977099236628487        7.8670687353819435        1.4886825922004416       -9.3557513275827517     
   23.053435114491037        7.8874569993162904        1.4930128596087919       -9.3804698589250659     
   23.129770992353592        7.9078522592454208        1.4973650628894566       -9.4052173221347246     
   23.206106870216146        7.9282534887447111        1.5017381594755697       -9.4299916482194668     
   23.282442748078697        7.9486596430439045        1.5061311446817378       -9.4547907877257948     
   23.358778625941252        7.9690694623462859        1.5105450248961863       -9.4796144872430066     
   23.435114503803803        7.9894817173182684        1.5149809972121706       -9.5044627145302094     
   23.511450381666357        8.0098956124361340        1.5194366765644278       -9.5293322889997683     
   23.587786259528912        8.0303110549255479        1.5239101976234690       -9.5542212525490910     
   23.664122137391463        8.0507277383709290        1.5283993710547004       -9.5791271094254338     
   23.740458015254017        8.0711444155907532        1.5329016580596624       -9.6040460736511513     
   23.816793893116571        8.0915595738101782        1.5374139528031363       -9.6289735266135938     
   23.893129770979122        8.1119721874397399        1.5419334381889642       -9.6539056256287434     
   23.969465648841677        8.1323803608884564        1.5464591581708085       -9.6788395190593288     
   24.045801526704228        8.1527837375438157        1.5509886644967219       -9.7037724020406575     
   24.122137404566782        8.1731827538120303        1.5555193467927011       -9.7287021006051688     
   24.198473282429337        8.1935773293504734        1.5600474598011960       -9.7536247891521395     
   24.274809160291888        8.2139670860267522        1.5645699176251646       -9.7785370036520316     
   24.351145038154442        8.2343514199430601        1.5690836934894370       -9.8034351134326059     
   24.427480916016997        8.2547298382729561        1.5735874129854004       -9.8283172512583388     
   24.503816793879547        8.2751023538973101        1.5780788964742680       -9.8531812503713532     
   24.580152671742102        8.2954687550150794        1.5825563476031921       -9.8780251026189347     
   24.656488549604653        8.3158287004398215        1.5870183889016605       -9.9028470893417886     
   24.732824427467207        8.3361815219610822        1.5914635260002530       -9.9276450479614429     
   24.809160305329762        8.3565263915650867        1.5958905601699775       -9.9524169517354331     
   24.885496183192313        8.3768632186047967        1.6002989800238840       -9.9771621986285624     
   24.961832061054867        8.3971916206241470        1.6046883029429122       -10.001879923566925     
   25.038167938917418        8.4175121828647370        1.6090591083330958       -10.026571291197868     
   25.114503816779973        8.4378255711067727        1.6134111026508133       -10.051236673757591     
   25.190839694642527        8.4581328527166484        1.6177435962267357       -10.075876448943863     
   25.267175572505078        8.4784346567414719        1.6220571224327942       -10.100491779174273     
   25.343511450367632        8.4987294927266817        1.6263545116310951       -10.125084004357946     
   25.419847328230187        8.5190172143593426        1.6306368448828341       -10.149654059241508     
   25.496183206092738        8.5392973674289312        1.6349036600620863       -10.174201027491033     
   25.572519083955292        8.5595694145457841        1.6391555887800477       -10.198725003326112     
   25.648854961817843        8.5798321031861278        1.6433937770613212       -10.223225880247181     
   25.725190839680398        8.6000851867381538        1.6476171741350731       -10.247702360873346     
   25.801526717542952        8.6203283796953123        1.6518261630743050       -10.272154542769909     
   25.877862595405503        8.6405618591239026        1.6560225394315724       -10.296584398555693     
   25.954198473268058        8.6607848361432893        1.6602083884738468       -10.320993224617244     
   26.030534351130608        8.6809973220203069        1.6643839049813274       -10.345381227001994     
   26.106870228993163        8.7011992896956585        1.6685511196857752       -10.369750409381826     
   26.183206106855717        8.7213905913139982        1.6727100209202108       -10.394100612234515     
   26.259541984718268        8.7415705440062030        1.6768622207789559       -10.418432764785280     
   26.335877862580823        8.7617385529548741        1.6810093316989578       -10.442747884654725     
   26.412213740443377        8.7818956914835500        1.6851515777289956       -10.467047269212395     
   26.488549618305928        8.8020424222113327        1.6892910341579781       -10.491333456369478     
   26.564885496168483        8.8221785677020659        1.6934310273228763       -10.515609595024717     
   26.641221374031034        8.8423043975005378        1.6975727601307855       -10.539877157631759     
   26.717557251893588        8.8624196279778911        1.7017172489918306       -10.564136876969254     
   26.793893129756142        8.8825244066346638        1.7058647297019573       -10.588389136337367     
   26.870229007618693        8.9026189486335507        1.7100157437860259       -10.612634692419869     
   26.946564885481248        8.9227029466111034        1.7141688399011763       -10.636871786512009     
   27.022900763343799        8.9427769300260014        1.7183223260022857       -10.661099256028656     
   27.099236641206353        8.9628405229307599        1.7224763505774940       -10.685316873508603     
   27.175572519068908        8.9828931661700313        1.7266314564929093       -10.709524622663219     
   27.251908396931459        9.0029351208462387        1.7307871828782435       -10.733722303725049     
   27.328244274794013        9.0229661223702191        1.7349435697074360       -10.757909692077956     
   27.404580152656568        9.0429865969064878        1.7391002859641362       -10.782086882870965     
   27.480916030519118        9.0629973307013394        1.7432583315329200       -10.806255662233353     
   27.557251908381673        9.0829994193719603        1.7474180829885266       -10.830417502360524     
   27.633587786244224        9.1029931644058077        1.7515812320790554       -10.854574396485138     
   27.709923664106778        9.1229788355800725        1.7557483913149354       -10.878727226895197     
   27.786259541969333        9.1429564219387860        1.7599200346627439       -10.902876456601064     
   27.862595419831884        9.1629262705266683        1.7640982932473106       -10.927024563774324     
   27.938931297694438        9.1828884446720043        1.7682844494091652       -10.951172894081056     
   28.015267175556993        9.2028437034035857        1.7724781505180796       -10.975321853921908     
   28.091603053419544        9.2227919855845037        1.7766785882085123       -10.999470573793305     
   28.167938931282098        9.2427325436802708        1.7808853420289361       -11.023617885709111     
   28.244274809144649        9.2626650736599387        1.7850980220254675       -11.047763095685630     
   28.320610687007203        9.2825895121545638        1.7893144559136756       -11.071903968068307     
   28.396946564869758        9.3025058859316587        1.7935331685352105       -11.096039054466766     
   28.473282442732309        9.3224145017897495        1.7977528248487276       -11.120167326638233     
   28.549618320594863        9.3423152988502594        1.8019721254434151       -11.144287424293408     
   28.625954198457414        9.3622074825227379        1.8061917349181074       -11.168399217440607     
   28.702290076319969        9.3820916787437554        1.8104115279752457       -11.192503206719010     
   28.778625954182523        9.4019688671332329        1.8146326445557190       -11.216601511689570     
   28.854961832045074        9.4218398307536084        1.8188565181942342       -11.240696348948692     
   28.931297709907629        9.4417045195728910        1.8230845754067566       -11.264789094978850     
   29.007633587770183        9.4615632038458575        1.8273172719451016       -11.288880475790918     
   29.083969465632734        9.4814176708758211        1.8315526771666704       -11.312970348042308     
   29.160305343495288        9.5012686305032439        1.8357887001634154       -11.337057330666514     
   29.236641221357839        9.5211168747579435        1.8400230064472851       -11.361139881204869     
   29.312977099220394        9.5409636295295908        1.8442541017256739       -11.385217731255398     
   29.389312977082948        9.5608090065130096        1.8484801623528744       -11.409289168866284     
   29.465648854945499        9.5806545669857250        1.8526979972014230       -11.433352564187775     
   29.541984732808054        9.6005016097594851        1.8569067268456678       -11.457408336604962     
   29.618320610670605        9.6203516001780294        1.8611069540991616       -11.481458554277127     
   29.694656488533159        9.6402053054910972        1.8652983671061838       -11.505503672597165     
   29.770992366395713        9.6600624382396045        1.8694791994646227       -11.529541637703604     
   29.847328244258264        9.6799233736928247        1.8736499600713401       -11.553573333764982     
   29.923664122120819        9.6997889153780275        1.8778112335725015       -11.577600148949813     
   29.999999999983373        9.7196591435539954        1.8819644042214687       -11.601623547775699     
   30.076335877845924        9.7395341667767745        1.8861099226691960       -11.625644089445988     
   30.152671755708479        9.7594137979603808        1.8902498894411217       -11.649663687401191     
   30.229007633571030        9.7792974483078705        1.8943844641309540       -11.673681912438102     
   30.305343511433584        9.7991839802584746        1.8985138520122156       -11.697697832270276     
   30.381679389296139        9.8190727626538941        1.9026400036015003       -11.721712766255717     
   30.458015267158689        9.8389632947351355        1.9067626533199846       -11.745725948055316     
   30.534351145021244        9.8588549339923297        1.9108816274530378       -11.769736561445280     
   30.610687022883795        9.8787472591050705        1.9149970512225829       -11.793744310327103     
   30.687022900746349        9.8986407658369764        1.9191069983875066       -11.817747764224137     
   30.763358778608904        9.9185355181464061        1.9232102195686533       -11.841745737715893     
   30.839694656471455        9.9384311176249032        1.9273068999057272       -11.865738017530212     
   30.916030534334009        9.9583278328710545        1.9313970972345453       -11.889724930105457     
   30.992366412196564        9.9782257411310855        1.9354824882655908       -11.913708229397114     
   31.068702290059115        9.9981252595212702        1.9395632886352294       -11.937688548156920     
   31.145038167921669        10.018026760263604        1.9436397485668331       -11.961666508830278     
   31.221374045784220        10.037930318247776        1.9477133227652377       -11.985643641012663     
   31.297709923646774        10.057836792122853        1.9517848357350389       -12.009621627857840     
   31.374045801509329        10.077747481912505        1.9558558576819411       -12.033603339594412     
   31.450381679371880        10.097663122361142        1.9599266733486802       -12.057589795709715     
   31.526717557234434        10.117584230968060        1.9639984593922879       -12.081582690359586     
   31.603053435096989        10.137511663526855        1.9680732625868722       -12.105584926113394     
   31.679389312959540        10.157445833816711        1.9721546691232901       -12.129600502940081     
   31.755725190822094        10.177386305692213        1.9762459613086729       -12.153632267000832     
   31.832061068684645        10.197332813534706        1.9803487884783559       -12.177681602012598     
   31.908396946547199        10.217284617351442        1.9844640000710394       -12.201748617422103     
   31.984732824409754        10.237240708378621        1.9885931305556670       -12.225833838934635     
   32.061068702272308        10.257200654368674        1.9927364704981996       -12.249937124867046     
   32.137404580134856        10.277164180189411        1.9968942069210309       -12.274058387110173     
   32.213740457997410        10.297131721346368        2.0010650702916495       -12.298196791639230     
   32.290076335859965        10.317102819677027        2.0052475233379434       -12.322350343014904     
   32.366412213722519        10.337076573336132        2.0094425947424424       -12.346519168079103     
   32.442748091585074        10.357053110111023        2.0136498608048212       -12.370702970916378     
   32.519083969447621        10.377031940031710        2.0178702168245732       -12.394902156857725     
   32.595419847310175        10.397013267352555        2.0221032539859825       -12.419116521339053     
   32.671755725172730        10.416995955051494        2.0263489608175091       -12.443344915869201     
   32.748091603035284        10.436978976217917        2.0306054825919708       -12.467584458809286     
   32.824427480897839        10.456961270231831        2.0348695410767448       -12.491830811307757     
   32.900763358760393        10.476941780260079        2.0391386329246051       -12.516080413184808     
   32.977099236622941        10.496919117551933        2.0434112180254935       -12.540330335577714     
   33.053435114485495        10.516892341619384        2.0476851218292507       -12.564577463449297     
   33.129770992348050        10.536860453361381        2.0519596812063767       -12.588820134568227     
   33.206106870210604        10.556822729229488        2.0562348577654967       -12.613057586994215     
   33.282442748073159        10.576778620900729        2.0605111045562117       -12.637289725457149     
   33.358778625935706        10.596728053437529        2.0647867216461959       -12.661514775083747     
   33.435114503798260        10.616670275366706        2.0690626343396805       -12.685732909705791     
   33.511450381660815        10.636604491624142        2.0733392943635716       -12.709943785986930     
   33.587786259523369        10.656531763700684        2.0776165526421813       -12.734148316343720     
   33.664122137385924        10.676453186033561        2.0818948007891369       -12.758347986823155     
   33.740458015248471        10.696369290664320        2.0861754798053078       -12.782544770470485     
   33.816793893111026        10.716280789526106        2.0904580871814211       -12.806738876707245     
   33.893129770973580        10.736188322980189        2.0947421725060322       -12.830930495485420     
   33.969465648836135        10.756091720608776        2.0990290804072416       -12.855120801015671     
   34.045801526698689        10.775991758647821        2.1033210257797892       -12.879312784428029     
   34.122137404561236        10.795889343476198        2.1076181561661000       -12.903507499642176     
   34.198473282423791        10.815783480244139        2.1119235027170347       -12.927706982961531     
   34.274809160286345        10.835674349443922        2.1162371883345905       -12.951911537778507     
   34.351145038148900        10.855562182496879        2.1205606360473039       -12.976122818543493     
   34.427480916011454        10.875447032356375        2.1248954233833328       -13.000342455739778     
   34.503816793874002        10.895328490717311        2.1292443522847275       -13.024572843001970     
   34.580152671736556        10.915205346432380        2.1336076130475070       -13.048812959480076     
   34.656488549599111        10.935077401357777        2.1379854702202672       -13.073062871578200     
   34.732824427461665        10.954945248437792        2.1423758192807236       -13.097321067718985     
   34.809160305324220        10.974808171611036        2.1467802738394361       -13.121588445450195     
   34.885496183186774        10.994665636063111        2.1511961724260735       -13.145861808489201     
   34.961832061049321        11.014516920593755        2.1556239715517882       -13.170140892145573     
   35.038167938911876        11.034361947110243        2.1600638454888492       -13.194425792599008     
   35.114503816774430        11.054200854551002        2.1645167462871173       -13.218717600837179     
   35.190839694636985        11.074034084301934        2.1689827977105551       -13.243016882012469     
   35.267175572499539        11.093861425767242        2.1734615641838309       -13.267322989950863     
   35.343511450362087        11.113682988833077        2.1779527438526238       -13.291635732685990     
   35.419847328224641        11.133499357194840        2.1824542959761333       -13.315953653170787     
   35.496183206087196        11.153310100955162        2.1869664469799934       -13.340276547935112     
   35.572519083949750        11.173115122085255        2.1914865202790588       -13.364601642364752     
   35.648854961812305        11.192914824675347        2.1960127773724265       -13.388927602048167     
   35.725190839674852        11.212709996771741        2.2005434650074513       -13.413253461779135     
   35.801526717537406        11.232500543666406        2.2050760352759005       -13.437576578942418     
   35.877862595399961        11.252286461526278        2.2096100453955452       -13.461896506921677     
   35.954198473262515        11.272068313860419        2.2141425405015704       -13.486210854362277     
   36.030534351125070        11.291846156588944        2.2186703166712594       -13.510516473258981     
   36.106870228987617        11.311619627375258        2.2231923228753483       -13.534811950251129     
   36.183206106850172        11.331388474197947        2.2277072770647157       -13.559095751262692     
   36.259541984712726        11.351151595001680        2.2322124745874823       -13.583364069590255     
   36.335877862575281        11.370908290399287        2.2367096729821254       -13.607617963381211     
   36.412213740437835        11.390658623110433        2.2411949225339658       -13.631853545644169     
   36.488549618300389        11.410402482355142        2.2456677821566209       -13.656070264511953     
   36.564885496162937        11.430138604393640                      -Infinity                  Infinity
   36.641221374025491        11.449867057530639        2.2545936189458549       -13.704460676475767     
   36.717557251888046        11.469587175780442        2.2590390417664388       -13.728626217547415     
   36.793893129750600        11.489297895846031        2.2634750823456735       -13.752772978191496     
   36.870229007613155        11.508998627991101        2.2679029737298499       -13.776901601720988     
   36.946564885475702        11.528689405090038        2.2723245934808136       -13.801013998571031     
   37.022900763338257        11.548369362480388        2.2767418676329112       -13.825111230113375     
   37.099236641200811        11.568037783326870        2.2811550322667529       -13.849192815594160     
   37.175572519063365        11.587695046531845        2.2855644541317379       -13.873259500663126     
   37.251908396925920        11.607341621105315        2.2899697127209815       -13.897311333825943     
   37.328244274788467        11.626977714703601        2.2943688939762978       -13.921346608679432     
   37.404580152651022        11.646603775172032        2.2987634824285679       -13.945367257600868     
   37.480916030513576        11.666221251858291        2.3031490845030484       -13.969370336361248     
   37.557251908376131        11.685830084782241        2.3075247578892677       -13.993354842671323     
   37.633587786238685        11.705430720769462        2.3118905919981265       -14.017321312766544     
   37.709923664101233        11.725023382469203        2.3162456207191919       -14.041269003188058     
   37.786259541963787        11.744609282107442                      -Infinity                  Infinity
   37.862595419826341        11.764188608560143        2.3249058883289591       -14.089094496888650     
   37.938931297688896        11.783761802643975        2.3292165442288910       -14.112978346873982     
   38.015267175551450        11.803329873242724        2.3335078719617894       -14.136837745204204     
   38.091603053413998        11.822893064254492        2.3377826911112618       -14.160675755365471     
   38.167938931276552        11.842451469489442        2.3420434650147364       -14.184494934505022     
