           0           0           0           0
   7.6335877862553109E-002   7.3562386553562877E-003   6.9666526006839688E-002  -7.4903215844541382E-003  -1.2625115762957098E-008   4.2342299104609058     
  0.15267175572510622        2.1989508074898474E-002   6.7785705610740238E-002  -2.1767527652369695E-002  -1.2031971228293280E-008   4.2352294002086373     
  0.22900763358765933        3.6095561810168847E-002   6.5945947273798447E-002  -3.5072709217656969E-002  -1.1452495601333059E-008   4.2453475245192749     
  0.30534351145021243        4.9556375613345964E-002   6.4150841127428762E-002  -4.7329927237992217E-002  -1.0955833267019628E-008   4.2564272657763871     
  0.38167938931276557        6.2278113746480401E-002   6.2402989177702463E-002  -5.8496902849350052E-002  -1.0543397458063327E-008   4.2553852331505961     
  0.45801526717531865        7.4193391784771259E-002   6.0701433950554030E-002  -6.8565370062246500E-002  -1.0179799230505296E-008   4.2401850066157420     
  0.53435114503787173        8.5259672342423806E-002   5.9048867245801960E-002  -7.7555029200768524E-002  -9.8741792389190485E-009   4.2172114349995802     
  0.61068702290042487        9.5455776591224464E-002   5.7458193020625450E-002  -8.5504324434107409E-002  -9.6580157745611716E-009   4.1905593844769271     
  0.68702290076297801       0.10477464746471993        5.5944666944826249E-002  -9.2463280209962792E-002  -9.5091550910492514E-009   4.1601267140807199     
  0.76335877862553114       0.11322346019951327        5.4511885483091729E-002  -9.8492802181709166E-002  -9.3669029625584580E-009   4.1303280700711751     
  0.83969465648808417       0.12082590593874785        5.3152876964746749E-002 -0.10366935533199917       -9.2223762913133337E-009   4.1066102909564570     
  0.91603053435063730       0.12761592145310388        5.1860601689430019E-002 -0.10807040884231162       -9.1206649209308526E-009   4.0870722735401142     
  0.99236641221319044       0.13363833820987042        5.0635245557198484E-002 -0.11177589689358688       -9.1228128918132230E-009   4.0719257426499578     
   1.0687022900757435       0.13894356460222185        4.9481565349285668E-002 -0.11486316842090294       -9.2703911773433165E-009   4.0627431274878791     
   1.1450381679382966       0.14358402134670248        4.8402331174573494E-002 -0.11740325173770336       -9.5622085783931426E-009   4.0583223396725545     
   1.2213740458008497       0.14761476758767295        4.7398219837786831E-002 -0.11946571604112102       -9.9729961710891986E-009   4.0583547010187946     
   1.2977099236634029       0.15109143393433566        4.6467861393750205E-002 -0.12111743927550764       -1.0494565559162187E-008   4.0643792302325625     
   1.3740458015259560       0.15406746700256449        4.5608850021496228E-002 -0.12241876192262718       -1.1119566368550180E-008   4.0752253694680816     
   1.4503816793885091       0.15659382674686789        4.4817820039369363E-002 -0.12342208514233149       -1.1826781941734818E-008   4.0917103046394558     
   1.5267175572510623       0.15871820804887316        4.4089673292029584E-002 -0.12417318070870573       -1.2592105957592480E-008   4.1114859657749800     
   1.6030534351136152       0.16048477559258892        4.3418614152842698E-002 -0.12471367223334520       -1.3385896158238516E-008   4.1316548264566331     
   1.6793893129761683       0.16193520965073871        4.2798761749852164E-002 -0.12508291498578020       -1.4179372151736118E-008   4.1484963713107028     
   1.7557251908387215       0.16310622418696857        4.2225870309088545E-002 -0.12531214042802816       -1.4945085164132730E-008   4.1589273432814862     
   1.8320610687012746       0.16403095925859149        4.1698139438703020E-002 -0.12542710016086608       -1.5685250547955958E-008   4.1661874460730735     
   1.9083969465638277       0.16473786746364968        4.1216030083877496E-002 -0.12544806716601775       -1.6422235169099151E-008   4.1754575536720040     
   1.9847328244263809       0.16525281361229352        4.0780613560260061E-002 -0.12539260380545073       -1.7163284461853123E-008   4.1904796921086405     
   2.0610687022889338       0.16559776875148211        4.0388659474595905E-002 -0.12527511902237798       -1.7900600945084096E-008   4.2118787627106169     
   2.1374045801514869       0.16578888164292721        4.0034323744666749E-002 -0.12510147774260461       -1.8622387474862321E-008   4.2356835181150592     
   2.2137404580140401       0.16584364314717245        3.9711139298081517E-002 -0.12487955897681582       -1.9319782240406982E-008   4.2594082803922264     
   2.2900763358765932       0.16578119285032344        3.9412577295086806E-002 -0.12462434960930108       -2.0013192509643727E-008   4.2845755409623685     
   2.3664122137391463       0.16561785539489493        3.9135362087567578E-002 -0.12434837193525586       -2.0738790820977774E-008   4.3104855570209688     
   2.4427480916016995       0.16536708134805519        3.8878938495680360E-002 -0.12406299269086599       -2.1493863759266579E-008   4.3359992549541273     
   2.5190839694642526       0.16503968388646767        3.8642645232494305E-002 -0.12377440645473081       -2.2249894487989068E-008   4.3634949530662199     
   2.5954198473268058       0.16464454096528489        3.8423436637957026E-002 -0.12348046091589945       -2.2964043096504485E-008   4.3909499625474409     
   2.6717557251893589       0.16419203629188231        3.8215287335153440E-002 -0.12318290785684244       -2.3575456824809533E-008   4.4152160719212317     
   2.7480916030519120       0.16369413026902183        3.8012000041009665E-002 -0.12288383747731282       -2.4065371016724421E-008   4.4357408965691683     
   2.8244274809144652       0.16316033251922876        3.7809472504597215E-002 -0.12258185927692927       -2.4473271746846126E-008   4.4516040753064319     
   2.9007633587770183       0.16259819018517627        3.7607750382043371E-002 -0.12227903747405575       -2.4853889540750376E-008   4.4642757075288522     
   2.9770992366395714       0.16201334256440145        3.7410602135241326E-002 -0.12197684389760874       -2.5215463504633977E-008   4.4733918018504699     
   3.0534351145021246       0.16141013136537680        3.7220814598512841E-002 -0.12167479185084235       -2.5524201167311733E-008   4.4810361553701350     
   3.1297709923646773       0.16079131842889022        3.7038512590724403E-002 -0.12137334226968394       -2.5770980152726936E-008   4.4855643344823628     
   3.2061068702272304       0.16015901446955094        3.6862745365715995E-002 -0.12107341278862246       -2.5944357932295683E-008   4.4801851698667150     
   3.2824427480897835       0.15951785894619808        3.6693650283398313E-002 -0.12077634246366165       -2.6064704014833787E-008   4.4721628216685643     
   3.3587786259523367       0.15887118172167061        3.6533843299613289E-002 -0.12048074818801588       -2.6211127948314725E-008   4.4723880187376377     
   3.4351145038148898       0.15821667118302249        3.6384970081808340E-002 -0.12017932736505832       -2.6387949989279377E-008   4.4783704898142185     
   3.5114503816774429       0.15755357334487885        3.6245391349685414E-002 -0.11986578863784605       -2.6554274361133799E-008   4.4879634545887548     
   3.5877862595399961       0.15688551663112477        3.6112944000617188E-002 -0.11954150875692232       -2.6726806777305380E-008   4.5014935521797730     
   3.6641221374025492       0.15621523338133084        3.5986855640519441E-002 -0.11921052377732774       -2.6905584584347793E-008   4.5122593205736541     
   3.7404580152651024       0.15554361584909954        3.5865736741481601E-002 -0.11887487546626146       -2.7052485885099497E-008   4.5143201914861582     
   3.8167938931276555       0.15487085951516896        3.5748855349234422E-002 -0.11853581024899798       -2.7188496940726240E-008   4.5128265435959465     
   3.8931297709902086       0.15420100306120191        3.5639310084690450E-002 -0.11819809181879237       -2.7354481177736132E-008   4.5139895112422668     
   3.9694656488527618       0.15353596721156693        3.5539171301573920E-002 -0.11786362332408709       -2.7516934900749543E-008   4.5181374303980988     
   4.0458015267153149       0.15287492814015019        3.5447869786732256E-002 -0.11753204884312865       -2.7687663300622169E-008   4.5355259335418916     
   4.1221374045778676       0.15221906691424106        3.5365603661475606E-002 -0.11720488579930916       -2.7908219440792430E-008   4.5598772107946912     
   4.1984732824404212       0.15156880425496735        3.5290450481956323E-002 -0.11688394921930281       -2.8106269562934305E-008   4.5772642117893252     
   4.2748091603029739       0.15092389749441015        3.5217934822301351E-002 -0.11656924382885750       -2.8214395329291871E-008   4.5818081765946941     
   4.3511450381655274       0.15028638984347226        3.5145313268481138E-002 -0.11626231928498326       -2.8219242435127751E-008   4.5690223170408375     
   4.4274809160280801       0.14966083994572127        3.5073682627192578E-002 -0.11596920238006272       -2.8168299180037201E-008   4.5458577585819038     
   4.5038167938906337       0.14904787401847649        3.5008006570931609E-002 -0.11568907104083900       -2.8144780264401878E-008   4.5243659111106016     
   4.5801526717531864       0.14844464056972828        3.4953148019419032E-002 -0.11541470393868694       -2.8163699583102814E-008   4.5145638797516172     
   4.6564885496157400       0.14784947172336441        3.4908786668507261E-002 -0.11514007302726650       -2.8198270798327642E-008   4.5190866784298880     
   4.7328244274782927       0.14726274005441781        3.4870013317899400E-002 -0.11486437154007959       -2.8241532131224441E-008   4.5312024613134225     
   4.8091603053408463       0.14668297391633153        3.4832458005476845E-002 -0.11458752025793403       -2.8322367010576234E-008   4.5391884429308291     
   4.8854961832033990       0.14611018642524568        3.4794714323608172E-002 -0.11431174654156620       -2.8382109654712499E-008   4.5326463318483947     
   4.9618320610659516       0.14554585122025951        3.4756010559816308E-002 -0.11404043817776296       -2.8387038206948648E-008   4.5232579953168566     
   5.0381679389285052       0.14499152693722409        3.4718022718697505E-002 -0.11377410264822746       -2.8379078631794722E-008   4.5198243450701527     
   5.1145038167910579       0.14444867852062079        3.4682346466542037E-002 -0.11351014047012853       -2.8345882850024479E-008   4.5179352614328145     
   5.1908396946536115       0.14391641305877476        3.4647848718822122E-002 -0.11324231749462160       -2.8281807587894072E-008   4.5169588603313731     
   5.2671755725161642       0.14339758663099861        3.4613706246759017E-002 -0.11297026281421196       -2.8204193422378013E-008   4.5116661705416785     
   5.3435114503787178       0.14289280107488403        3.4579494791169306E-002 -0.11269257953489212       -2.8103374991224346E-008   4.4985034609906291     
   5.4198473282412705       0.14240189459082692        3.4545550886128450E-002 -0.11240754745133189       -2.7993760156820456E-008   4.4849681810932118     
   5.4961832061038240       0.14192623198650434        3.4513266977483623E-002 -0.11211597822882810       -2.7931583177420415E-008   4.4792280406169240     
   5.5725190839663767       0.14146261154484013        3.4483338738355206E-002 -0.11181422613194411       -2.7910248550875940E-008   4.4759678863440744     
   5.6488549618289303       0.14100729224644912        3.4454556807016069E-002 -0.11149974611856986       -2.7873792715985845E-008   4.4689183311711096     
   5.7251908396914830       0.14056003423636260        3.4425590352035990E-002 -0.11117429603457238       -2.7812880116919406E-008   4.4587799254703970     
   5.8015267175540366       0.14012349965219859        3.4397119126059791E-002 -0.11084142635263958       -2.7761624609317396E-008   4.4500254566378619     
   5.8778625954165893       0.13969728182590704        3.4369857164004106E-002 -0.11050294918188860       -2.7746875707413188E-008   4.4455598014198898     
   5.9541984732791429       0.13927909686827028        3.4343824918909603E-002 -0.11015769864806518       -2.7757431506624925E-008   4.4448595451359010     
   6.0305343511416956       0.13886717326504266        3.4318371923684678E-002 -0.10980619471879241       -2.7788187798813926E-008   4.4475912312429831     
   6.1068702290042491       0.13846032394108881        3.4292127952932475E-002 -0.10945364687223200       -2.7849668229883837E-008   4.4516967409760895     
   6.1832061068668018       0.13806114870173922        3.4264848193125322E-002 -0.10910541783566846       -2.7938934818626644E-008   4.4544057618446269     
   6.2595419847293545       0.13767182711148868        3.4236704378708641E-002 -0.10876383049935301       -2.8042441168860599E-008   4.4569522022797283     
   6.3358778625919081       0.13729367201381812        3.4207261750589468E-002 -0.10843092608403712       -2.8162218111933248E-008   4.4616421780570654     
   6.4122137404544608       0.13692730221367863        3.4175892909353127E-002 -0.10810592541858285       -2.8299705866782629E-008   4.4670406359542190     
   6.4885496183170144       0.13657202207633315        3.4142182875637458E-002 -0.10778674954107956       -2.8427634689864734E-008   4.4701033980556772     
   6.5648854961795671       0.13622771162314559        3.4105910360577946E-002 -0.10747246893728898       -2.8508535831182381E-008   4.4690823747877957     
   6.6412213740421207       0.13589742834985202        3.4067651184410346E-002 -0.10716276266834213       -2.8544641445341925E-008   4.4644324682016832     
   6.7175572519046733       0.13558376007767381        3.4029537964089411E-002 -0.10685725821055686       -2.8597001244116022E-008   4.4608084971010404     
   6.7938931297672269       0.13528414802927050        3.3994359760306452E-002 -0.10655092559884402       -2.8687280830538311E-008   4.4571916710253792     
   6.8702290076297796       0.13499569541462492        3.3962428625574539E-002 -0.10623921713065945       -2.8784612131044694E-008   4.4570891717515915     
   6.9465648854923332       0.13471904972436094        3.3933454935162866E-002 -0.10592412768671017       -2.8922148861058026E-008   4.4619245461518942     
   7.0229007633548859       0.13445369065726448        3.3906642066696586E-002 -0.10560895076596130       -2.9079801322088354E-008   4.4645278190787536     
   7.0992366412174395       0.13419796791026095        3.3880235793004851E-002 -0.10530128485365117       -2.9223141909292289E-008   4.4655858573394527     
   7.1755725190799922       0.13395178094333349        3.3853104001274184E-002 -0.10501224344733487       -2.9345853193757966E-008   4.4638167020236654     
   7.2519083969425457       0.13371500901025943        3.3824676286089123E-002 -0.10474917964429659       -2.9424763386006087E-008   4.4579870095617533     
   7.3282442748050984       0.13348679125367172        3.3794676470691891E-002 -0.10451319522157440       -2.9449070416922064E-008   4.4495054403083287     
   7.4045801526676511       0.13326807354802500        3.3763117127727726E-002 -0.10430417518619287       -2.9425757372755655E-008   4.4388835017940371     
   7.4809160305302047       0.13306051403180791        3.3731678060807353E-002 -0.10412040824289698       -2.9358763887291492E-008   4.4257585769762313     
   7.5572519083927574       0.13286390380846569        3.3702108884023210E-002 -0.10395871657502906       -2.9252222177109955E-008   4.4117195020704241     
   7.6335877862553110       0.13267710786600981        3.3675387317036364E-002 -0.10381630580147286       -2.9112193787134031E-008   4.3989595364431997     
   7.7099236641178637       0.13249793693092227        3.3651181111079412E-002 -0.10368762485051558       -2.8940199029678738E-008   4.3871415865696086     
   7.7862595419804173       0.13232714828682962        3.3629774073316764E-002 -0.10356954573859409       -2.8738238482677022E-008   4.3746446883007488     
   7.8625954198429699       0.13216357969046882        3.3611316709041009E-002 -0.10345997347212083       -2.8518697537619814E-008   4.3613470841189592     
   7.9389312977055235       0.13200490709139920        3.3594802068612678E-002 -0.10335787180633363       -2.8297932486737350E-008   4.3478322967796954     
   8.0152671755680771       0.13185225013615359        3.3580755722158163E-002 -0.10326486533252657       -2.8090646815467020E-008   4.3351988217161779     
   8.0916030534306298       0.13170672839211281        3.3570465847999831E-002 -0.10318357763737659       -2.7907516963833161E-008   4.3256336452654613     
   8.1679389312931825       0.13156681891799016        3.3563478231315495E-002 -0.10311312603141665       -2.7747519085311746E-008   4.3184994164531805     
   8.2442748091557352       0.13143194136561731        3.3558665751119862E-002 -0.10305288468377830       -2.7601392413825225E-008   4.3116162732376324     
   8.3206106870182897       0.13130355146732392        3.3555806608062788E-002 -0.10300478972660942       -2.7468429895221812E-008   4.3053193126651328     
   8.3969465648808423       0.13118149004799648        3.3555180086184168E-002 -0.10296665165010541       -2.7369717700496792E-008   4.3012254365839340     
   8.4732824427433950       0.13106584323677353        3.3558127575514955E-002 -0.10293361096600803       -2.7339273770153823E-008   4.3023703427167233     
   8.5496183206059477       0.13095575976532586        3.3565314644966260E-002 -0.10289876266448009       -2.7360979191621947E-008   4.3041289825338271     
   8.6259541984685004       0.13085194990466928        3.3575996571468029E-002 -0.10285779233277015       -2.7374600277989454E-008   4.3036655210314150     
   8.7022900763310549       0.13075535998212426        3.3588413073359968E-002 -0.10280821034781754       -2.7403543140750216E-008   4.3068069759513312     
   8.7786259541936076       0.13066341034085915        3.3601758658255841E-002 -0.10274482358647774       -2.7501026048974715E-008   4.3142689021058951     
   8.8549618320561603       0.13057613098750601        3.3616880668593002E-002 -0.10266916347886196       -2.7651000218196584E-008   4.3209749623803404     
   8.9312977099187130       0.13049301261525012        3.3632988271048644E-002 -0.10258458789462466       -2.7792094024085298E-008   4.3235869604650023     
   9.0076335877812674       0.13041290893175694        3.3648032010985977E-002 -0.10249297013690084       -2.7893835801839744E-008   4.3224359506741719     
   9.0839694656438201       0.13033906668331705        3.3661064628920330E-002 -0.10239878846446504       -2.7968881893603979E-008   4.3189675396525073     
   9.1603053435063728       0.13027256247520769        3.3671518528896688E-002 -0.10230313807674626       -2.8033947639292946E-008   4.3141918882699670     
   9.2366412213689255       0.13021222190447657        3.3678878080582814E-002 -0.10220381943474860       -2.8085858576283946E-008   4.3080876966151189     
   9.3129770992314800       0.13015689991331081        3.3682938915734491E-002 -0.10209841571024342       -2.8118966019006590E-008   4.3012376634213716     
   9.3893129770940327       0.13010791619624895        3.3683753520331330E-002 -0.10199022327759993       -2.8129423871347298E-008   4.2944985449912405     
   9.4656488549565854       0.13006445256789359        3.3681170028063950E-002 -0.10188199915906590       -2.8127371640482851E-008   4.2890188966891101     
   9.5419847328191381       0.13002353957097748        3.3675580908816935E-002 -0.10177579020015942       -2.8120592151902673E-008   4.2840622743271028     
   9.6183206106816925       0.12998500335682220        3.3668048981109283E-002 -0.10167601292902514       -2.8085563848040596E-008   4.2765909369118047     
   9.6946564885442452       0.12994603516296108        3.3658064618025722E-002 -0.10158148093250291       -2.8018319452071647E-008   4.2682227825589569     
   9.7709923664067979       0.12990540791102359        3.3645965070029225E-002 -0.10149032567277269       -2.7968398861736139E-008   4.2641364236747572     
   9.8473282442693506       0.12986562676705299        3.3633190946893869E-002 -0.10140448663134580       -2.7972741544119449E-008   4.2632211522731769     
   9.9236641221319033       0.12982896815539910        3.3620560445384348E-002 -0.10132531881048520       -2.8005032122434541E-008   4.2606220721983918     
   9.9999999999944578       0.12979289037283590        3.3606655727654075E-002 -0.10124828670423064       -2.8032318130405594E-008   4.2546425237958729     
   10.076335877857010       0.12975672335903990        3.3590916374923341E-002 -0.10117103578754646       -2.8057924161195384E-008   4.2470242914229628     
   10.152671755719563       0.12972271989140924        3.3575380816013273E-002 -0.10109563274299077       -2.8103090988865262E-008   4.2407675480471507     
   10.229007633582116       0.12968776368501006        3.3561338874715699E-002 -0.10102044102094326       -2.8180292252198705E-008   4.2356072316729572     
   10.305343511444670       0.12965061894214136        3.3550754316706170E-002 -0.10094837384628372       -2.8267837811542515E-008   4.2291707370115352     
   10.381679389307223       0.12961308871479935        3.3544967865788679E-002 -0.10088773064907686       -2.8335777816202124E-008   4.2216953455294872     
   10.458015267169776       0.12957481736683288        3.3542645886595120E-002 -0.10084274935076010       -2.8381190383779957E-008   4.2144440396912977     
   10.534351145032328       0.12953550000545555        3.3541482777189636E-002 -0.10081264442580321       -2.8427107877605650E-008   4.2075912425583439     
   10.610687022894883       0.12949257201379508        3.3539323020729241E-002 -0.10079210475283068       -2.8494110103367459E-008   4.2019875912904796     
   10.687022900757436       0.12944434984860698        3.3535697816127051E-002 -0.10077593822679451       -2.8586981126172781E-008   4.1984275075186117     
   10.763358778619988       0.12939280293827288        3.3531891861502128E-002 -0.10076153947240099       -2.8690620925465766E-008   4.1951324205734251     
   10.839694656482541       0.12933746969501198        3.3528961501359672E-002 -0.10074486298191312       -2.8782015526534981E-008   4.1908869102047550     
   10.916030534345095       0.12927939403471744        3.3528166208641803E-002 -0.10072446469807012       -2.8847164101930389E-008   4.1858238346733314     
   10.992366412207648       0.12921973291266542        3.3530617902556029E-002 -0.10070110470577792       -2.8894256970855058E-008   4.1817454911024790     
   11.068702290070201       0.12915655759039751        3.3536844900980585E-002 -0.10067555280856608       -2.8941150396628871E-008   4.1822017739800899     
   11.145038167932753       0.12908841479310754        3.3547961474843006E-002 -0.10064764126246400       -2.8986319440082434E-008   4.1857649345639185     
   11.221374045795306       0.12901448565624765        3.3563134546506869E-002 -0.10061714870334112       -2.8996836752061230E-008   4.1876270679086511     
   11.297709923657861       0.12893254411809860        3.3579890407576550E-002 -0.10058342062429629       -2.8951262341037815E-008   4.1865204386703843     
   11.374045801520413       0.12884403086266896        3.3597205544207906E-002 -0.10054673947018383       -2.8870857240131625E-008   4.1837172061861025     
   11.450381679382966       0.12875189894270261        3.3615250747718504E-002 -0.10050594814150066       -2.8794520928027776E-008   4.1811463473535886     
   11.526717557245519       0.12865612935020562        3.3634825104967701E-002 -0.10045708081982244       -2.8732411024548951E-008   4.1794203559533250     
   11.603053435108073       0.12855724397979501        3.3656643505100420E-002 -0.10039817837684123       -2.8668753216742759E-008   4.1777763194661537     
   11.679389312970626       0.12845639072488155        3.3680023331513632E-002 -0.10032883131914958       -2.8573524767793504E-008   4.1757319555722008     
   11.755725190833179       0.12835263995066615        3.3703092106734785E-002 -0.10024650888010914       -2.8429343919680001E-008   4.1739251766997771     
   11.832061068695731       0.12824450122030825        3.3723138840433153E-002 -0.10014899440861058       -2.8260738712120372E-008   4.1741427967109335     
   11.908396946558286       0.12813510165982481        3.3739870591117466E-002 -0.10003953912057220       -2.8109447309821604E-008   4.1770935499951571     
   11.984732824420838       0.12802755556994891        3.3755366518391935E-002  -9.9922169626689150E-002  -2.7990931677444970E-008   4.1809325915358952     
   12.061068702283391       0.12791983789149006        3.3770225356010451E-002  -9.9796781033353821E-002  -2.7889469139972512E-008   4.1838450606114064     
   12.137404580145944       0.12781185844284640        3.3783682568618162E-002  -9.9666736412787726E-002  -2.7795553139300771E-008   4.1869449032713506     
   12.213740458008498       0.12770464021879863        3.3795382612995591E-002  -9.9537202458511748E-002  -2.7731058459665882E-008   4.1927190922059667     
   12.290076335871051       0.12759826279060779        3.3805369425571767E-002  -9.9413220706534550E-002  -2.7713653548329228E-008   4.2025629523557804     
   12.366412213733604       0.12749378369568540        3.3813885003932405E-002  -9.9299151290911936E-002  -2.7735112512385906E-008   4.2149465575689407     
   12.442748091596156       0.12738952711299206        3.3820365747814392E-002  -9.9192479032652381E-002  -2.7751733456680024E-008   4.2228232963193184     
   12.519083969458709       0.12728524110402914        3.3823699605814363E-002  -9.9089826870883385E-002  -2.7723244289080957E-008   4.2246680948993056     
   12.595419847321264       0.12718308739744463        3.3823964280511057E-002  -9.8990191141418910E-002  -2.7659131315602000E-008   4.2254774188918258     
   12.671755725183816       0.12708335247388805        3.3822158494292966E-002  -9.8892376060805448E-002  -2.7590735999730988E-008   4.2283678843294288     
   12.748091603046369       0.12698706211319113        3.3819166770078068E-002  -9.8796262615937602E-002  -2.7520277832852252E-008   4.2322473713643811     
   12.824427480908922       0.12689659304421258        3.3815302215026717E-002  -9.8704869840439718E-002  -2.7450958269393666E-008   4.2390080381063724     
   12.900763358771476       0.12681162254703832        3.3809697713390513E-002  -9.8620348648230743E-002  -2.7392974447131045E-008   4.2466645680337747     
   12.977099236634029       0.12672913174201861        3.3799964610722544E-002  -9.8543602540645286E-002  -2.7314779457950503E-008   4.2494100216807462     
   13.053435114496581       0.12664897664454658        3.3784539993769798E-002  -9.8478206755391567E-002  -2.7192877854821095E-008   4.2462128200578491     
   13.129770992359134       0.12657243649182756        3.3762823220431518E-002  -9.8425295823287934E-002  -2.7045998008390095E-008   4.2400545676663510     
   13.206106870221689       0.12649980049214274        3.3735261489417474E-002  -9.8381268735572097E-002  -2.6914541812006595E-008   4.2351922501607149     
   13.282442748084241       0.12643477437488784        3.3705090073625779E-002  -9.8344740819260812E-002  -2.6816298255283391E-008   4.2337795844801676     
   13.358778625946794       0.12637845670041026        3.3674523488363202E-002  -9.8313575315912255E-002  -2.6741586185264806E-008   4.2365199350818736     
   13.435114503809347       0.12632830433954526        3.3643831627009117E-002  -9.8283452296496487E-002  -2.6692117836886657E-008   4.2422159930282355     
   13.511450381671899       0.12628268713193980        3.3612443447105060E-002  -9.8252690637259166E-002  -2.6667170226123043E-008   4.2467856466918557     
   13.587786259534454       0.12624324613181914        3.3580338999251134E-002  -9.8224658481536276E-002  -2.6654137192567100E-008   4.2472653634418540     
   13.664122137397007       0.12621001456592976        3.3548513976667825E-002  -9.8200721520985162E-002  -2.6659319684325528E-008   4.2467855130790326     
   13.740458015259559       0.12617950075049142        3.3517357352513398E-002  -9.8177280276764894E-002  -2.6705566070218199E-008   4.2486163153398460     
   13.816793893122112       0.12615126090566861        3.3487295102457418E-002  -9.8152924460681051E-002  -2.6790883003635737E-008   4.2503617000382867     
   13.893129770984666       0.12612633788078859        3.3458231535116623E-002  -9.8127120395759521E-002  -2.6886195378626969E-008   4.2506046894185125     
   13.969465648847219       0.12610511837622462        3.3429166126173707E-002  -9.8099906029407352E-002  -2.7006455083571430E-008   4.2527710080307308     
   14.045801526709772       0.12608843894593472        3.3401047323931954E-002  -9.8074104818813734E-002  -2.7193131324339089E-008   4.2589993414598792     
   14.122137404572324       0.12607719200589451        3.3375593926446470E-002  -9.8053888415297691E-002  -2.7433417263980633E-008   4.2661197194109768     
   14.198473282434879       0.12607028935656112        3.3351814243476448E-002  -9.8040370914260461E-002  -2.7681216541095848E-008   4.2735963833894397     
   14.274809160297432       0.12606660675119849        3.3328739675670349E-002  -9.8030964886733851E-002  -2.7923664936510597E-008   4.2826070737316462     
   14.351145038159984       0.12606446363306487        3.3306699750761865E-002  -9.8020032988933858E-002  -2.8155558124914492E-008   4.2894470949312256     
   14.427480916022537       0.12606326546862429        3.3285824308498482E-002  -9.8003931353292467E-002  -2.8341765886817441E-008   4.2912619545026169     
   14.503816793885091       0.12606562765941440        3.3266194370512245E-002  -9.7986119089402551E-002  -2.8464988202863100E-008   4.2930632293717457     
   14.580152671747644       0.12607362115443674        3.3247514627566796E-002  -9.7971041713443813E-002  -2.8545737839971063E-008   4.2994216890784722     
   14.656488549610197       0.12608658612318233        3.3229190433528809E-002  -9.7960269433271491E-002  -2.8582728661651639E-008   4.3069897381787925     
   14.732824427472750       0.12610213315366400        3.3209515202513015E-002  -9.7952720098790497E-002  -2.8565426981022076E-008   4.3146963360409751     
   14.809160305335302       0.12612045989534715        3.3187617647036663E-002  -9.7948694511800161E-002  -2.8530912429062085E-008   4.3241416948454070     
   14.885496183197857       0.12614445319053399        3.3165605705688841E-002  -9.7950503157509056E-002  -2.8512111061696507E-008   4.3332768632276100     
   14.961832061060409       0.12617306111901544        3.3144882204418420E-002  -9.7955756920779458E-002  -2.8496021429522850E-008   4.3390976735075633     
   15.038167938922962       0.12620238780327478        3.3124557480479599E-002  -9.7959766104740831E-002  -2.8448426740868479E-008   4.3388806900856371     
   15.114503816785515       0.12623288338392144        3.3103808507073902E-002  -9.7963153429276056E-002  -2.8348002534298236E-008   4.3325452215125875     
   15.190839694648069       0.12626608582854662        3.3082635851562764E-002  -9.7967573487195536E-002  -2.8229931086189831E-008   4.3260585176879083     
   15.267175572510622       0.12630107172803759        3.3062275877906652E-002  -9.7971492067020244E-002  -2.8151153534097989E-008   4.3245714135146178     
   15.343511450373175       0.12633640397625018        3.3044461397013829E-002  -9.7972038436829861E-002  -2.8126600004116242E-008   4.3270887527870148     
   15.419847328235727       0.12637205117722580        3.3029269272650846E-002  -9.7965947673086501E-002  -2.8129071772609115E-008   4.3306986208442151     
   15.496183206098282       0.12640717916012489        3.3015134502813397E-002  -9.7950240997694504E-002  -2.8135908629105301E-008   4.3342273805265803     
   15.572519083960835       0.12644051510480631        3.3000215824250820E-002  -9.7925158242505334E-002  -2.8145105377640602E-008   4.3369031278974441     
   15.648854961823387       0.12647101867775928        3.2983161461249300E-002  -9.7891609800773022E-002  -2.8181018612666380E-008   4.3391151945697519     
   15.725190839685940       0.12649769368853633        3.2964329238604345E-002  -9.7848418866271741E-002  -2.8265921780991149E-008   4.3417320607441763     
   15.801526717548494       0.12652000519477161        3.2944631410466656E-002  -9.7796091899359450E-002  -2.8388681394344081E-008   4.3446332439003230     
   15.877862595411047       0.12653839971499078        3.2924758453053357E-002  -9.7737452338241798E-002  -2.8518127851816078E-008   4.3481799197329769     
   15.954198473273600       0.12655424408165458        3.2905033126159187E-002  -9.7676814574037180E-002  -2.8626412080753210E-008   4.3528404498340807     
   16.030534351136154       0.12656596553612617        3.2884238115740178E-002  -9.7615245798004513E-002  -2.8700197112011947E-008   4.3571726835901430     
   16.106870228998705       0.12657177053039759        3.2861043984998999E-002  -9.7551563511861478E-002  -2.8720887129087120E-008   4.3573457426939584     
   16.183206106861260       0.12657383443812881        3.2835250135849987E-002  -9.7486613544058465E-002  -2.8676585606384428E-008   4.3513134203669921     
   16.259541984723811       0.12657563253441378        3.2808094945052282E-002  -9.7421816603933564E-002  -2.8597715426621674E-008   4.3419655488816673     
   16.335877862586365       0.12657784684282913        3.2781276473180250E-002  -9.7356781994053704E-002  -2.8538182410949806E-008   4.3342749163900045     
   16.412213740448919       0.12658171824687711        3.2757004314042625E-002  -9.7291912590617313E-002  -2.8535387157063206E-008   4.3319509453349081     
   16.488549618311470       0.12658635692306328        3.2737252573370658E-002  -9.7227119511156757E-002  -2.8595122200791547E-008   4.3367712528824125     
   16.564885496174025       0.12659115823412528        3.2722281603512697E-002  -9.7163770712628439E-002  -2.8700347810306582E-008   4.3477103235226702     
   16.641221374036579       0.12659631433914662        3.2711085034569660E-002  -9.7104410936343338E-002  -2.8806414524254277E-008   4.3606470657380543     
   16.717557251899130       0.12660009081414900        3.2701276823233635E-002  -9.7050155325429793E-002  -2.8857741238569926E-008   4.3717330141787034     
   16.793893129761685       0.12660308744109267        3.2690215587820183E-002  -9.7003678631469220E-002  -2.8832532748019045E-008   4.3797651954649677     
   16.870229007624236       0.12660686318697548        3.2676343555542317E-002  -9.6966464661699558E-002  -2.8743837289214225E-008   4.3831228944565410     
   16.946564885486790       0.12661296961805696        3.2658942712375516E-002  -9.6939026480683810E-002  -2.8593904942499176E-008   4.3787264102368937     
   17.022900763349345       0.12662371716200146        3.2638338570878431E-002  -9.6923379460131937E-002  -2.8390036174328823E-008   4.3686661701979865     
   17.099236641211895       0.12664057559349157        3.2616318327894564E-002  -9.6921828396759724E-002  -2.8183627728296050E-008   4.3605809069992345     
   17.175572519074450       0.12666200645289846        3.2595286731177439E-002  -9.6935051974094077E-002  -2.8016499085010587E-008   4.3560969724669487     
   17.251908396937001       0.12668751695021091        3.2576697686167500E-002  -9.6963144789426442E-002  -2.7861911544293958E-008   4.3500376993601817     
   17.328244274799555       0.12671437609950723        3.2560148933227048E-002  -9.7000117409971248E-002  -2.7693237488223843E-008   4.3438318147735586     
   17.404580152662110       0.12674064620981701        3.2545782396657140E-002  -9.7037749180250238E-002  -2.7551918425302583E-008   4.3428752228261382     
   17.480916030524661       0.12676722889757844        3.2535728298210789E-002  -9.7070558607150081E-002  -2.7477744446481619E-008   4.3467386780597499     
   17.557251908387215       0.12679103177885939        3.2531662868319267E-002  -9.7092487716682857E-002  -2.7449213992719731E-008   4.3535477207884936     
   17.633587786249770       0.12681029680630235        3.2533472604262918E-002  -9.7100017664909805E-002  -2.7432097977629256E-008   4.3618568248405190     
   17.709923664112321       0.12682440100056000        3.2540464148217596E-002  -9.7092224930526660E-002  -2.7405660088770143E-008   4.3709973771384467     
   17.786259541974875       0.12683223547950676        3.2550467505738583E-002  -9.7070323905515010E-002  -2.7370390931142037E-008   4.3810490584282027     
   17.862595419837426       0.12683289397214437        3.2560963764006690E-002  -9.7035381370056129E-002  -2.7344208471967168E-008   4.3909527260317125     
   17.938931297699980       0.12682547627199506        3.2570317264474742E-002  -9.6988569520109702E-002  -2.7343000196100550E-008   4.3999764099805052     
   18.015267175562535       0.12681309739778740        3.2577843212745192E-002  -9.6934853654218528E-002  -2.7385952945540506E-008   4.4079963815812491     
   18.091603053425086       0.12679864851728831        3.2584354355421161E-002  -9.6878974782583921E-002  -2.7489942335892822E-008   4.4138667329595682     
   18.167938931287640       0.12678126129488790        3.2590235522362586E-002  -9.6821199350589499E-002  -2.7623478844804591E-008   4.4146848475381351     
   18.244274809150195       0.12676212120983829        3.2596016104405684E-002  -9.6759488092093893E-002  -2.7747022356933322E-008   4.4110389997828019     
   18.320610687012746       0.12674178259851310        3.2602134772151736E-002  -9.6692445001078570E-002  -2.7852445301438773E-008   4.4063538730365668     
   18.396946564875300       0.12671635713092341        3.2607047788259361E-002  -9.6618974614787217E-002  -2.7933445613371860E-008   4.4038853948454593     
   18.473282442737851       0.12668465366057644        3.2610591299025528E-002  -9.6540060182938453E-002  -2.7976543068985483E-008   4.4057715435425031     
   18.549618320600405       0.12665042061890558        3.2613382232811808E-002  -9.6461630815355665E-002  -2.7989687787311623E-008   4.4141586028162756     
   18.625954198462960       0.12661513669521246        3.2614533673228689E-002  -9.6387902134787012E-002  -2.8003818161190977E-008   4.4245527060731886     
   18.702290076325511       0.12657827821999895        3.2614220711461014E-002  -9.6319911711885309E-002  -2.8043160279209525E-008   4.4320197561839185     
   18.778625954188065       0.12654136389536597        3.2613999707043512E-002  -9.6261081979712837E-002  -2.8109261927787230E-008   4.4349433465284402     
   18.854961832050616       0.12650538999325459        3.2615016670903552E-002  -9.6215873498817273E-002  -2.8189076588416556E-008   4.4334553998899544     
   18.931297709913171       0.12646940243348687        3.2617637658773659E-002  -9.6184545275134370E-002  -2.8257896109969008E-008   4.4307390164766769     
   19.007633587775725       0.12643376035421883        3.2621290730512856E-002  -9.6164801026549201E-002  -2.8311158286099842E-008   4.4324474170315753     
   19.083969465638276       0.12639896439448731        3.2624753825035643E-002  -9.6153340026954331E-002  -2.8357591997726375E-008   4.4362780207306063     
   19.160305343500831       0.12636625155160319        3.2627361140912824E-002  -9.6147987636885840E-002  -2.8365158039170824E-008   4.4321336652116505     
   19.236641221363385       0.12633635037291541        3.2628145040252493E-002  -9.6148151397278059E-002  -2.8294139944771774E-008   4.4192635888392049     
   19.312977099225936       0.12630813457349402        3.2626616384207316E-002  -9.6153206692051629E-002  -2.8185611153028873E-008   4.4084937269852249     
   19.389312977088490       0.12628260351927509        3.2624526723038387E-002  -9.6164063669145511E-002  -2.8110328042761754E-008   4.4045075052561957     
   19.465648854951041       0.12626088207790154        3.2624973519771693E-002  -9.6181143480104647E-002  -2.8095479864040738E-008   4.4059527126351012     
   19.541984732813596       0.12624040769424333        3.2628371439428670E-002  -9.6202496121059827E-002  -2.8129418431512578E-008   4.4095079233454699     
   19.618320610676150       0.12621946859280816        3.2633047813590041E-002  -9.6226670203298365E-002  -2.8189579830295101E-008   4.4140544247715230     
   19.694656488538701       0.12619884824842406        3.2637745516248699E-002  -9.6254736440317512E-002  -2.8266778050613752E-008   4.4191974189082934     
   19.770992366401256       0.12617971509811288        3.2641294686122521E-002  -9.6288861049902114E-002  -2.8341944386542998E-008   4.4204683402581750     
   19.847328244263807       0.12616231750729764        3.2643193315347742E-002  -9.6328552502790765E-002  -2.8391648869718644E-008   4.4136818331775469     
   19.923664122126361       0.12614489837918397        3.2643541840376225E-002  -9.6370428954097115E-002  -2.8414073025408268E-008   4.4028073999714845     
   19.999999999988916       0.12612887044496118        3.2645491294772247E-002  -9.6412223853378054E-002  -2.8465764737271476E-008   4.3993788921963377     
   20.076335877851466       0.12611500759522579        3.2653368804234084E-002  -9.6448232112054388E-002  -2.8581142381135265E-008   4.4050816293358359     
   20.152671755714021       0.12610189970464300        3.2668089242739833E-002  -9.6472719705595122E-002  -2.8676269847357809E-008   4.4104552988249734     
   20.229007633576575       0.12609069098661374        3.2686340419827646E-002  -9.6485192944388676E-002  -2.8704113378085633E-008   4.4128068488523837     
   20.305343511439126       0.12608257321459448        3.2705167248362671E-002  -9.6487096989879478E-002  -2.8696304791452149E-008   4.4111052824537662     
   20.381679389301681       0.12607884594842123        3.2724686384070445E-002  -9.6481370059939092E-002  -2.8700444714617079E-008   4.4092364586179604     
   20.458015267164232       0.12607984887704107        3.2745423224457906E-002  -9.6471911405999089E-002  -2.8732422391801520E-008   4.4082089509383309     
   20.534351145026786       0.12608537844551426        3.2767801340174318E-002  -9.6462966988500209E-002  -2.8791364918954849E-008   4.4100661608367826     
   20.610687022889341       0.12609571347306475        3.2792008471056559E-002  -9.6460087389948740E-002  -2.8905153566231651E-008   4.4209822816192954     
   20.687022900751892       0.12611069099460290        3.2817329697507266E-002  -9.6467662139617022E-002  -2.9082021864449234E-008   4.4401738224665737     
   20.763358778614446       0.12613060101823617        3.2843199233043088E-002  -9.6488486780072408E-002  -2.9302715180244323E-008   4.4632773333427096     
   20.839694656476997       0.12615418482816887        3.2868020102404270E-002  -9.6520674918390920E-002  -2.9541332802183912E-008   4.4853664382325533     
   20.916030534339551       0.12618172127490174        3.2890294024258658E-002  -9.6559388247327932E-002  -2.9766653633034811E-008   4.5038946617827333     
   20.992366412202106       0.12621598050689761        3.2910678717942947E-002  -9.6603777797867108E-002  -2.9983034158650444E-008   4.5217155181315336     
   21.068702290064657       0.12625602948996345        3.2930613264218346E-002  -9.6653039706835447E-002  -3.0234612430289165E-008   4.5456062059808406     
   21.145038167927211       0.12630104346577056        3.2951111974968784E-002  -9.6706932105797644E-002  -3.0537364267994998E-008   4.5783294709372750     
   21.221374045789766       0.12635130874236516        3.2971214134611043E-002  -9.6766772010046492E-002  -3.0814265321419770E-008   4.6046445008662671     
   21.297709923652317       0.12640559467184989        3.2987323069100100E-002  -9.6833109254109956E-002  -3.0942615671212255E-008   4.6084296822400264     
   21.374045801514871       0.12646348513678690        3.2995490371264605E-002  -9.6906601582612106E-002  -3.0920378739015583E-008   4.6006027610436604     
   21.450381679377422       0.12652618171727539        3.2996236290545648E-002  -9.6986205501389394E-002  -3.0865520065169093E-008   4.5941545671306043     
   21.526717557239976       0.12659435560284729        3.2992616540154292E-002  -9.7070851108694012E-002  -3.0766805527712201E-008   4.5808368011843843     
   21.603053435102531       0.12666769418522447        3.2986850826205852E-002  -9.7162345616279983E-002  -3.0588024647586338E-008   4.5697448635633053     
   21.679389312965082       0.12674669192724586        3.2980794856621788E-002  -9.7261934284264689E-002  -3.0360425648044343E-008   4.5624832463886538     
   21.755725190827636       0.12683032788879389        3.2974247561515235E-002  -9.7367914333294475E-002  -3.0072794599898308E-008   4.5504018711230341     
   21.832061068690191       0.12691608510227187        3.2967608807508646E-002  -9.7476736340742193E-002  -2.9804354907254615E-008   4.5393853291091828     
   21.908396946552742       0.12700337097008405        3.2963337560977433E-002  -9.7585019440994153E-002  -2.9627466247472770E-008   4.5326664746935412     
   21.984732824415296       0.12709273245849687        3.2962717203915234E-002  -9.7691060664087837E-002  -2.9491666999220412E-008   4.5251034790737377     
   22.061068702277847       0.12718350798875483        3.2964327084266179E-002  -9.7792598717680590E-002  -2.9354181117575714E-008   4.5183087776843962     
   22.137404580140402       0.12727549201147417        3.2967605206739803E-002  -9.7887254314548422E-002  -2.9244804468821353E-008   4.5162547514437659     
   22.213740458002956       0.12736756826526260        3.2973764113671304E-002  -9.7974582336955524E-002  -2.9188039992225805E-008   4.5205924187985573     
   22.290076335865507       0.12745912536436677        3.2984215395868023E-002  -9.8054914261676257E-002  -2.9161909844484911E-008   4.5305600201526852     
   22.366412213728061       0.12754896910670324        3.2998299771094017E-002  -9.8125679640561930E-002  -2.9119063280063395E-008   4.5448288458645969     
   22.442748091590612       0.12763612787363715        3.3013008186120740E-002  -9.8183973628924615E-002  -2.9037697527710179E-008   4.5600390082168509     
   22.519083969453167       0.12772248453106014        3.3025235131922216E-002  -9.8230144115586754E-002  -2.8927151416106196E-008   4.5742709761644837     
   22.595419847315721       0.12780803434070820        3.3032187650605276E-002  -9.8264281120817254E-002  -2.8809629292155771E-008   4.5890958231561365     
   22.671755725178272       0.12789435596605755        3.3032993544157598E-002  -9.8287896461995400E-002  -2.8670237137378342E-008   4.6006565576103551     
   22.748091603040827       0.12798239936731731        3.3027644444975114E-002  -9.8299153655214133E-002  -2.8450524551164284E-008   4.6011787612718553     
   22.824427480903381       0.12807199512568967        3.3017348092765297E-002  -9.8296679484052629E-002  -2.8135368562883829E-008   4.5910006571971671     
   22.900763358765932       0.12816340113835459        3.3007056747841323E-002  -9.8284455259834924E-002  -2.7829464601410677E-008   4.5861564433206041     
   22.977099236628487       0.12825527314934737        3.3003705930278841E-002  -9.8264627727264603E-002  -2.7625313917684625E-008   4.5915930038045438     
   23.053435114491037       0.12834450308598783        3.3010122509189811E-002  -9.8234853651597398E-002  -2.7460713016515350E-008   4.6016363002185718     
   23.129770992353592       0.12842846679550457        3.3023626196174008E-002  -9.8194712284882052E-002  -2.7291233420211898E-008   4.6143649091771577     
   23.206106870216146       0.12850714846695874        3.3040238095886243E-002  -9.8146493372691490E-002  -2.7101029757070509E-008   4.6229481601048832     
   23.282442748078697       0.12857927807998260        3.3055592634447392E-002  -9.8092655397710421E-002  -2.6859491055706641E-008   4.6213051600728265     
   23.358778625941252       0.12864400756814870        3.3066912473390275E-002  -9.8035956827510679E-002  -2.6567053137448396E-008   4.6093262912685704     
   23.435114503803803       0.12869990467654155        3.3074618747511879E-002  -9.7976314210966531E-002  -2.6276355385618380E-008   4.5958129288995391     
   23.511450381666357       0.12874640882890276        3.3081548660614336E-002  -9.7911850444851178E-002  -2.6046436254413079E-008   4.5891437901635967     
   23.587786259528912       0.12878601598956343        3.3090270893021342E-002  -9.7843581587112982E-002  -2.5851806961215381E-008   4.5864301018863687     
   23.664122137391463       0.12881838884179189        3.3098922179784662E-002  -9.7773164614026409E-002  -2.5653320456678248E-008   4.5876603814476011     
   23.740458015254017       0.12884105359269635        3.3104252605025433E-002  -9.7700967017200935E-002  -2.5500359599431792E-008   4.5944439315440189     
   23.816793893116571       0.12885410246534645        3.3106182971301031E-002  -9.7630361802134802E-002  -2.5425902988569556E-008   4.6018372441254281     
   23.893129770979122       0.12885839684976991        3.3104748434507704E-002  -9.7564568202335500E-002  -2.5383353559023742E-008   4.6020162203774326     
   23.969465648841677       0.12885503967393058        3.3100378883499100E-002  -9.7505200498289452E-002  -2.5346963796006802E-008   4.6008248445631423     
   24.045801526704228       0.12884686647787372        3.3095888621807269E-002  -9.7457174055924523E-002  -2.5338355264964548E-008   4.6040816184986788     
   24.122137404566782       0.12883555236474595        3.3091775236599660E-002  -9.7424299720196866E-002  -2.5282962045763460E-008   4.6002466339203227     
   24.198473282429337       0.12882150127207154        3.3087002778053765E-002  -9.7407870933673646E-002  -2.5195037102375880E-008   4.5864625155777095     
   24.274809160291888       0.12880288769011150        3.3082411045422463E-002  -9.7404419445450308E-002  -2.5111745309372300E-008   4.5621107552690328     
   24.351145038154442       0.12877787005792246        3.3079257634300842E-002  -9.7408369999928385E-002  -2.4989967705853331E-008   4.5353543615106338     
   24.427480916016997       0.12874753493683544        3.3078389429711162E-002  -9.7418337242331177E-002  -2.4891501784699824E-008   4.5207934947050115     
   24.503816793879547       0.12871328064532914        3.3081131480965240E-002  -9.7434385361272829E-002  -2.4875894258062203E-008   4.5135775419283437     
   24.580152671742102       0.12867755424870134        3.3088377365899736E-002  -9.7457969476244743E-002  -2.4906281026109574E-008   4.5076478919213008     
   24.656488549604653       0.12864195088743902        3.3098794761564521E-002  -9.7491813863235355E-002  -2.4962800495595674E-008   4.5052792545716391     
   24.732824427467207       0.12860615325987027        3.3110348201581104E-002  -9.7537331848224967E-002  -2.5069700096287783E-008   4.5084641206137084     
   24.809160305329762       0.12857002670888731        3.3121930546975063E-002  -9.7594430838006480E-002  -2.5232765255191264E-008   4.5140864345250220     
   24.885496183192313       0.12853400251887442        3.3132244658597279E-002  -9.7662004247014211E-002  -2.5395831267300765E-008   4.5167467486908599     
   24.961832061054867       0.12849966161497375        3.3139878017899208E-002  -9.7737737157831683E-002  -2.5513576603278828E-008   4.5145032144867230     
   25.038167938917418       0.12846876076121896        3.3143681415232856E-002  -9.7819759303571840E-002  -2.5568828884846957E-008   4.5078241699305339     
   25.114503816779973       0.12844182130959586        3.3143718021362602E-002  -9.7907797165202148E-002  -2.5563962240700689E-008   4.4985270841584679     
   25.190839694642527       0.12841805153995825        3.3140565931670363E-002  -9.7999643047226970E-002  -2.5503113591249958E-008   4.4868472463895346     
   25.267175572505078       0.12839427386431609        3.3134284097569772E-002  -9.8091948005168156E-002  -2.5417245556780078E-008   4.4774722693431013     
   25.343511450367632       0.12836640017736561        3.3126104361267408E-002  -9.8179796797454727E-002  -2.5347766901208342E-008   4.4723356578140301     
   25.419847328230187       0.12833447759861422        3.3118243554418100E-002  -9.8262181961258993E-002  -2.5271958569256906E-008   4.4657169733784645     
   25.496183206092738       0.12829985275781072        3.3111507017608517E-002  -9.8340307698397911E-002  -2.5151392936771079E-008   4.4555546653211326     
   25.572519083955292       0.12826355449635859        3.3106442143567102E-002  -9.8414813530503714E-002  -2.5000238565077876E-008   4.4466629620910103     
   25.648854961817843       0.12822574170939108        3.3103593318409508E-002  -9.8486477681271528E-002  -2.4878543895172338E-008   4.4450040645630340     
   25.725190839680398       0.12818641726680627        3.3104724759022507E-002  -9.8553444788868239E-002  -2.4842238690244563E-008   4.4518041158415995     
   25.801526717542952       0.12814635935992419        3.3111237218896548E-002  -9.8613559078018526E-002  -2.4871240130663443E-008   4.4606759078885325     
   25.877862595405503       0.12810380869806753        3.3121087305841707E-002  -9.8663389170041832E-002  -2.4887505786135383E-008   4.4637584081164201     
   25.954198473268058       0.12805681868258248        3.3129321982242443E-002  -9.8701612624862711E-002  -2.4821835258867532E-008   4.4593737834787328     
   26.030534351130608       0.12800673070260482        3.3130766024331557E-002  -9.8729447691462552E-002  -2.4681743781753200E-008   4.4517603163850055     
   26.106870228993163       0.12795575550788990        3.3123099075568874E-002  -9.8748092185017594E-002  -2.4539696003929378E-008   4.4451942857923461     
   26.183206106855717       0.12790246982959549        3.3106736188964377E-002  -9.8755404462374519E-002  -2.4446865697664855E-008   4.4388929992527322     
   26.259541984718268       0.12784771678239815        3.3083929186752958E-002  -9.8750964984402168E-002  -2.4397155019744857E-008   4.4316378393606026     
   26.335877862580823       0.12779629830392419        3.3057984649654579E-002  -9.8738566263909949E-002  -2.4373436313422108E-008   4.4263010056118883     
   26.412213740443377       0.12774938525699400        3.3031677232558676E-002  -9.8718244373731917E-002  -2.4378689704211721E-008   4.4239219868622497     
   26.488549618305928       0.12770636500857316        3.3006253914933274E-002  -9.8689475983914254E-002  -2.4401568243444466E-008   4.4214404543008916     
   26.564885496168483       0.12766702205393773        3.2983370725544581E-002  -9.8656227519546003E-002  -2.4440152323359117E-008   4.4210743706292206     
   26.641221374031034       0.12763317788682438        3.2965505054654107E-002  -9.8625618660519582E-002  -2.4527674736620391E-008   4.4258857475945987     
   26.717557251893588       0.12760330547480464        3.2953462636292077E-002  -9.8598009813717247E-002  -2.4678737136919002E-008   4.4344148857263717     
   26.793893129756142       0.12757407775051571        3.2947114943671564E-002  -9.8569699676395617E-002  -2.4863300281494389E-008   4.4428569042007489     
   26.870229007618693       0.12754459564475154        3.2945484319107883E-002  -9.8539872080135565E-002  -2.5037098247427018E-008   4.4487891270287099     
   26.946564885481248       0.12751406935677601        3.2947420159393261E-002  -9.8508661285087229E-002  -2.5184861041735321E-008   4.4534520697093534     
   27.022900763343799       0.12748259156180877        3.2952451225833096E-002  -9.8477119087422987E-002  -2.5320471458516777E-008   4.4596146967536763     
   27.099236641206353       0.12744775930797086        3.2960639137730646E-002  -9.8443878800818868E-002  -2.5454435856390177E-008   4.4672907758202811     
   27.175572519068908       0.12740990738018557        3.2971660317168042E-002  -9.8410264495822797E-002  -2.5548660598729090E-008   4.4725458041277548     
   27.251908396931459       0.12737387196250163        3.2984692584594702E-002  -9.8381529948566637E-002  -2.5583811750251153E-008   4.4756808761673659     
   27.328244274794013       0.12733844324624669        3.2998411674520299E-002  -9.8355973777168537E-002  -2.5591113980160629E-008   4.4766055587362814     
   27.404580152656568       0.12730214266404616        3.3011394634059603E-002  -9.8329402432272700E-002  -2.5584956166965305E-008   4.4733360221282545     
   27.480916030519118       0.12726874219491455        3.3024292761667871E-002  -9.8300626313430839E-002  -2.5586243295097745E-008   4.4707259644736750     
   27.557251908381673       0.12723755187117597        3.3038126725904483E-002  -9.8264803872998380E-002  -2.5627783822000225E-008   4.4729697253058571     
   27.633587786244224       0.12720606759395237        3.3052835908639756E-002  -9.8221531733683004E-002  -2.5708646362269700E-008   4.4784674586803481     
   27.709923664106778       0.12717566176654055        3.3069013599077719E-002  -9.8174912259150621E-002  -2.5813824923745368E-008   4.4878423641054157     
   27.786259541969333       0.12714601459740577        3.3086423716030045E-002  -9.8122688155208304E-002  -2.5924645443375573E-008   4.4989014793913986     
   27.862595419831884       0.12711667233161514        3.3103575394925429E-002  -9.8064083098492377E-002  -2.6010685282025459E-008   4.5065155890770825     
   27.938931297694438       0.12708927097854009        3.3119973794080416E-002  -9.8002292120671602E-002  -2.6050738644703757E-008   4.5056878288683215     
   28.015267175556993       0.12706273634735868        3.3135858332837886E-002  -9.7937360665640155E-002  -2.6032423066228080E-008   4.4941397428060226     
   28.091603053419544       0.12703421066794909        3.3151972586428415E-002  -9.7869492344819314E-002  -2.5987204304642015E-008   4.4800575466480073     
   28.167938931282098       0.12700344391477100        3.3170863403889056E-002  -9.7800811433113893E-002  -2.5969508063639245E-008   4.4692237521935096     
   28.244274809144649       0.12697057228943526        3.3194876699518365E-002  -9.7732979701924488E-002  -2.5978941590791523E-008   4.4608860409778082     
   28.320610687007203       0.12693600603325775        3.3224873854313476E-002  -9.7669115567518533E-002  -2.6033209594423906E-008   4.4633109812936418     
   28.396946564869758       0.12689971679184545        3.3261000221405608E-002  -9.7610358927075230E-002  -2.6154642218041074E-008   4.4753838593290780     
   28.473282442732309       0.12686090877865222        3.3301886629266399E-002  -9.7555326780119828E-002  -2.6293135232715340E-008   4.4900599683147213     
   28.549618320594863       0.12681955323410457        3.3344336047222589E-002  -9.7504795219685386E-002  -2.6408372138258359E-008   4.5037938898091268     
   28.625954198457414       0.12677893917671909        3.3385894425617679E-002  -9.7460977868004672E-002  -2.6477825449685511E-008   4.5134665855154950     
   28.702290076319969       0.12674200588360909        3.3424703650652761E-002  -9.7423417833673615E-002  -2.6476804360206170E-008   4.5158712908899936     
   28.778625954182523       0.12670842711493835        3.3458550337886125E-002  -9.7388154244960889E-002  -2.6398652156008141E-008   4.5113696272834982     
   28.854961832045074       0.12667900490684467        3.3487272159311410E-002  -9.7354113921023167E-002  -2.6288930679082496E-008   4.5058333924837468     
   28.931297709907629       0.12665477992372898        3.3513347043613431E-002  -9.7322652012886202E-002  -2.6196060691278899E-008   4.5017058526983096     
   29.007633587770183       0.12663673192072866        3.3539825151011504E-002  -9.7296207976659083E-002  -2.6102246592838916E-008   4.4967102180255791     
   29.083969465632734       0.12662480662240677        3.3567541764159485E-002  -9.7277782776405308E-002  -2.5973755331810621E-008   4.4927114474539849     
   29.160305343495288       0.12661809119786249        3.3594561233389768E-002  -9.7269904100106275E-002  -2.5834810159196294E-008   4.4923223505916345     
   29.236641221357839       0.12661685961711014        3.3620554292573004E-002  -9.7275852410320107E-002  -2.5721414657977684E-008   4.4955703089830665     
   29.312977099220394       0.12662088672328681        3.3646185734518309E-002  -9.7296810517292803E-002  -2.5646327293047878E-008   4.5025978944958371     
   29.389312977082948       0.12663105962500648        3.3672071548076173E-002  -9.7334652283339124E-002  -2.5612911541807041E-008   4.5128231857628869     
   29.465648854945499       0.12664862308614727        3.3699594243637533E-002  -9.7390442049416354E-002  -2.5606873062735738E-008   4.5254753145629651     
   29.541984732808054       0.12667132846680262        3.3728524730251674E-002  -9.7459890384321429E-002  -2.5601368092647124E-008   4.5385285314950066     
   29.618320610670605       0.12669881405887864        3.3757967276943607E-002  -9.7539675400950349E-002  -2.5569602301582625E-008   4.5480673083208156     
   29.694656488533159       0.12673077086002757        3.3786739724719017E-002  -9.7626244350127511E-002  -2.5496491492415930E-008   4.5546283352843817     
   29.770992366395713       0.12676296550248492        3.3813489644205615E-002  -9.7713971698325491E-002  -2.5412243081828555E-008   4.5631196221178127     
   29.847328244258264       0.12679587213822935        3.3839687481049541E-002  -9.7801807965228416E-002  -2.5349868788133545E-008   4.5738139213872469     
   29.923664122120819       0.12683300302068801        3.3866941143414903E-002  -9.7889920963360355E-002  -2.5273275630349315E-008   4.5802154324084743     
   29.999999999983373       0.12687192211379569        3.3894814844178854E-002  -9.7974284955444940E-002  -2.5156363895649479E-008   4.5836857071303383     
   30.076335877845924       0.12690961136769449        3.3922534573943647E-002  -9.8052862869947466E-002  -2.5010511242074771E-008   4.5869811745383462     
   30.152671755708479       0.12694646436106422        3.3948158179293628E-002  -9.8127864510594631E-002  -2.4788962638157143E-008   4.5842498840594805     
   30.229007633571030       0.12698031633009962        3.3968598707269676E-002  -9.8199426247712746E-002  -2.4514928866429368E-008   4.5767027142610122     
   30.305343511433584       0.12700880824930152        3.3983160112172971E-002  -9.8266039775756708E-002  -2.4268853587090474E-008   4.5664675868523954     
   30.381679389296139       0.12703430144231490        3.3994644498281115E-002  -9.8327523024046459E-002  -2.4099309967961398E-008   4.5632410861937940     
   30.458015267158689       0.12705804831362236        3.4005230790423502E-002  -9.8384476804357496E-002  -2.3996133719837684E-008   4.5679222709726757     
   30.534351145021244       0.12707905973040631        3.4014627164462470E-002  -9.8439255363084149E-002  -2.3910579212597355E-008   4.5745943597377066     
   30.610687022883795       0.12709969443581770        3.4022569148955281E-002  -9.8497159356153163E-002  -2.3819234684463302E-008   4.5756718900924920     
   30.687022900746349       0.12712214836937102        3.4029276889498562E-002  -9.8562458722065455E-002  -2.3755234591813051E-008   4.5767983676898769     
   30.763358778608904       0.12714485111946303        3.4035820028998756E-002  -9.8632980661878727E-002  -2.3760417740797062E-008   4.5869580184874055     
   30.839694656471455       0.12716585440891304        3.4042750601376820E-002  -9.8704209231704837E-002  -2.3814452553450037E-008   4.6019769398121095     
   30.916030534334009       0.12718729540203641        3.4049406392318300E-002  -9.8775312870182930E-002  -2.3893177558116694E-008   4.6192504468284667     
   30.992366412196564       0.12721131871909996        3.4054004694671194E-002  -9.8845549649906272E-002  -2.3991824023574221E-008   4.6346997681920730     
   31.068702290059115       0.12723844843146515        3.4054994329160565E-002  -9.8915505587934716E-002  -2.4107536801986905E-008   4.6491749908500832     
   31.145038167921669       0.12726968781242412        3.4052342678623095E-002  -9.8987536215487143E-002  -2.4236686803329002E-008   4.6618571865904261     
   31.221374045784220       0.12730361509505542        3.4045792932489487E-002  -9.9060535776217068E-002  -2.4318015887565930E-008   4.6649718742439870     
   31.297709923646774       0.12734385188497566        3.4034041919940396E-002  -9.9135629826435423E-002  -2.4271194353576985E-008   4.6573315303343374     
   31.374045801509329       0.12739269719245466        3.4016132456931782E-002  -9.9210162816406017E-002  -2.4139527862531375E-008   4.6468726193469703     
   31.450381679371880       0.12744543180109763        3.3993381159367793E-002  -9.9274878987468340E-002  -2.4024148177499266E-008   4.6347306098876171     
   31.526717557234434       0.12750009123179912        3.3969571734021008E-002  -9.9323615283861771E-002  -2.3948577817469061E-008   4.6240110823566507     
   31.603053435096989       0.12755585753990228        3.3947934281988300E-002  -9.9352881287337158E-002  -2.3931257609466626E-008   4.6220990058360956     
   31.679389312959540       0.12761238819281653        3.3930858966685365E-002  -9.9363143535953047E-002  -2.3986661321405702E-008   4.6262489068026200     
   31.755725190822094       0.12766977008494315        3.3918617075771103E-002  -9.9357978778562311E-002  -2.4075269506746790E-008   4.6301666486756679     
   31.832061068684645       0.12772549915333103        3.3909774020890987E-002  -9.9339322632766847E-002  -2.4153650586143355E-008   4.6287674985799647     
   31.908396946547199       0.12777672064726209        3.3902255057798127E-002  -9.9308052639858313E-002  -2.4191605051305218E-008   4.6214361599784990     
   31.984732824409754       0.12782078631655761        3.3893042452470601E-002  -9.9264811306286449E-002  -2.4185654472950287E-008   4.6132735127590561     
   32.061068702272308       0.12785927136046682        3.3881013887370366E-002  -9.9213129318407201E-002  -2.4172951975485237E-008   4.6109232360136891     
   32.137404580134856       0.12789526054856276        3.3866317938107814E-002  -9.9158460393378473E-002  -2.4196486286337995E-008   4.6162840292140146     
   32.213740457997410       0.12792836110248490        3.3850213815265838E-002  -9.9103922414250867E-002  -2.4282734749116257E-008   4.6283463637872053     
   32.290076335859965       0.12795895442825506        3.3834234929053769E-002  -9.9051255293115981E-002  -2.4398538229276298E-008   4.6402659965548381     
   32.366412213722519       0.12798741496656796        3.3818256169847925E-002  -9.8998832142191795E-002  -2.4469414721831490E-008   4.6445619974626924     
   32.442748091585074       0.12801296010222898        3.3800321208277639E-002  -9.8943008054652504E-002  -2.4450645284324010E-008   4.6408770131037302     
   32.519083969447621       0.12803564748633200        3.3779131273122716E-002  -9.8882762690885528E-002  -2.4368968345144331E-008   4.6330115181179226     
   32.595419847310175       0.12805404145190497        3.3755759250581614E-002  -9.8819780659266387E-002  -2.4288896614557873E-008   4.6241959866666447     
   32.671755725172730       0.12806584151721462        3.3733638588002476E-002  -9.8757594166882290E-002  -2.4266014998076486E-008   4.6188779248403957     
   32.748091603035284       0.12806982630107427        3.3717827325086214E-002  -9.8700263708202174E-002  -2.4334046191972281E-008   4.6208079046539243     
   32.824427480897839       0.12806457122816767        3.3712404526577207E-002  -9.8647890625455203E-002  -2.4479344850422857E-008   4.6279248972888114     
   32.900763358760393       0.12805072332361619        3.3717406848231560E-002  -9.8597889590183674E-002  -2.4609201644573352E-008   4.6313073114279835     
   32.977099236622941       0.12802877401975105        3.3727807760616332E-002  -9.8547333392025094E-002  -2.4639416376758941E-008   4.6268707589636344     
   33.053435114485495       0.12799915644098725        3.3738235122446003E-002  -9.8494629583516763E-002  -2.4590178545058225E-008   4.6175162646961443     
   33.129770992348050       0.12796425613388057        3.3746205072874992E-002  -9.8439892726093742E-002  -2.4531681237708056E-008   4.6075314201904236     
   33.206106870210604       0.12792617737640702        3.3751367766474187E-002  -9.8383708842271045E-002  -2.4514135608510468E-008   4.5993769626502470     
   33.282442748073159       0.12788549652375270        3.3754460862672357E-002  -9.8326296634274363E-002  -2.4539301674890321E-008   4.5949266387915397     
   33.358778625935706       0.12784343853655553        3.3756565343920214E-002  -9.8268971668662858E-002  -2.4579773551882576E-008   4.5952214851073157     
   33.435114503798260       0.12780099024822403        3.3757954026601492E-002  -9.8213482520963458E-002  -2.4615904989601697E-008   4.5996212790613100     
   33.511450381660815       0.12775825430296520        3.3757415309398790E-002  -9.8160160526787582E-002  -2.4649772263093518E-008   4.6075794957937486     
   33.587786259523369       0.12771939176814551        3.3755247466918298E-002  -9.8111190386715952E-002  -2.4709281132160499E-008   4.6195859851153029     
   33.664122137385924       0.12768734575840568        3.3752985465175050E-002  -9.8068221744671086E-002  -2.4811543345466365E-008   4.6325425161189422     
   33.740458015248471       0.12766118617609717        3.3750322936245879E-002  -9.8030707566255981E-002  -2.4919869429072559E-008   4.6414483560372615     
   33.816793893111026       0.12763974814738308        3.3745851926217575E-002  -9.7997939143207341E-002  -2.4996447703157312E-008   4.6460617235632053     
   33.893129770973580       0.12762191837816145        3.3738627666127494E-002  -9.7968048009682424E-002  -2.5043435150165294E-008   4.6463811326265674     
   33.969465648836135       0.12760824755371244        3.3728063840302934E-002  -9.7937801245269213E-002  -2.5048597682892370E-008   4.6367218687491381     
   34.045801526698689       0.12760032411401978        3.3713397535757104E-002  -9.7904695724233187E-002  -2.4979195500654501E-008   4.6156561832443463     
   34.122137404561236       0.12759755301401693        3.3694232039905160E-002  -9.7866969538169951E-002  -2.4859539099720786E-008   4.5943904244893838     
   34.198473282423791       0.12759617599367307        3.3671370004604295E-002  -9.7821716846405782E-002  -2.4768929345790804E-008   4.5828242874771759     
   34.274809160286345       0.12759488070885661        3.3648084840179872E-002  -9.7768219101904363E-002  -2.4756718740295216E-008   4.5806229163825165     
   34.351145038148900       0.12759467651422271        3.3627961707970860E-002  -9.7708047297854622E-002  -2.4805824328095979E-008   4.5831735668656242     
   34.427480916011454       0.12759358319325731        3.3611163585534121E-002  -9.7640078091889987E-002  -2.4853487877203411E-008   4.5840849568589173     
   34.503816793874002       0.12758794636320361        3.3595253951177434E-002  -9.7559894707554357E-002  -2.4857135801164183E-008   4.5806437057633156     
   34.580152671736556       0.12757828225195592        3.3578766227529554E-002  -9.7467992839028433E-002  -2.4832074413142064E-008   4.5729950193243853     
   34.656488549599111       0.12756714064079414        3.3561649958909034E-002  -9.7369827337691034E-002  -2.4821697730147967E-008   4.5644837170632959     
   34.732824427461665       0.12755449999404053        3.3544176123714818E-002  -9.7271983661182504E-002  -2.4865064797822684E-008   4.5594837730556632     
   34.809160305324220       0.12753861984491904        3.3527849585019080E-002  -9.7179134454618205E-002  -2.4969083695099410E-008   4.5596029664054445     
   34.885496183186774       0.12751930633202233        3.3513713224654539E-002  -9.7092416304190715E-002  -2.5101994297180778E-008   4.5621760694724314     
   34.961832061049321       0.12749765709495325        3.3500615024190009E-002  -9.7009585948147570E-002  -2.5215961841196364E-008   4.5628870420778984     
   35.038167938911876       0.12747391551141526        3.3486553233954615E-002  -9.6924655527357600E-002  -2.5294235788413827E-008   4.5607027520233547     
   35.114503816774430       0.12745104651601477        3.3472033785581154E-002  -9.6835767284855212E-002  -2.5364564685812318E-008   4.5583153904678282     
   35.190839694636985       0.12742997686930441        3.3457881378949589E-002  -9.6744368939745973E-002  -2.5458618876637279E-008   4.5569329816511228     
   35.267175572499539       0.12740753279268235        3.3444231515342551E-002  -9.6651890582437422E-002  -2.5581205880877305E-008   4.5554054989052979     
   35.343511450362087       0.12738613992795231        3.3432641467514117E-002  -9.6566553034203667E-002  -2.5720228044307090E-008   4.5553604164780452     
   35.419847328224641       0.12736914045461736        3.3424350567789904E-002  -9.6495236579041521E-002  -2.5869777808387047E-008   4.5597692680965780     
   35.496183206087196       0.12735177419192081        3.3418512280691363E-002  -9.6434221492661509E-002  -2.6011686526823025E-008   4.5665051934099949     
   35.572519083949750       0.12733129153540562        3.3412942855010480E-002  -9.6380407998477580E-002  -2.6105882951125797E-008   4.5706185126949945     
   35.648854961812305       0.12731115233354440        3.3406266245671293E-002  -9.6335225996943580E-002  -2.6121010366705933E-008   4.5683531784972002     
   35.725190839674852       0.12729198054293356        3.3397407911028146E-002  -9.6299655349802282E-002  -2.6055983087838706E-008   4.5590305661878219     
   35.801526717537406       0.12727337401667746        3.3386365749671319E-002  -9.6276710506297297E-002  -2.5935249163395984E-008   4.5447552377215086     
   35.877862595399961       0.12725666275873312        3.3374620140966607E-002  -9.6268663680158961E-002  -2.5799206645309766E-008   4.5302543194837872     
   35.954198473262515       0.12724075472674345        3.3363284131788837E-002  -9.6273019913950930E-002  -2.5682469225660723E-008   4.5185547344809711     
   36.030534351125070       0.12722298752587904        3.3352778025730383E-002  -9.6286564748998688E-002  -2.5573825193683568E-008   4.5072602956450876     
   36.106870228987617       0.12720270082644444        3.3342552973612979E-002  -9.6308088857777002E-002  -2.5456418582227569E-008   4.4962902887226859     
   36.183206106850172       0.12718072245051315        3.3331741541126163E-002  -9.6340493870092053E-002  -2.5351228211854391E-008   4.4885846555904152     
   36.259541984712726       0.12715640702779701        3.3320583569193984E-002  -9.6384511966460723E-002  -2.5278952783272160E-008   4.4842581389368332     
   36.335877862575281       0.12712882102199241        3.3310698670455746E-002  -9.6434539715397977E-002  -2.5234669960206933E-008   4.4814242567443321     
   36.412213740437835       0.12709994812346750        3.3303717506612533E-002  -9.6486065903880203E-002  -2.5214486298839232E-008   4.4796403715133311     
   36.488549618300389       0.12706906893102432        3.3300306025287274E-002  -9.6533870140124350E-002  -2.5218472963866071E-008   4.4769386693098285     
   36.564885496162937       0.12703187216461187        3.3300865146541757E-002  -9.6571898139143991E-002  -2.5239664526161662E-008   4.4735567820232527     
   36.641221374025491       0.12698791053710473        3.3305957424083037E-002  -9.6599253623389114E-002  -2.5284437934192410E-008   4.4719967675868135     
   36.717557251888046       0.12693945072977914        3.3316452004635115E-002  -9.6617296297226513E-002  -2.5354244373970113E-008   4.4723006474080060     
   36.793893129750600       0.12688722379144760        3.3332367947412490E-002  -9.6624822087860690E-002  -2.5428522990740003E-008   4.4722055036745969     
   36.870229007613155       0.12682957428833680        3.3351970963424141E-002  -9.6619040794413302E-002  -2.5486714355931053E-008   4.4713119985118617     
   36.946564885475702       0.12676694866979205        3.3373839845443148E-002  -9.6599498731124167E-002  -2.5537823776394171E-008   4.4715200451892816     
   37.022900763338257       0.12670152223088790        3.3397497057747826E-002  -9.6569202782541608E-002  -2.5607394832964513E-008   4.4742154783290351     
   37.099236641200811       0.12663548934006977        3.3422733869839155E-002  -9.6533954804033817E-002  -2.5713157302098576E-008   4.4798369192670595     
   37.175572519063365       0.12657047886208606        3.3449152708996274E-002  -9.6498282460934059E-002  -2.5862398824879043E-008   4.4894853462667950     
   37.251908396925920       0.12650682405119457        3.3476703535472857E-002  -9.6465922063151438E-002  -2.6047529056174502E-008   4.5031013214916120     
   37.328244274788467       0.12644421900903521        3.3504702399373712E-002  -9.6441666924377445E-002  -2.6242601150803391E-008   4.5186211744302049     
   37.404580152651022       0.12638532819650705        3.3531967377077379E-002  -9.6429318780210410E-002  -2.6421428675991756E-008   4.5335216686387287     
   37.480916030513576       0.12633191868682805        3.3557268495888422E-002  -9.6428566775401015E-002  -2.6569786666259553E-008   4.5453263934782644     
   37.557251908376131       0.12628364535871300        3.3579623507228949E-002  -9.6438822964556969E-002  -2.6688088347838936E-008   4.5535552663837358     
   37.633587786238685       0.12624110355981727        3.3599438618561246E-002  -9.6464171434355261E-002  -2.6779531164490984E-008   4.5590931932622665     
   37.709923664101233       0.12620449075038695        3.3617315139819033E-002  -9.6509516482788660E-002  -2.6839825146501956E-008   4.5630113412841258     
   37.786259541963787       0.12617447409989377        3.3633189036591536E-002  -9.6576665692382185E-002  -2.6863740546608382E-008   4.5660179579812592     
   37.862595419826341       0.12614768262346346        3.3644956704313660E-002  -9.6659846284961881E-002  -2.6851419183843242E-008   4.5660202270143619     
   37.938931297688896       0.12612357150391917        3.3651622807754709E-002  -9.6754050900046407E-002  -2.6795682557808692E-008   4.5602147186003847     
   38.015267175551450       0.12610274493605372        3.3653610050356282E-002  -9.6854755804451659E-002  -2.6698187510379327E-008   4.5487789911649763     
   38.091603053413998       0.12608449983251394        3.3652267700688514E-002  -9.6954950602997220E-002  -2.6590477281731048E-008   4.5363525581808757     
   38.167938931276552       0.12607075626809550        3.3650340825060160E-002  -9.7049992042558070E-002  -2.6503998619569230E-008   4.5274531174215831     
