   7.6335877862553109E-002  0.39937748511905324        9.6358125119251445E-002 -0.49573561023830293     
  0.15267175572510622       0.39918864744230509        9.6308629462048601E-002 -0.49549727690436124     
  0.22900763358765933       0.39900257787000820        9.6306630719222991E-002 -0.49530920858921351     
  0.30534351145021243       0.39881910835504825        9.6311362720889249E-002 -0.49513047107595726     
  0.38167938931276557       0.39863338935794995        9.6310313326727112E-002 -0.49494370268466031     
  0.45801526717531865       0.39844844404464130        9.6322185740524438E-002 -0.49477062978516012     
  0.53435114503787173       0.39826402613048972        9.6278412103948663E-002 -0.49454243823448690     
  0.61068702290042487       0.39807833783071800        9.6309049547761094E-002 -0.49438738737846488     
  0.68702290076297801       0.39789395914456266        9.6324113381604501E-002 -0.49421807252620054     
  0.76335877862553114       0.39771249595088987        9.6325235449869540E-002 -0.49403773140073792     
  0.83969465648808417       0.39753251038510012        9.6279305694407943E-002 -0.49381181607948338     
  0.91603053435063730       0.39735795438679056        9.6246007363555874E-002 -0.49360396175035315     
  0.99236641221319044       0.39719466679307108        9.6213233895970821E-002 -0.49340790068909007     
   1.0687022900757435       0.39703023653895964        9.6184919341376893E-002 -0.49321515588037934     
   1.1450381679382966       0.39686685881280193        9.6130771920221278E-002 -0.49299763073303132     
   1.2213740458008497       0.39670524298108212        9.6121420127660701E-002 -0.49282666310877071     
   1.2977099236634029       0.39654450288577248        9.6063391132582207E-002 -0.49260789401830607     
   1.3740458015259560       0.39638751234059189        9.6038243012814953E-002 -0.49242575535338606     
   1.4503816793885091       0.39623815608333618        9.6011132881832301E-002 -0.49224928896517889     
   1.5267175572510623       0.39609232038186531        9.5938929658634084E-002 -0.49203125004052273     
   1.6030534351136152       0.39595191849935452        9.5888706325591697E-002 -0.49184062482495799     
   1.6793893129761683       0.39581548987449860        9.5756667123849226E-002 -0.49157215699833401     
   1.7557251908387215       0.39568003804341179        9.5714588032308215E-002 -0.49139462607574164     
   1.8320610687012746       0.39553948872262085        9.5663690734171899E-002 -0.49120317945677927     
   1.9083969465638277       0.39539922942316102        9.5563130725272255E-002 -0.49096236014843941     
   1.9847328244263809       0.39526245576354729        9.5504355984958850E-002 -0.49076681174858594     
   2.0610687022889338       0.39512346381780128        9.5423253357018095E-002 -0.49054671717478537     
   2.1374045801514869       0.39498611836165165        9.5326876572699212E-002 -0.49031299493436603     
   2.2137404580140401       0.39485047921790939        9.5282766356888260E-002 -0.49013324557475668     
   2.2900763358765932       0.39471470373064554        9.5198251336776438E-002 -0.48991295506740140     
   2.3664122137391463       0.39457698982768219        9.5121830460867904E-002 -0.48969882028854089     
   2.4427480916016995       0.39443687472245725        9.5038329168549679E-002 -0.48947520389101273     
   2.5190839694642526       0.39429572221173542        9.4921764123496719E-002 -0.48921748633522710     
   2.5954198473268058       0.39415082532295792        9.4902780929457822E-002 -0.48905360625239824     
   2.6717557251893589       0.39399985488685674        9.4803046235947541E-002 -0.48880290112285674     
   2.7480916030519120       0.39385099243061700        9.4682709545063248E-002 -0.48853370197570734     
   2.8244274809144652       0.39369821476182471        9.4599331523205876E-002 -0.48829754628504929     
   2.9007633587770183       0.39353947619998708        9.4531257748896161E-002 -0.48807073394889144     
   2.9770992366395714       0.39337599429994907        9.4464436446067793E-002 -0.48784043074606159     
   3.0534351145021246       0.39321065568964175        9.4496717583550827E-002 -0.48770737327320446     
   3.1297709923646773       0.39303563152269411        9.4422325037640670E-002 -0.48745795656032848     
   3.2061068702272304       0.39285383645024669        9.4310136086631538E-002 -0.48716397253684479     
   3.2824427480897835       0.39267114731239960        9.4284573797265556E-002 -0.48695572110959984     
   3.3587786259523367       0.39249349232700886        9.4199569161135158E-002 -0.48669306148816927     
   3.4351145038148898       0.39231534079381652        9.4135410105715772E-002 -0.48645075089952278     
   3.5114503816774429       0.39214153868878471        9.4111907794810754E-002 -0.48625344648357927     
   3.5877862595399961       0.39197057858230666        9.4037180374547710E-002 -0.48600775895686649     
   3.6641221374025492       0.39179972589338707        9.4037938507958732E-002 -0.48583766440137549     
   3.7404580152651024       0.39162979468123665        9.3970148538015039E-002 -0.48559994321929473     
   3.8167938931276555       0.39145902765725527        9.3928876915042481E-002 -0.48538790457231146     
   3.8931297709902086       0.39129283615479199        9.3898541291084270E-002 -0.48519137744587748     
   3.9694656488527618       0.39112606569460406        9.3897601012983931E-002 -0.48502366670754915     
   4.0458015267153149       0.39096611073249204        9.3821265917822583E-002 -0.48478737665034438     
   4.1221374045778676       0.39081007682947444        9.3833023940542548E-002 -0.48464310077003986     
   4.1984732824404212       0.39065553305595246        9.3817518156382007E-002 -0.48447305121234074     
   4.2748091603029739       0.39050265214727131        9.3814646225024195E-002 -0.48431729837227111     
   4.3511450381655274       0.39035114442139762        9.3804755026605721E-002 -0.48415589944798271     
   4.4274809160280801       0.39020631275730189        9.3820329335520272E-002 -0.48402664209286100     
   4.5038167938906337       0.39006542414690182        9.3787486705032175E-002 -0.48385291085188875     
   4.5801526717531864       0.38993010906921011        9.3757658623200471E-002 -0.48368776769244920     
   4.6564885496157400       0.38979828514728704        9.3766910012243798E-002 -0.48356519515954133     
   4.7328244274782927       0.38967243447651206        9.3754460184816937E-002 -0.48342689466130873     
   4.8091603053408463       0.38954056891945554        9.3743253709109742E-002 -0.48328382262853670     
   4.8854961832033990       0.38940825434272253        9.3686191912263794E-002 -0.48309444625498482     
   4.9618320610659516       0.38927378035185833        9.3642945527113469E-002 -0.48291672587898538     
   5.0381679389285052       0.38914095950579192        9.3617507930230701E-002 -0.48275846743602446     
   5.1145038167910579       0.38900286610921908        9.3580785523984772E-002 -0.48258365163319605     
   5.1908396946536115       0.38886245104760270        9.3549856719687643E-002 -0.48241230776727079     
   5.2671755725161642       0.38872354600966941        9.3539884411117394E-002 -0.48226343042075409     
   5.3435114503787178       0.38858322481859658        9.3483516844135750E-002 -0.48206674166279490     
   5.4198473282412705       0.38844588887016823        9.3433735844583338E-002 -0.48187962471477103     
   5.4961832061038240       0.38830651215298556        9.3363918423298123E-002 -0.48167043057627185     
   5.5725190839663767       0.38815789861808919        9.3311212500230667E-002 -0.48146911111828272     
   5.6488549618289303       0.38799806546961435        9.3264386042380784E-002 -0.48126245151200303     
   5.7251908396914830       0.38782963324627789        9.3237338348209298E-002 -0.48106697159449141     
   5.8015267175540366       0.38765537943790718        9.3226561561786409E-002 -0.48088194099971066     
   5.8778625954165893       0.38747064386865843        9.3243183354196540E-002 -0.48071382722282141     
   5.9541984732791429       0.38727739205892781        9.3154272351067116E-002 -0.48043166441001717     
   6.0305343511416956       0.38707392342569324        9.3132027890442018E-002 -0.48020595131612032     
   6.1068702290042491       0.38686094919933212        9.3042177509603780E-002 -0.47990312670893898     
   6.1832061068668018       0.38664710962006660        9.3000698636956675E-002 -0.47964780825704545     
   6.2595419847293545       0.38643381632962936        9.2921325271723490E-002 -0.47935514160139026     
   6.3358778625919081       0.38622060803280817        9.2847681341808791E-002 -0.47906828937462598     
   6.4122137404544608       0.38600786194178910        9.2811295382824344E-002 -0.47881915732464020     
   6.4885496183170144       0.38579597884795025        9.2738042160506809E-002 -0.47853402100850423     
   6.5648854961795671       0.38558740441854972        9.2784658689306410E-002 -0.47837206310784602     
   6.6412213740421207       0.38539074531658069        9.2728169288038537E-002 -0.47811891460462813     
   6.7175572519046733       0.38520171064088943        9.2689045059754463E-002 -0.47789075570064127     
   6.7938931297672269       0.38501525751841126        9.2636516250503773E-002 -0.47765177376892959     
   6.8702290076297796       0.38483029394930190        9.2567763360183533E-002 -0.47739805730947582     
   6.9465648854923332       0.38465299003830705        9.2497088378885289E-002 -0.47715007841717921     
   7.0229007633548859       0.38447773113565381        9.2414889573340347E-002 -0.47689262070901595     
   7.0992366412174395       0.38430521452081379        9.2363655405688888E-002 -0.47666886992647584     
   7.1755725190799922       0.38413626080624264        9.2259119059887387E-002 -0.47639537986609093     
   7.2519083969425457       0.38396940196835738        9.2237993295863435E-002 -0.47620739526419459     
   7.3282442748050984       0.38379998328717457        9.2144528944316934E-002 -0.47594451223145806     
   7.4045801526676511       0.38363498599225537        9.2042326593867116E-002 -0.47567731258610996     
   7.4809160305302047       0.38347471295188168        9.1983688960717680E-002 -0.47545840191254174     
   7.5572519083927574       0.38332037470347635        9.2003800768381980E-002 -0.47532417547183137     
   7.6335877862553110       0.38316892845900014        9.1992106291565859E-002 -0.47516103475061650     
   7.7099236641178637       0.38301469355666412        9.1920884654232787E-002 -0.47493557821086541     
   7.7862595419804173       0.38286945878488132        9.1944367897029255E-002 -0.47481382668192162     
   7.8625954198429699       0.38272979681128727        9.1919751983717685E-002 -0.47464954879500931     
   7.9389312977055235       0.38259489843940364        9.1919447556039452E-002 -0.47451434599543796     
   8.0152671755680771       0.38246877441114246        9.1879717498568450E-002 -0.47434849190970430     
   8.0916030534306298       0.38235510406817352        9.1850587196577960E-002 -0.47420569126475981     
   8.1679389312931825       0.38224880408553308        9.1805223367514732E-002 -0.47405402745304293     
   8.2442748091557352       0.38215151996474095        9.1831885498658575E-002 -0.47398340546340884     
   8.3206106870182897       0.38206348677480095        9.1853501593846892E-002 -0.47391698836864654     
   8.3969465648808423       0.38198465721976660        9.1867984818303092E-002 -0.47385264203801003     
   8.4732824427433950       0.38191083560005201        9.1923122338354757E-002 -0.47383395793838329     
   8.5496183206059477       0.38183978814411634        9.1979207066680807E-002 -0.47381899521081283     
   8.6259541984685004       0.38178293508307010        9.2033565470081152E-002 -0.47381650055313068     
   8.7022900763310549       0.38173693756372840        9.2029086480715866E-002 -0.47376602404442170     
   8.7786259541936076       0.38169591625887672        9.1980216329705794E-002 -0.47367613258855018     
   8.8549618320561603       0.38166313078682934        9.2030937314014669E-002 -0.47369406810084436     
   8.9312977099187130       0.38163717438423933        9.2003404550378490E-002 -0.47364057893464201     
   9.0076335877812674       0.38161726401169893        9.2027581259650382E-002 -0.47364484527134365     
   9.0839694656438201       0.38160839668250612        9.2009704696049341E-002 -0.47361810137859428     
   9.1603053435063728       0.38160532887580789        9.1987073229228236E-002 -0.47359240210502673     
   9.2366412213689255       0.38160700933416913        9.2013385345876247E-002 -0.47362039468001965     
   9.3129770992314800       0.38161394042304703        9.2010683482248445E-002 -0.47362462390532162     
   9.3893129770940327       0.38163020719563112        9.1998070795272752E-002 -0.47362827799088691     
   9.4656488549565854       0.38164839044023990        9.1977405287641159E-002 -0.47362579572789071     
   9.5419847328191381       0.38166916961990544        9.1988668631454551E-002 -0.47365783825139218     
   9.6183206106816925       0.38169264799823560        9.1948584650824894E-002 -0.47364123264908903     
   9.6946564885442452       0.38171392002384114        9.1936455085763716E-002 -0.47365037510961433     
   9.7709923664067979       0.38173584725941917        9.1890472472229312E-002 -0.47362631973162267     
   9.8473282442693506       0.38175869906696364        9.1908789794947390E-002 -0.47366748886188198     
   9.9236641221319033       0.38179051455323332        9.1895967571184220E-002 -0.47368648212442654     
   9.9999999999944578       0.38181587547861107        9.1906707886877367E-002 -0.47372258336550666     
   10.076335877857010       0.38184406748263372        9.1916425922559816E-002 -0.47376049340521453     
   10.152671755719563       0.38187672002703266        9.1902358522515645E-002 -0.47377907854955192     
   10.229007633582116       0.38190751801730427        9.1896537721191787E-002 -0.47380405573847956     
   10.305343511444670       0.38194292689543974        9.1889868641535588E-002 -0.47383279553695590     
   10.381679389307223       0.38198946041213006        9.1903441817504872E-002 -0.47389290222965391     
   10.458015267169776       0.38204185285669506        9.1886839241653639E-002 -0.47392869209835820     
   10.534351145032328       0.38209667513564327        9.1876878579122176E-002 -0.47397355371478600     
   10.610687022894883       0.38214514986466602        9.1865798892054207E-002 -0.47401094875670208     
   10.687022900757436       0.38219228622731766        9.1821086689660117E-002 -0.47401337291696649     
   10.763358778619988       0.38223829687207311        9.1828919043033544E-002 -0.47406721591511258     
   10.839694656482541       0.38228262965571291        9.1800698844021852E-002 -0.47408332849971713     
   10.916030534345095       0.38233198668604484        9.1728960426894587E-002 -0.47406094711296526     
   10.992366412207648       0.38238212277693334        9.1700246795298132E-002 -0.47408236957221223     
   11.068702290070201       0.38243315930674304        9.1643613386598752E-002 -0.47407677269334741     
   11.145038167932753       0.38248636134508668        9.1655155579275921E-002 -0.47414151692438306     
   11.221374045795306       0.38254070867829404        9.1626082247998827E-002 -0.47416679092627784     
   11.297709923657861       0.38259479670493679        9.1531966538103512E-002 -0.47412676324305747     
   11.374045801520413       0.38265607838813903        9.1459371206774498E-002 -0.47411544959492702     
   11.450381679382966       0.38271645767133022        9.1406412184908525E-002 -0.47412286985625507     
   11.526717557245519       0.38277620116928218        9.1344533639482153E-002 -0.47412073480878208     
   11.603053435108073       0.38283564107860424        9.1258729884742373E-002 -0.47409437096335139     
   11.679389312970626       0.38289684236106614        9.1233413636233954E-002 -0.47413025599730435     
   11.755725190833179       0.38295608593529779        9.1181267786288794E-002 -0.47413735372155758     
   11.832061068695731       0.38301021483660125        9.1113550695379589E-002 -0.47412376553200414     
   11.908396946558286       0.38306576663346570        9.1026420149885143E-002 -0.47409218678334836     
   11.984732824420838       0.38312126446949801        9.0977758469421480E-002 -0.47409902293890205     
   12.061068702283391       0.38316891747713738        9.0919576793739909E-002 -0.47408849427084615     
   12.137404580145944       0.38321329938835591        9.0955288949634477E-002 -0.47416858833800718     
   12.213740458008498       0.38325215833857579        9.0899198899020262E-002 -0.47415135723756369     
   12.290076335871051       0.38328302265474479        9.0896370126788986E-002 -0.47417939278153104     
   12.366412213733604       0.38330690626408520        9.0894706386795657E-002 -0.47420161265084648     
   12.442748091596156       0.38332459495503202        9.0851683654749965E-002 -0.47417627860977346     
   12.519083969458709       0.38333977926977625        9.0824033859362385E-002 -0.47416381312911027     
   12.595419847321264       0.38335528822753584        9.0820876575007994E-002 -0.47417616480250252     
   12.671755725183816       0.38336680455103228        9.0822531894161299E-002 -0.47418933644519734     
   12.748091603046369       0.38337633688424894        9.0820784879210054E-002 -0.47419712176350770     
   12.824427480908922       0.38338541881820787        9.0772879598935374E-002 -0.47415829841713775     
   12.900763358771476       0.38339017571107165        9.0790513226527050E-002 -0.47418068893758697     
   12.977099236634029       0.38338522632989308        9.0795766037930978E-002 -0.47418099236784750     
   13.053435114496581       0.38337993724687602        9.0739795413151858E-002 -0.47411973266001928     
   13.129770992359134       0.38336753845339633        9.0778060776317795E-002 -0.47414559922968647     
   13.206106870221689       0.38334792685692903        9.0799160526336312E-002 -0.47414708738331335     
   13.282442748084241       0.38332951269956289        9.0803165423073109E-002 -0.47413267812263771     
   13.358778625946794       0.38330607599357053        9.0757783867682421E-002 -0.47406385986125099     
   13.435114503809347       0.38327759179250903        9.0799710568715247E-002 -0.47407730236126067     
   13.511450381671899       0.38323831295637545        9.0791293060067488E-002 -0.47402960601644872     
   13.587786259534454       0.38319630548660505        9.0824645950239757E-002 -0.47402095143681749     
   13.664122137397007       0.38314839597143580        9.0784949785840341E-002 -0.47393334575729246     
   13.740458015259559       0.38309371148045090        9.0838966146846098E-002 -0.47393267762728541     
   13.816793893122112       0.38303099439744626        9.0860266580997370E-002 -0.47389126097844037     
   13.893129770984666       0.38295966878403076        9.0894372436808687E-002 -0.47385404122086344     
   13.969465648847219       0.38288392180165998        9.0930322135045788E-002 -0.47381424393673915     
   14.045801526709772       0.38281086427301841        9.1023391215439273E-002 -0.47383425548846653     
   14.122137404572324       0.38274080840003333        9.1062210307936473E-002 -0.47380301870796931     
   14.198473282434879       0.38267010639894172        9.1118878811914897E-002 -0.47378898521081803     
   14.274809160297432       0.38260213822279621        9.1137112106272872E-002 -0.47373925032903136     
   14.351145038159984       0.38253526401023824        9.1181078644564678E-002 -0.47371634265476781     
   14.427480916022537       0.38246904708698348        9.1219242454281355E-002 -0.47368828954123998     
   14.503816793885091       0.38240814074455681        9.1334455088415631E-002 -0.47374259583297101     
   14.580152671747644       0.38235157786948909        9.1330946412251937E-002 -0.47368252428174878     
   14.656488549610197       0.38229933916575337        9.1387999468710013E-002 -0.47368733863447093     
   14.732824427472750       0.38224511427867430        9.1410485218905671E-002 -0.47365559949758346     
   14.809160305335302       0.38219206406290562        9.1522253423244895E-002 -0.47371431748611659     
   14.885496183197857       0.38214610319592274        9.1537848290517018E-002 -0.47368395148645659     
   14.961832061060409       0.38210347548129975        9.1540223418768399E-002 -0.47364369890006291     
   15.038167938922962       0.38205872164053944        9.1570818708932328E-002 -0.47362954034946397     
   15.114503816785515       0.38201363202403388        9.1611504106627523E-002 -0.47362513613069029     
   15.190839694648069       0.38196727148550408        9.1691547433827986E-002 -0.47365881891930844     
   15.267175572510622       0.38192313704960107        9.1711070357400393E-002 -0.47363420740702744     
   15.343511450373175       0.38188168017009333        9.1786785126330636E-002 -0.47366846529638840     
   15.419847328235727       0.38184326169347693        9.1827479948361018E-002 -0.47367074164181799     
   15.496183206098282       0.38180634914610490        9.1856645089523653E-002 -0.47366299423559155     
   15.572519083960835       0.38177140800941900        9.1862443232438779E-002 -0.47363385124186430     
   15.648854961823387       0.38173011150645464        9.1884960777577629E-002 -0.47361507228398203     
   15.725190839685940       0.38168777703670459        9.1910657490736111E-002 -0.47359843452741190     
   15.801526717548494       0.38164210992306913        9.1929330847917684E-002 -0.47357144077100327     
   15.877862595411047       0.38160139792162978        9.1938274826216665E-002 -0.47353967274786579     
   15.954198473273600       0.38156544285729777        9.1966081345790859E-002 -0.47353152420306144     
   16.030534351136154       0.38152986593780835        9.1983602228282627E-002 -0.47351346816606255     
   16.106870228998705       0.38149419659604933        9.1970242763233054E-002 -0.47346443935933769     
   16.183206106861260       0.38146577141268773        9.1969630458503607E-002 -0.47343540187123007     
   16.259541984723811       0.38144222739629430        9.2005271500283745E-002 -0.47344749889656279     
   16.335877862586365       0.38141924173127723        9.2008409366882926E-002 -0.47342765109818286     
   16.412213740448919       0.38139851149505888        9.1931045174633075E-002 -0.47332955666967585     
   16.488549618311470       0.38137941137039505        9.1980253476683066E-002 -0.47335966484708908     
   16.564885496174025       0.38136719637864985        9.1983048490351008E-002 -0.47335024486901528     
   16.641221374036579       0.38136260534501193        9.1972478723892734E-002 -0.47333508406889863     
   16.717557251899130       0.38136444727554941        9.2002695972221438E-002 -0.47336714324779311     
   16.793893129761685       0.38137003743235315        9.2013879738710752E-002 -0.47338391717104777     
   16.870229007624236       0.38137372694662519        9.2003729457505110E-002 -0.47337745640416073     
   16.946564885486790       0.38137772579649576        9.2000026592808537E-002 -0.47337775238930824     
   17.022900763349345       0.38138303686709951        9.1999033929717783E-002 -0.47338207079683203     
   17.099236641211895       0.38138860953072778        9.1972649954392388E-002 -0.47336125948512231     
   17.175572519074450       0.38139569606231893        9.1957394826914576E-002 -0.47335309088920252     
   17.251908396937001       0.38140719698723513        9.1920792336970092E-002 -0.47332798932419573     
   17.328244274799555       0.38141394167586551        9.1922876630747233E-002 -0.47333681830664004     
   17.404580152662110       0.38141626303168275        9.1901500201940212E-002 -0.47331776323362829     
   17.480916030524661       0.38141732786055005        9.1898124322634625E-002 -0.47331545218320104     
   17.557251908387215       0.38141711060902378        9.1915730964213266E-002 -0.47333284157325284     
   17.633587786249770       0.38141297104242433        9.1877099233774157E-002 -0.47329007027619163     
   17.709923664112321       0.38140374441925190        9.1842819929664560E-002 -0.47324656434895346     
   17.786259541974875       0.38138994933511022        9.1854839937252394E-002 -0.47324478927239100     
   17.862595419837426       0.38136916380355501        9.1814302019433608E-002 -0.47318346582295523     
   17.938931297699980       0.38134177509969991        9.1800771984486246E-002 -0.47314254708415926     
   18.015267175562535       0.38131357563734475        9.1793396889926632E-002 -0.47310697252725747     
   18.091603053425086       0.38128431798974050        9.1816204866408374E-002 -0.47310052285614940     
   18.167938931287640       0.38125626215892044        9.1785956651389888E-002 -0.47304221881027236     
   18.244274809150195       0.38123345114609702        9.1745574851909928E-002 -0.47297902599798902     
   18.320610687012746       0.38121090570405547        9.1724369855074178E-002 -0.47293527555912263     
   18.396946564875300       0.38117959011999203        9.1740891135130870E-002 -0.47292048125510228     
   18.473282442737851       0.38114690580933952        9.1687542278181197E-002 -0.47283444808751335     
   18.549618320600405       0.38111785690085442        9.1696535446871286E-002 -0.47281439234769967     
   18.625954198462960       0.38108669379690918        9.1643942430337744E-002 -0.47273063622723621     
   18.702290076325511       0.38105453612979401        9.1534435579294054E-002 -0.47258897170915104     
   18.778625954188065       0.38102386254920934        9.1493593012677010E-002 -0.47251745556188296     
   18.854961832050616       0.38099168112563364        9.1460218775574031E-002 -0.47245189990122477     
   18.931297709913171       0.38095802047883287        9.1441162328586664E-002 -0.47239918280747401     
   19.007633587775725       0.38092581083481419        9.1381533875563678E-002 -0.47230734471035923     
   19.083969465638276       0.38089201136659517        9.1404732511030984E-002 -0.47229674387765780     
   19.160305343500831       0.38085897262369051        9.1365960578834712E-002 -0.47222493320251752     
   19.236641221363385       0.38082366149388824        9.1399133210919678E-002 -0.47222279470479861     
   19.312977099225936       0.38078341383653519        9.1378999224811103E-002 -0.47216241306135959     
   19.389312977088490       0.38074048067813265        9.1359860587614181E-002 -0.47210034126575245     
   19.465648854951041       0.38069788476471034        9.1320462157422524E-002 -0.47201834692213418     
   19.541984732813596       0.38065173540610608        9.1321738978539096E-002 -0.47197347438460874     
   19.618320610676150       0.38060328170193064        9.1295011459608472E-002 -0.47189829316155374     
   19.694656488538701       0.38055585504058165        9.1336966277516835E-002 -0.47189282131802934     
   19.770992366401256       0.38050914730591379        9.1350270651464130E-002 -0.47185941795739478     
   19.847328244263807       0.38045972019565633        9.1382573304216813E-002 -0.47184229349988116     
   19.923664122126361       0.38040848682363249        9.1340729510322308E-002 -0.47174921633397221     
   19.999999999988916       0.38035932933589289        9.1348839114662531E-002 -0.47170816845053326     
   20.076335877851466       0.38030755353070811        9.1301696003835114E-002 -0.47160924953454797     
   20.152671755714021       0.38025752807632157        9.1320646609443959E-002 -0.47157817468577451     
   20.229007633576575       0.38020760501227724        9.1387526208922168E-002 -0.47159513122118868     
   20.305343511439126       0.38015523332584406        9.1431770525401135E-002 -0.47158700385123015     
   20.381679389301681       0.38010243751543576        9.1509697869673057E-002 -0.47161213538505364     
   20.458015267164232       0.38005183635415524        9.1523409520444424E-002 -0.47157524587459015     
   20.534351145026786       0.38000130574411595        9.1610155240634802E-002 -0.47161146098477791     
   20.610687022889341       0.37995151813433448        9.1665725628379727E-002 -0.47161724376273001     
   20.687022900751892       0.37990223761048081        9.1730957370100952E-002 -0.47163319498055961     
   20.763358778614446       0.37985558947253972        9.1766003978494312E-002 -0.47162159345107518     
   20.839694656476997       0.37980607010040374        9.1856032727368780E-002 -0.47166210282776555     
   20.916030534339551       0.37976013352049182        9.1958847345297606E-002 -0.47171898086581826     
   20.992366412202106       0.37971865217697354        9.2064569043502215E-002 -0.47178322122051020     
   21.068702290064657       0.37967760700763331        9.2119344392677521E-002 -0.47179695140030992     
   21.145038167927211       0.37963230730062947        9.2256761919241814E-002 -0.47188906921986179     
   21.221374045789766       0.37958597126319549        9.2302405220175507E-002 -0.47188837648332321     
   21.297709923652317       0.37953906807884769        9.2359853069188994E-002 -0.47189892114802157     
   21.374045801514871       0.37949239328169670        9.2473534759253254E-002 -0.47196592804092224     
   21.450381679377422       0.37944849823765520        9.2540204490209430E-002 -0.47198870272785309     
   21.526717557239976       0.37940694642746270        9.2582301156543145E-002 -0.47198924758398825     
   21.603053435102531       0.37937031052073450        9.2638719101001188E-002 -0.47200902962173430     
   21.679389312965082       0.37933890377395224        9.2730533831265394E-002 -0.47206943760522824     
   21.755725190827636       0.37931257110523287        9.2714041302983094E-002 -0.47202661240823435     
   21.832061068690191       0.37928962174947245        9.2758262527212240E-002 -0.47204788427668115     
   21.908396946552742       0.37926971288634698        9.2771125127135576E-002 -0.47204083801349661     
   21.984732824415296       0.37925471802218474        9.2850380503910854E-002 -0.47210509852608340     
   22.061068702277847       0.37924410371711897        9.2899862456856774E-002 -0.47214396617401766     
   22.137404580140402       0.37924326980267398        9.2924515215534853E-002 -0.47216778501819884     
   22.213740458002956       0.37924956350187539        9.2987642888494856E-002 -0.47223720639040945     
   22.290076335865507       0.37926480113701971        9.3033050260404287E-002 -0.47229785139744929     
   22.366412213728061       0.37928341214632294        9.3009997926208537E-002 -0.47229341007255454     
   22.442748091590612       0.37930437656693183        9.3033451380505547E-002 -0.47233782794741130     
   22.519083969453167       0.37933165536306851        9.3142488622755149E-002 -0.47247414398580700     
   22.595419847315721       0.37936398781220076        9.3128240250377192E-002 -0.47249222806258911     
   22.671755725178272       0.37940621916809342        9.3183120122810062E-002 -0.47258933929093022     
   22.748091603040827       0.37945307314926524        9.3230032138408539E-002 -0.47268310528763985     
   22.824427480903381       0.37950876053766563        9.3224635219179022E-002 -0.47273339575690915     
   22.900763358765932       0.37957033376395077        9.3263273017867937E-002 -0.47283360678178704     
   22.977099236628487       0.37963749614176234        9.3302412546188221E-002 -0.47293990868793856     
   23.053435114491037       0.37970834354292249        9.3309992275165204E-002 -0.47301833581806996     
   23.129770992353592       0.37978558989230493        9.3392756968078042E-002 -0.47317834686041693     
   23.206106870216146       0.37986912047881771        9.3384515547614733E-002 -0.47325363602645248     
   23.282442748078697       0.37995853083166320        9.3431365178997722E-002 -0.47338989601063769     
   23.358778625941252       0.38005311944941650        9.3469318822234249E-002 -0.47352243827163271     
   23.435114503803803       0.38014965203496598        9.3507028440357756E-002 -0.47365668047532883     
   23.511450381666357       0.38025015469646534        9.3466250246071053E-002 -0.47371640494249789     
   23.587786259528912       0.38035546711709117        9.3488557694734464E-002 -0.47384402481182852     
   23.664122137391463       0.38045954537414739        9.3440706121702688E-002 -0.47390025149588283     
   23.740458015254017       0.38056223191088506        9.3437647634651344E-002 -0.47399987954556078     
   23.816793893116571       0.38066750899914031        9.3466913615068509E-002 -0.47413442261418376     
   23.893129770979122       0.38077281526112533        9.3470159183387413E-002 -0.47424297444455771     
   23.969465648841677       0.38087778972155273        9.3437530452061837E-002 -0.47431532017362654     
   24.045801526704228       0.38099072922949173        9.3448402965855618E-002 -0.47443913219527795     
   24.122137404566782       0.38110956055036771        9.3491261709704898E-002 -0.47460082226008965     
   24.198473282429337       0.38123442601786389        9.3453952985897412E-002 -0.47468837900376504     
   24.274809160291888       0.38135748026836913        9.3426441750867992E-002 -0.47478392201917169     
   24.351145038154442       0.38147718103094491        9.3392617659917659E-002 -0.47486979869087415     
   24.427480916016997       0.38159848040323385        9.3372967008795868E-002 -0.47497144741201036     
   24.503816793879547       0.38172166524134599        9.3334643430622352E-002 -0.47505630867199011     
   24.580152671742102       0.38184947538707459        9.3313082922356419E-002 -0.47516255830936882     
   24.656488549604653       0.38198023995738950        9.3239920043665658E-002 -0.47522016000105965     
   24.732824427467207       0.38211146858175099        9.3207603631558972E-002 -0.47531907221332298     
   24.809160305329762       0.38224572381231237        9.3162044746024325E-002 -0.47540776855833489     
   24.885496183192313       0.38238221557357649        9.3162162911114246E-002 -0.47554437848468134     
   24.961832061054867       0.38251595714515196        9.3141809749986273E-002 -0.47565776689513278     
   25.038167938917418       0.38265174766935572        9.3123224600902541E-002 -0.47577497227023785     
   25.114503816779973       0.38279048979239633        9.3082515848512071E-002 -0.47587300564089408     
   25.190839694642527       0.38293077233084122        9.3086325121941885E-002 -0.47601709745276366     
   25.267175572505078       0.38306233809969353        9.3029395522464739E-002 -0.47609173362219093     
   25.343511450367632       0.38318479907075337        9.3053914995212275E-002 -0.47623871406595913     
   25.419847328230187       0.38330076460847912        9.2989638278909548E-002 -0.47629040288740404     
   25.496183206092738       0.38340958495969074        9.3021591143712251E-002 -0.47643117610340757     
   25.572519083955292       0.38351592624310255        9.2994711385699549E-002 -0.47651063762879725     
   25.648854961817843       0.38361567966223359        9.3002952202915851E-002 -0.47661863186518055     
   25.725190839680398       0.38371084729001448        9.3005467456706820E-002 -0.47671631474674364     
   25.801526717542952       0.38380872673612465        9.2989393383520969E-002 -0.47679812011965123     
   25.877862595405503       0.38390296178937422        9.2936714620130478E-002 -0.47683967640950098     
   25.954198473268058       0.38399244179862468        9.2969129530662414E-002 -0.47696157132929240     
   26.030534351130608       0.38408234768505284        9.2968619762630003E-002 -0.47705096744767433     
   26.106870228993163       0.38417151765031088        9.2935626971701268E-002 -0.47710714462202947     
   26.183206106855717       0.38424878149897790        9.2932489782668590E-002 -0.47718127128169180     
   26.259541984718268       0.38432178848208931        9.2877166566992367E-002 -0.47719895504908733     
   26.335877862580823       0.38439604169370301        9.2849164029612311E-002 -0.47724520572331303     
   26.412213740443377       0.38446750731476625        9.2867553561051017E-002 -0.47733506087580579     
   26.488549618305928       0.38453579150849465        9.2878418895312412E-002 -0.47741421040385135     
   26.564885496168483       0.38460028249378009        9.2833761577368987E-002 -0.47743404407115886     
   26.641221374031034       0.38466590210168061        9.2867668551390267E-002 -0.47753357065303226     
   26.717557251893588       0.38472448656050379        9.2866220992863555E-002 -0.47759070755335553     
   26.793893129756142       0.38477929726097454        9.2830027772874121E-002 -0.47760932503389458     
   26.870229007618693       0.38482997815097819        9.2804151383056865E-002 -0.47763412953404022     
   26.946564885481248       0.38487807731116175        9.2825713419064648E-002 -0.47770379073022057     
   27.022900763343799       0.38492397686810714        9.2812818649685547E-002 -0.47773679551782239     
   27.099236641206353       0.38496225099052489        9.2812616191948069E-002 -0.47777486718244883     
   27.175572519068908       0.38499607691495541        9.2870408994357723E-002 -0.47786648590931818     
   27.251908396931459       0.38502894904317081        9.2847811930805810E-002 -0.47787676097398896     
   27.328244274794013       0.38505956919547085        9.2877807904640952E-002 -0.47793737710005857     
   27.404580152656568       0.38508927961840200        9.2843098715227210E-002 -0.47793237833364177     
   27.480916030519118       0.38512530351918056        9.2811986994546625E-002 -0.47793729051377193     
   27.557251908381673       0.38515831967147668        9.2730553365324986E-002 -0.47788887303678940     
   27.633587786244224       0.38518893347264216        9.2769635844939788E-002 -0.47795856931764202     
   27.709923664106778       0.38521984035719842        9.2749060087709681E-002 -0.47796890044491402     
   27.786259541969333       0.38525078507851857        9.2738911025905979E-002 -0.47798969610439285     
   27.862595419831884       0.38528250851337659        9.2720169916109332E-002 -0.47800267842946825     
   27.938931297694438       0.38531857784823947        9.2681754070348010E-002 -0.47800033191857078     
   28.015267175556993       0.38535208729759973        9.2704847604256208E-002 -0.47805693490184686     
   28.091603053419544       0.38538282415322178        9.2657484204973536E-002 -0.47804030835818329     
   28.167938931282098       0.38540998089973927        9.2649307055903546E-002 -0.47805928795561425     
   28.244274809144649       0.38543549633815316        9.2641876778004478E-002 -0.47807737311616444     
   28.320610687007203       0.38546098596315925        9.2634364633045349E-002 -0.47809535059617186     
   28.396946564869758       0.38548615716526968        9.2606883571842047E-002 -0.47809304073710396     
   28.473282442732309       0.38551153920968623        9.2601490010796692E-002 -0.47811302922051752     
   28.549618320594863       0.38553672472276596        9.2562425341497723E-002 -0.47809915006428949     
   28.625954198457414       0.38556686831927139        9.2524277275580255E-002 -0.47809114559488597     
   28.702290076319969       0.38559731035731931        9.2537022359833798E-002 -0.47813433271715272     
   28.778625954182523       0.38562570947948854        9.2495550023197329E-002 -0.47812125950270706     
   28.854961832045074       0.38565001304417723        9.2412466352336700E-002 -0.47806247939654045     
   28.931297709907629       0.38567257634772034        9.2399485305752510E-002 -0.47807206165348043     
   29.007633587770183       0.38570074382872854        9.2381479199871525E-002 -0.47808222302857534     
   29.083969465632734       0.38573163813064532        9.2327657372789279E-002 -0.47805929550346860     
   29.160305343495288       0.38576138473148824        9.2260732994496275E-002 -0.47802211772597553     
   29.236641221357839       0.38579471045333874        9.2204066240124199E-002 -0.47799877669349694     
   29.312977099220394       0.38582756592359491        9.2171172691500144E-002 -0.47799873861504438     
   29.389312977082948       0.38586302917316007        9.2156697190361500E-002 -0.47801972636353540     
   29.465648854945499       0.38589774321926523        9.2118732301127049E-002 -0.47801647552039284     
   29.541984732808054       0.38593015386196061        9.2095962733589193E-002 -0.47802611659557509     
   29.618320610670605       0.38596251500685735        9.2140493519258099E-002 -0.47810300852611620     
   29.694656488533159       0.38598951788302838        9.2084152658337179E-002 -0.47807367054136007     
   29.770992366395713       0.38600807821123712        9.2044967580000955E-002 -0.47805304579124325     
   29.847328244258264       0.38602662302327018        9.2044226252726208E-002 -0.47807084927602533     
   29.923664122120819       0.38604068440306250        9.2035601943819476E-002 -0.47807628634686949     
   29.999999999983373       0.38604999108429966        9.1954410465833830E-002 -0.47800440155011925     
   30.076335877845924       0.38605154175397283        9.1972449213968674E-002 -0.47802399096799691     
   30.152671755708479       0.38605203060131943        9.1927399788041139E-002 -0.47797943038936958     
   30.229007633571030       0.38604364523033879        9.1907855871611405E-002 -0.47795150110194767     
   30.305343511433584       0.38602454251061696        9.1921708958267900E-002 -0.47794625146884195     
   30.381679389296139       0.38600004031756568        9.1830436622867634E-002 -0.47783047694045239     
   30.458015267158689       0.38596678137831386        9.1867574236173963E-002 -0.47783435561450693     
   30.534351145021244       0.38592996327361540        9.1860222179593803E-002 -0.47779018545318397     
   30.610687022883795       0.38589135315128653        9.1900985258413947E-002 -0.47779233840965879     
   30.687022900746349       0.38585006543407352        9.1938352441832627E-002 -0.47778841787589604     
   30.763358778608904       0.38580317287309507        9.1942912300726001E-002 -0.47774608517386163     
   30.839694656471455       0.38575234616828308        9.1971436008224217E-002 -0.47772378217647093     
   30.916030534334009       0.38569868784733652        9.1957001256087398E-002 -0.47765568910339984     
   30.992366412196564       0.38564145554868756        9.1994558383918762E-002 -0.47763601393263400     
   31.068702290059115       0.38558161484045211        9.2077533296604452E-002 -0.47765914813706067     
   31.145038167921669       0.38551610892749466        9.2127470082975574E-002 -0.47764357901048216     
   31.221374045784220       0.38544495150452074        9.2142726151646315E-002 -0.47758767765613419     
   31.297709923646774       0.38537681784901068        9.2169460830994046E-002 -0.47754627868001581     
   31.374045801509329       0.38530308168667649        9.2179997416159148E-002 -0.47748307910280580     
   31.450381679371880       0.38522187774036676        9.2233931786316378E-002 -0.47745580952670524     
   31.526717557234434       0.38513650049174319        9.2287547927315541E-002 -0.47742404841905367     
   31.603053435096989       0.38504691296578991        9.2330920833283633E-002 -0.47737783379905524     
   31.679389312959540       0.38495859614957101        9.2366563601038426E-002 -0.47732515975059703     
   31.755725190822094       0.38486741973197341        9.2402076880626280E-002 -0.47726949661258378     
   31.832061068684645       0.38478052111202604        9.2428020379756101E-002 -0.47720854149178971     
   31.908396946547199       0.38469103998321186        9.2455295756866465E-002 -0.47714633574004955     
   31.984732824409754       0.38459496258614290        9.2447767011521312E-002 -0.47704272959764737     
   32.061068702272308       0.38450059213966642        9.2525883705863302E-002 -0.47702647584549501     
   32.137404580134856       0.38441183204473817        9.2539389242408093E-002 -0.47695122128718243     
   32.213740457997410       0.38432654004975408        9.2544849260777828E-002 -0.47687138931051615     
   32.290076335859965       0.38424345583767977        9.2521268636096984E-002 -0.47676472447374452     
   32.366412213722519       0.38416292718046996        9.2539356634057546E-002 -0.47670228381450752     
   32.442748091585074       0.38408440683105277        9.2551731274828505E-002 -0.47663613810588590     
   32.519083969447621       0.38400887528906691        9.2570628053544976E-002 -0.47657950334261262     
   32.595419847310175       0.38393437154620613        9.2523969113520177E-002 -0.47645834065972686     
   32.671755725172730       0.38385969677542608        9.2458662658423646E-002 -0.47631835943388079     
   32.748091603035284       0.38378589325925250        9.2448607064515700E-002 -0.47623450032376302     
   32.824427480897839       0.38371495799108862        9.2399588340100050E-002 -0.47611454633122902     
   32.900763358760393       0.38365292125973621        9.2329948276197879E-002 -0.47598286953590901     
   32.977099236622941       0.38359433082979860        9.2314111854975192E-002 -0.47590844268482907     
   33.053435114485495       0.38353950187874847        9.2274313182552331E-002 -0.47581381506129350     
   33.129770992348050       0.38349107307256397        9.2225786754916675E-002 -0.47571685982750089     
   33.206106870210604       0.38344560674445183        9.2184064220358880E-002 -0.47562967096482001     
   33.282442748073159       0.38340250253259345        9.2151140793480926E-002 -0.47555364332606864     
   33.358778625935706       0.38336533120807836        9.2114117736251500E-002 -0.47547944894436345     
   33.435114503798260       0.38333260511872758        9.2096454732127547E-002 -0.47542905985083006     
   33.511450381660815       0.38329869860730337        9.2059824777944249E-002 -0.47535852338522316     
   33.587786259523369       0.38326892819053282        9.2104762070029100E-002 -0.47537369026051562     
   33.664122137385924       0.38324269606138711        9.2063988631929300E-002 -0.47530668469330678     
   33.740458015248471       0.38321715651861488        9.2058790443998867E-002 -0.47527594696258402     
   33.816793893111026       0.38319240017867612        9.2033854986744323E-002 -0.47522625516540073     
   33.893129770973580       0.38316854605056971        9.2079494030558942E-002 -0.47524804008112942     
   33.969465648836135       0.38314491978010534        9.2085040595206766E-002 -0.47522996037532567     
   34.045801526698689       0.38312392332597911        9.2148142080551290E-002 -0.47527206540648537     
   34.122137404561236       0.38310202657329234        9.2163493528170701E-002 -0.47526552010147272     
   34.198473282423791       0.38307359176379663        9.2219468833798682E-002 -0.47529306059760767     
   34.274809160286345       0.38303881401894124        9.2226031065883035E-002 -0.47526484508487749     
   34.351145038148900       0.38300501601576792        9.2263100527830808E-002 -0.47526811654359119     
   34.427480916011454       0.38296661902452006        9.2298431536596337E-002 -0.47526505056111695     
   34.503816793874002       0.38292336701369450        9.2300857004822087E-002 -0.47522422401855380     
   34.580152671736556       0.38288350185480319        9.2320828912762345E-002 -0.47520433076755381     
   34.656488549599111       0.38284754472085802        9.2281457631404662E-002 -0.47512900235228078     
   34.732824427461665       0.38281245761721860        9.2279161484791677E-002 -0.47509161910197478     
   34.809160305324220       0.38277878743391075        9.2280999400635721E-002 -0.47505978683455696     
   34.885496183186774       0.38274462316009067        9.2276445849886868E-002 -0.47502106901000496     
   34.961832061049321       0.38270295718556602        9.2265511614744278E-002 -0.47496846880030869     
   35.038167938911876       0.38265736913166304        9.2325895297878893E-002 -0.47498326442953004     
   35.114503816774430       0.38261844096422853        9.2365055864723281E-002 -0.47498349682887991     
   35.190839694636985       0.38257430575765700        9.2391449233266254E-002 -0.47496575499094634     
   35.267175572499539       0.38252790542466075        9.2449568713354052E-002 -0.47497747413799857     
   35.343511450362087       0.38248904495920522        9.2454703813351954E-002 -0.47494374877257650     
   35.419847328224641       0.38245761626362945        9.2467066453358948E-002 -0.47492468271696242     
   35.496183206087196       0.38242960562831024        9.2510218635687078E-002 -0.47493982426396697     
   35.572519083949750       0.38240325323163959        9.2495533139966557E-002 -0.47489878637159300     
   35.648854961812305       0.38238314081617630        9.2459270287760131E-002 -0.47484241110390812     
   35.725190839674852       0.38236792644833462        9.2451559513831813E-002 -0.47481948596219514     
   35.801526717537406       0.38235982676364610        9.2473910193233408E-002 -0.47483373695691100     
   35.877862595399961       0.38236218125808974        9.2459432826350677E-002 -0.47482161408442813     
   35.954198473262515       0.38236645109168060        9.2455419374872186E-002 -0.47482187046652791     
   36.030534351125070       0.38237224625979221        9.2444453501567145E-002 -0.47481669976137558     
   36.106870228987617       0.38238346456018968        9.2437673436435649E-002 -0.47482113799667613     
   36.183206106850172       0.38240129785509780        9.2440525167235804E-002 -0.47484182302236627     
   36.259541984712726       0.38242122218939162        9.2398538249130885E-002 -0.47481976043855817     
   36.335877862575281       0.38244779045721561        9.2395358365680788E-002 -0.47484314882292211     
   36.412213740437835       0.38247981764112943        9.2331775399988700E-002 -0.47481159304117165     
   36.488549618300389       0.38251430449911317        9.2343801909478038E-002 -0.47485810640861381     
   36.564885496162937       0.38254684177042103        9.2299203559668627E-002 -0.47484604533005997     
   36.641221374025491       0.38257873573156836        9.2298309180216087E-002 -0.47487704491177868     
   36.717557251888046       0.38261006857109470        9.2294289291017476E-002 -0.47490435786213608     
   36.793893129750600       0.38263954335728151        9.2188561287182086E-002 -0.47482810464444353     
   36.870229007613155       0.38266753940661535        9.2189111820931424E-002 -0.47485665122752141     
   36.946564885475702       0.38269423223690208        9.2153784611478745E-002 -0.47484801684842554     
   37.022900763338257       0.38272397175008843        9.2130033116815280E-002 -0.47485400486690332     
   37.099236641200811       0.38275549637572032        9.2070489604742831E-002 -0.47482598598045594     
   37.175572519063365       0.38278697177554050        9.2047437659963691E-002 -0.47483440943553767     
   37.251908396925920       0.38281988016756691        9.2019132651544086E-002 -0.47483901281910890     
   37.328244274788467       0.38285648485709528        9.2035602843887815E-002 -0.47489208770091845     
   37.404580152651022       0.38289862992562629        9.1990964129575609E-002 -0.47488959405520170     
   37.480916030513576       0.38293852269430467        9.1944024059984572E-002 -0.47488254675426256     
   37.557251908376131       0.38297573987605327        9.1942286691652372E-002 -0.47491802656771520     
   37.633587786238685       0.38300975243996677        9.1923372025789540E-002 -0.47493312446574398     
   37.709923664101233       0.38304262023145241        9.1855511126509748E-002 -0.47489813135797332     
   37.786259541963787       0.38307392380089034        9.1823423561986250E-002 -0.47489734736285616     
   37.862595419826341       0.38309602843792329        9.1836758634569693E-002 -0.47493278707250747     
   37.938931297688896       0.38311606844247453        9.1806467129235098E-002 -0.47492253557170849     
   38.015267175551450       0.38313073488298699        9.1829762780507099E-002 -0.47496049766349696     
   38.091603053413998       0.38314399081868533        9.1776423626073009E-002 -0.47492041444472383     
   38.167938931276552       0.38315254614614863        9.1775349446463858E-002 -0.47492789559255372     
