   6.2499999999998668E-003  0.69898579472741229       0.86703352956232393        1.2201657281801892       0.79984642948553863        1.8570834399795237       0.41272075761453797        2.1955784489378036     
   1.8750000000000044E-002  0.69466662400819035       0.86655362170463257        1.2028090606603530       0.81648323521883792        1.8445258510366007       0.41687995904786274        2.2090158689531609     
   3.1250000000000000E-002  0.71522267724596866       0.87271243921167130        1.2154466342462247       0.81608331200409512        1.8058132838495007       0.43903570514461221        2.1851004607115430     
   4.3749999999999956E-002  0.70346493473253124       0.86447402098797022        1.2292039928333758       0.79784681341182484        1.7952553109802916       0.41887957512157659        2.1478276170975170     
   5.6249999999999911E-002  0.70378487330432549       0.86423406705912453        1.2300838239058098       0.81632326593294080        1.8086127463527000       0.43727604299974399        2.1301510110058866     
   6.8749999999999867E-002  0.71098349116969528       0.86175454312771937        1.1995296902994623       0.79288776554901452        1.7913360634758124       0.43335679549526485        2.0991969541847961     
   8.1250000000000044E-002  0.71410289224468892       0.86607371384694132        1.2318434860506782       0.81896275915024308        1.7522235730739697       0.43127719477860244        2.0304901458919886     
   9.3750000000000000E-002  0.70154530330176601       0.86655362170463257        1.2294439467622216       0.81920271307908876        1.7244689019708215       0.42479843869976958        1.9984962887125670     
  0.10624999999999996       0.70410481187611973       0.86967302277962621        1.2234450985410801       0.81472357307396970        1.7272683644740208       0.42615817762989500        1.9597837215254670     
  0.11874999999999991       0.70962375223956997       0.87319234706936255        1.2279242385461990       0.82552149987202450        1.6883158433580752       0.42647811620168924        1.8900371128743279     
  0.13124999999999987       0.71034361402610691       0.87343230099820823        1.2199257742513436       0.82784105451753254        1.6121704632710518       0.42927757870488858        1.8594029946250317     
  0.14375000000000004       0.72985986690555404       0.88638981315587395        1.2260046071154338       0.82480163808548745        1.6206488354235984       0.42375863834143840        1.8090926542103913     
  0.15625000000000000       0.71770220117737382       0.86671359099052969        1.2310436396211926       0.81552341950345519        1.5794567443050933       0.42399859227028408        1.7409457384182234     
  0.16874999999999996       0.72378103404146399       0.88071090350652670        1.2134470181725108       0.82128231379575112        1.5425038392628614       0.42767788584591754        1.6983139237266442     
  0.18124999999999991       0.74025787048886604       0.86999296135142046        1.2431213207064242       0.81728308164832342        1.5149091374456103       0.42815779370360885        1.6845565651394929     
  0.19375000000000009       0.73633862298438690       0.86839326849244936        1.2408017660609161       0.80128615305861262        1.4735570770412079       0.43751599692858967        1.6257678525723058     
  0.20625000000000004       0.74729651906833883       0.88766956744305081        1.2461607371384693       0.81128423342718192        1.4542007934476580       0.42983747120552851        1.5751375735858713     
  0.21875000000000000       0.73809828512925513       0.87407217814179672        1.2380822882006652       0.80832480163808540        1.4358043255694906       0.42663808548758636        1.5447434092654209     
  0.23124999999999996       0.74993601228564111       0.88319042743793186        1.2668767596621446       0.84263821346301504        1.3922926798054771       0.43663616585615556        1.4801158177629894     
  0.24374999999999991       0.76337343230099808       0.89518812388021485        1.2480803685692345       0.83791911952905029        1.3575793447658049       0.44159521371896593        1.4362842334271819     
  0.25625000000000009       0.77001215766572806       0.90030714102892240        1.2480803685692345       0.82440171487074476        1.3407025851036600       0.43455656513949315        1.4011709751727666     
  0.26875000000000004       0.76489314051702062       0.90414640389045298        1.2685564371640643       0.81816291272075747        1.3255055029434346       0.45479267980547727        1.3732563347837214     
  0.28125000000000000       0.77497120552853838       0.88974916815971328        1.2667167903762475       0.83192027130790880        1.2686364218070130       0.43631622728436137        1.3209463782953672     
  0.29374999999999996       0.77977028410545168       0.89718773995392875        1.2641572818018938       0.81960263629383145        1.2587983107243408       0.44503455336575370        1.2751951625287943     
  0.30624999999999991       0.79136805733299198       0.88558996672638846        1.2768748400307139       0.84207832096237512        1.2210455592526233       0.45239314051702068        1.2485602764269259     
  0.31875000000000009       0.79968646019964162       0.90022715638597384        1.2835935500383924       0.84399795239314046        1.2044887381622726       0.45263309444586636        1.2025691067315074     
  0.33125000000000004       0.80296583056053228       0.87879127207576135        1.2740753775275147       0.84703736882518543        1.1771339902738673       0.45471269516252877        1.1816131302789863     
  0.34375000000000000       0.81856283593550028       0.89774763245456857        1.2716758382390581       0.85823521883798304        1.1431405170207318       0.47230931661121062        1.1324225748656256     
  0.35624999999999996       0.82232211415408230       0.90278666496032756        1.2645572050166367       0.84591758382390569        1.1184252623496287       0.47054965446634239        1.1025083184028666     
  0.36874999999999991       0.82896083951881228       0.91862362426414113        1.2879927054005629       0.84631750703864850        1.1018684412592781       0.47726836447402093        1.0761933708727922     
  0.38125000000000009       0.84263821346301504       0.91094509854107997        1.3020700025595084       0.85207640133094431        1.0662752751471716       0.48198745840798563        1.0525979012029689     
  0.39375000000000004       0.84799718454056816       0.90110698745840789        1.2831936268236497       0.85783529562324023        1.0629159201433322       0.48494689019708209        1.0201241361658560     
  0.40625000000000000       0.86815331456360367       0.92150307141028909        1.3009502175582286       0.87471205528538509        1.0448393908369591       0.49966406449961603       0.99308932684924478     
  0.41874999999999996       0.87423214742769373       0.92982147427693873        1.2935916304069617       0.87383222421295104        1.0028474532889684       0.50686268236498588       0.95669631430765278     
  0.43124999999999991       0.89702777066803163       0.91998336319426655        1.2959911696954183       0.87031289992321459       0.99788840542615809       0.51334143844381874       0.93438059892500624     
  0.44375000000000009       0.89574801638085477       0.91382454568722793        1.2925518300486305       0.87151266956744300       0.95165728180189391       0.51710071666240076       0.90462631174814423     
  0.45625000000000004       0.92326273355515731       0.90942539032505754        1.3034297414896339       0.88359035065267455       0.95461671359099043       0.52277962631174812       0.90302661888917313     
  0.46875000000000000       0.94605835679549510       0.92966150499104161        1.3211063475812643       0.87335231635525967       0.93446058356795481       0.51822050166368050       0.85303621704632704     
  0.48124999999999996       0.94237906321986165       0.91454440747376498        1.3066291272075761       0.90710583567954939       0.90878551318146905       0.53597709239825952       0.84935692347069358     
  0.49374999999999991       0.96429485538776538       0.92878167391860755        1.3007102636293830       0.89174878423342707       0.89606795495264902       0.54885461991297668       0.81616329664704368     
  0.50625000000000009       0.98893012541592007       0.93366073713846931        1.3022299718454056       0.89606795495264902       0.87031289992321459       0.55845277706680307       0.79448745840798563     
  0.51875000000000004        1.0062867929357562       0.94253903250575877        1.2722357307396979       0.90510621960583559       0.85759534169439455       0.55613322242129504       0.77313155874072170     
  0.53125000000000000        1.0109259022267723       0.94845789608395181        1.2675966214486818       0.89990721781417959       0.83767916560020461       0.56637125671870991       0.75225556693114914     
  0.54374999999999996        1.0480387765549013       0.93829984642948538        1.2551190171487072       0.90182684924494483       0.83120040952137175       0.59468582032249806       0.72634054261581771     
  0.55624999999999991        1.0599564883542358       0.96485474788840531        1.2413616585615561       0.93182109035065253       0.81704312771947774       0.60428397747632445       0.70770412080880463     
  0.56875000000000009        1.0969093933964678       0.97229331968262078        1.2264045303301765       0.92942155106219593       0.79120808804709486       0.61124264141284868       0.70066547222933184     
  0.58125000000000004        1.1137061684156642       0.95877591502431525        1.2186460199641667       0.93030138213463009       0.80032633734323000       0.63835743537240841       0.69554645508062440     
  0.59375000000000000        1.1293031737906321       0.96269516252879439        1.1711351420527258       0.95741617609418983       0.75825441515229064       0.64739570002559499       0.66563219861786527     
  0.60624999999999996        1.1369017148707448       0.97597261325825435        1.1554581520348093       0.94325889429229581       0.74897619657025838       0.66291272075761443       0.65507422574865615     
  0.61874999999999991        1.1869721013565393       0.97253327361146646        1.1096269516252879       0.96941387253647293       0.75241553621704627       0.68138917327873039       0.64451625287944703     
  0.63125000000000009        1.2200857435372408       0.99140964934732523        1.0749936012285639       0.97557269004351155       0.72882006654722287       0.69042743793191697       0.61668159713335036     
  0.64375000000000004        1.2391220885589966       0.99372920399283327        1.0458791911952905       0.98301126183772702       0.71658241617609408       0.71874200153570511       0.61132262605579724     
  0.65625000000000000        1.2911121064755566       0.99732851292551816        1.0067667007934475       0.99580880470949562       0.70010557972869203       0.73985794727412324       0.59356603532121821     
  0.66874999999999996        1.3072690043511643       0.97565267468646011       0.95149731251599678       0.99964806757102620       0.68962759150243147       0.76505310980291774       0.58852700281545933     
  0.68124999999999991        1.3155074225748655       0.99396915792167895       0.89678781673918595        1.0004479140005118       0.67595021755822871       0.76873240337855120       0.55589326849244936     
  0.69375000000000009        1.3515005119017147        1.0134854108011260       0.87039288456616315        1.0081264397235730       0.66347261325825435       0.82416176094189908       0.55069426670079336     
  0.70625000000000004        1.4062899923214740        1.0185244433068850       0.81280394164320446        1.0216438443818785       0.63979715894548239       0.84759726132582536       0.54717494241105702     
  0.71875000000000000        1.4119689019708215        1.0164448425902226       0.75233555157409771        1.0323617865369847       0.64795559252623491       0.87199257742513425       0.52205976452521108     
  0.73124999999999996        1.4452425134374198        1.0296423086767339       0.72993985154850261        1.0497984386997696       0.63979715894548239       0.92454248784233417       0.51470117737394416     
  0.74374999999999991        1.4679581520348091        1.0330016636805732       0.69402674686460186        1.0780330176606090       0.61172254927054004       0.93534041464038897       0.50374328128999224     
  0.75625000000000009        1.4840350652674685        1.0521179933452776       0.65483427181981047        1.0521979779882262       0.60924302533913477       0.99652866649603267       0.49126567699001789     
  0.76875000000000004        1.4576401330944457        1.0432396979779881       0.64683580752495518        1.1016284873304325       0.59060660353212180        1.0413200665472229       0.48302725876631680     
  0.78125000000000000        1.4577201177373942        1.0530778090606603       0.58948681853084206        1.1033881494753006       0.58276810852316352        1.0821122344509853       0.46463079088814940     
  0.79374999999999996        1.4769964166879956        1.0724340926542102       0.55957256206808281        1.1325825441515227       0.59204632710519578        1.1402610698745839       0.45455272587663165     
  0.80624999999999991        1.4541208088047093        1.0854715894548246       0.53573713846941384        1.1557780906066033       0.56389173278730476        1.1885717942155105       0.45175326337343225     
  0.81875000000000009        1.4152482723317121        1.1121064755566930       0.51582096237522390        1.1730547734834911       0.56661121064755560        1.2833535961095468       0.43567635014077294     
  0.83125000000000004        1.3666176094189915        1.1096269516252879       0.49206552341950338        1.1884118249296134       0.53869657025851025        1.3303045815203480       0.43471653442539027     
  0.84375000000000000        1.3488610186844123        1.1438603788072688       0.46583056053237770        1.2152066803173789       0.54213590990529814        1.4311652162784743       0.42735794727412330     
  0.85624999999999996        1.3030298182748912        1.1520188123880213       0.43319682620936772        1.2610378807269003       0.53325761453800868        1.5469829792679803       0.41400051190171483     
  0.86874999999999991        1.2755151011005885        1.2029690299462501       0.40744177117993341        1.2571986178653698       0.53101804453544910        1.6452041208088046       0.40512221653442532     
  0.88125000000000009        1.2261645764013307        1.1934508574353722       0.39904338367033526        1.3067091118505245       0.51390133094445856        1.8108523163552597       0.40624200153570511     
  0.89375000000000004        1.1860122856411568        1.2171263117481441       0.38960519580240588        1.3365433836703351       0.50678269772203732        1.9358683132838492       0.39488418223701044     
  0.90625000000000000        1.1305829280778090        1.2424814435628357       0.37184860506782691        1.3670175326337342       0.50710263629383157        2.1567059124648065       0.39056501151778855     
  0.91874999999999996        1.0907505758894291        1.2675966214486818       0.36257038648579470        1.4143684412592781       0.49086575377527508        2.3855419759406193       0.38824545687228046     
  0.93124999999999991        1.0472389301254157        1.3237458407985665       0.33777514717174301        1.4638789352444328       0.49198553877655482        2.6417327873048371       0.37328832864090089     
  0.94375000000000009        1.0036472997184540        1.3721365497824416       0.31505950857435366        1.5146691835167645       0.47950793447658047        3.0530938059892496       0.36896915792167900     
  0.95625000000000004       0.98925006398771420        1.3991713590990529       0.30618121320706421        1.6136901714870744       0.47118953160993082        3.5457192219093931       0.38232659329408747     
  0.96875000000000000       0.93126119785001271        1.4784361402610697       0.30410161249040180        1.7189499616073711       0.45063347837215251        4.2382262605579726       0.38984514973125156     
  0.98124999999999996       0.89246864601996412        1.5573009982083439       0.28754479140005118        1.7980547734834909       0.45559252623496282        5.4001631686716145       0.39368441259278214     
  0.99374999999999991       0.86007486562579971        1.6755982851292550       0.28026618889173277        1.9568242897363703       0.44519452265165083        7.6863642180701293       0.43255694906577929     
