  0.15810276679861221       0.39603584849671569        2.2939662280761414E-002 -0.41897551077748046     
  0.31620553359722442       0.39579686834184391        2.3242011650855616E-002 -0.41903887999269868     
  0.47430830039583660       0.39583161529871613        2.3838337668301141E-002 -0.41966995296701537     
  0.63241106719444884       0.39598986415164072        2.3523327451666895E-002 -0.41951319160330525     
  0.79051383399306108       0.39596453734895742        2.3200048281350381E-002 -0.41916458563030490     
  0.94861660079167320       0.39565775179828211        2.2803635486608232E-002 -0.41846138728489080     
   1.1067193675902856       0.39493590686649771        2.2701885785487388E-002 -0.41763779265198631     
   1.2648221343888977       0.39433262798055657        2.1511011813693255E-002 -0.41584363979424871     
   1.4229249011875098       0.39415236999507142        2.0678507853893392E-002 -0.41483087784896266     
   1.5810276679861222       0.39392249219022929        2.0495783979272077E-002 -0.41441827616949822     
   1.7391304347847343       0.39348042554825113        2.0362440095690392E-002 -0.41384286564393813     
   1.8972332015833464       0.39357708592021307        2.1093852003804182E-002 -0.41467093792401793     
   2.0553359683819585       0.39393052109176385        2.1340472775879780E-002 -0.41527099386764382     
   2.2134387351805711       0.39459122922861251        2.1360157404405229E-002 -0.41595138663301445     
   2.3715415019791832       0.39513692538229844        2.1405258312149639E-002 -0.41654218369444879     
   2.5296442687777954       0.39540964541841517        2.0822185916533741E-002 -0.41623183133494890     
   2.6877470355764075       0.39549414212599487        2.0975868463872126E-002 -0.41647001058986333     
   2.8458498023750196       0.39522847487219859        2.2696849191294523E-002 -0.41792532406349242     
   3.0039525691736322       0.39550989317854673        2.3178603280405885E-002 -0.41868849645895284     
   3.1620553359722443       0.39578648486184753        2.3084351728413419E-002 -0.41887083659026403     
   3.3201581027708564       0.39631444385838460        2.3299855377210878E-002 -0.41961429923559729     
   3.4782608695694686       0.39676649746712112        2.3668800766755236E-002 -0.42043529823387510     
   3.6363636363680807       0.39681559478084477        2.2577188034704859E-002 -0.41939278281555081     
   3.7944664031666928       0.39623268091751396        2.3106663303746146E-002 -0.41933934422126262     
   3.9525691699653054       0.39564041332387545        2.3127626513800535E-002 -0.41876803983767480     
   4.1106719367639171       0.39494403444280840        2.4308376206828547E-002 -0.41925241064963553     
   4.2687747035625296       0.39464227740008134        2.4997701924986505E-002 -0.41963997932506436     
   4.4268774703611422       0.39406489623533397        2.5811795013155413E-002 -0.41987669124848909     
   4.5849802371597539       0.39372431157243332        2.4868810789821425E-002 -0.41859312236225538     
   4.7430830039583665       0.39386170251093222        2.5172977464999666E-002 -0.41903467997593286     
   4.9011857707569781       0.39401912202139167        2.5090671130609504E-002 -0.41910979315200003     
   5.0592885375555907       0.39497460596029427        2.5077264711677334E-002 -0.42005187067197003     
   5.2173913043542033       0.39600606457967846        2.4575550489053851E-002 -0.42058161506872926     
   5.3754940711528150       0.39685133680628915        2.3349677581956663E-002 -0.42020101438824825     
   5.5335968379514275       0.39746417698360831        2.3119345716858319E-002 -0.42058352270046695     
   5.6916996047500392       0.39759738311130649        2.3867391561570899E-002 -0.42146477467287741     
   5.8498023715486518       0.39741756434310244        2.3040824152875689E-002 -0.42045838849597650     
   6.0079051383472644       0.39742690949332798        2.2829666025411706E-002 -0.42025657551873791     
   6.1660079051458760       0.39755391442930227        2.3299474238507568E-002 -0.42085338866780775     
   6.3241106719444886       0.39757928209505700        2.3850823947037789E-002 -0.42143010604209741     
   6.4822134387431003       0.39766148160572906        2.3804254801199097E-002 -0.42146573640692891     
   6.6403162055417129       0.39722126612361952        2.3408606206290407E-002 -0.42062987232990889     
   6.7984189723403254       0.39695967841646945        2.2708537730258601E-002 -0.41966821614672606     
   6.9565217391389371       0.39671646615159034        2.3603853723895583E-002 -0.42032031987548241     
   7.1146245059375497       0.39633846213629109        2.3760766075802759E-002 -0.42009922821209228     
   7.2727272727361614       0.39593124444112027        2.4028849743710421E-002 -0.41996009418483160     
   7.4308300395347739       0.39567698892019199        2.5012807641659102E-002 -0.42068979656185540     
   7.5889328063333856       0.39529937494442768        2.5241077994250221E-002 -0.42054045293867676     
   7.7470355731319982       0.39530071890876500        2.6065586692968774E-002 -0.42136630560173416     
   7.9051383399306108       0.39513284054031766        2.6396523652377515E-002 -0.42152936419269399     
   8.0632411067292225       0.39532212698026586        2.5748220632551104E-002 -0.42107034761281942     
   8.2213438735278341       0.39586364681707281        2.4995356536348479E-002 -0.42085900335342230     
   8.3794466403264476       0.39606794036852139        2.6098526194765742E-002 -0.42216646656328666     
   8.5375494071250593       0.39637539817991624        2.6444654425838977E-002 -0.42282005260575456     
   8.6956521739236710       0.39617609299314954        2.6285584582818679E-002 -0.42246167757596786     
   8.8537549407222844       0.39587395807981246        2.4642571163954578E-002 -0.42051652924376515     
   9.0118577075208961       0.39593177153314491        2.5729719109600018E-002 -0.42166149064274355     
   9.1699604743195078       0.39558709972585765        2.6011607834281629E-002 -0.42159870756013773     
   9.3280632411181212       0.39569208436930159        2.6602091072529845E-002 -0.42229417544183556     
   9.4861660079167329       0.39614078496071431        2.6035138918211981E-002 -0.42217592387892866     
   9.6442687747153446       0.39636135261255301        2.5162978906272511E-002 -0.42152433151882562     
   9.8023715415139563       0.39700212449048611        2.4116819328933871E-002 -0.42111894381941872     
   9.9604743083125697       0.39761782112546329        2.3837143670316037E-002 -0.42145496479577882     
   10.118577075111181       0.39798323329467106        2.3679616624246665E-002 -0.42166284991891856     
   10.276679841909793       0.39807857969544785        2.4330391949014870E-002 -0.42240897164446078     
   10.434782608708407       0.39819206366433729        2.2680288324628411E-002 -0.42087235198896594     
   10.592885375507018       0.39835315006173949        2.2775377181308558E-002 -0.42112852724304850     
   10.750988142305630       0.39870947580036670        2.3171789200422333E-002 -0.42188126500078976     
   10.909090909104242       0.39906134808002608        2.2284975417270109E-002 -0.42134632349729917     
   11.067193675902855       0.39979959605608500        2.2637664972374291E-002 -0.42243726102846113     
   11.225296442701467       0.40060061890233117        2.2238991735805951E-002 -0.42283961063813819     
   11.383399209500078       0.40114273036737180        2.3188369951040153E-002 -0.42433110031841470     
   11.541501976298692       0.40140346318567244        2.3671633743966393E-002 -0.42507509692964024     
   11.699604743097304       0.40173955907265840        2.3438125587215110E-002 -0.42517768465987277     
   11.857707509895915       0.40193533856475833        2.5090237294224091E-002 -0.42702557585898077     
   12.015810276694529       0.40199179903276477        2.4319413396843684E-002 -0.42631121242960696     
   12.173913043493140       0.40175356191616590        2.4258949398045088E-002 -0.42601251131420964     
   12.332015810291752       0.40136147601213157        2.4236152985335161E-002 -0.42559762899746806     
   12.490118577090364       0.40070596137316616        2.4289439559073537E-002 -0.42499540093223864     
   12.648221343888977       0.39988625870361871        2.4435165363711039E-002 -0.42432142406732848     
   12.806324110687589       0.39923919611692293        2.3872300370930268E-002 -0.42311149648785196     
   12.964426877486201       0.39874179961408668        2.3867202027040773E-002 -0.42260900164112913     
   13.122529644284814       0.39820973751161309        2.2987161250247024E-002 -0.42119689876185784     
   13.280632411083426       0.39797286064590154        2.2239708885035219E-002 -0.42021256953093422     
   13.438735177882037       0.39797897228687973        2.2564275377104002E-002 -0.42054324766398260     
   13.596837944680651       0.39778370487533199        2.2793802020368625E-002 -0.42057750689570111     
   13.754940711479263       0.39777416934712967        2.2230590311384114E-002 -0.42000475965851647     
   13.913043478277874       0.39807359496230149        2.2330139910986698E-002 -0.42040373487328697     
   14.071146245076486       0.39828137750628434        2.1221649570628932E-002 -0.41950302707691384     
   14.229249011875099       0.39822775042548725        2.2131639349629660E-002 -0.42035938977511339     
   14.387351778673711       0.39836461418631702        2.2267893298371064E-002 -0.42063250748469105     
   14.545454545472323       0.39851571024528476        2.0981308188026824E-002 -0.41949701843331044     
   14.703557312270936       0.39856488634949927        2.1493247273744583E-002 -0.42005813362324035     
   14.861660079069548       0.39865768767901599        2.3003919819385304E-002 -0.42166160749839937     
   15.019762845868160       0.39857203527196311        2.2749861979964436E-002 -0.42132189725192593     
   15.177865612666771       0.39840382583041750        2.3826239175279894E-002 -0.42223006500569804     
   15.335968379465385       0.39823146930547171        2.4094410555529217E-002 -0.42232587986100051     
   15.494071146263996       0.39799969128102808        2.3111110179451385E-002 -0.42111080146047830     
   15.652173913062608       0.39792039142329988        2.3949998346664832E-002 -0.42187038976996466     
   15.810276679861222       0.39764776175505812        2.3516898042225787E-002 -0.42116465979728435     
   15.968379446659833       0.39778624730002632        2.3351091642345920E-002 -0.42113733894237121     
   16.126482213458445       0.39774027273771623        2.3061511771522381E-002 -0.42080178450923844     
   16.284584980257058       0.39785524674994743        2.2006175810113930E-002 -0.41986142256006220     
   16.442687747055668       0.39782042088879482        2.0550379600653024E-002 -0.41837080048945108     
   16.600790513854282       0.39786662951199869        2.0104664030837976E-002 -0.41797129354283752     
   16.758893280652895       0.39811267222978147        2.1438557200721825E-002 -0.41955122943050177     
   16.916996047451505       0.39805712255239911        2.0843851839752993E-002 -0.41890097439215768     
   17.075098814250119       0.39782184155909212        2.0729545356485871E-002 -0.41855138691557842     
   17.233201581048732       0.39751674011170884        2.1549020201406453E-002 -0.41906576031311588     
   17.391304347847342       0.39708589257750992        2.1355958582803092E-002 -0.41844185116031440     
   17.549407114645955       0.39622238941659083        2.2192398090709557E-002 -0.41841478750730232     
   17.707509881444569       0.39524328601368725        2.2770649596493893E-002 -0.41801393561018241     
   17.865612648243179       0.39448306063771293        2.3232108754046313E-002 -0.41771516939176007     
   18.023715415041792       0.39391157006408706        2.3615991684549743E-002 -0.41752756174863992     
   18.181818181840406       0.39386183767182481        2.3775151253988779E-002 -0.41763698892581402     
   18.339920948639016       0.39395548085542664        2.4361663711455137E-002 -0.41831714456688301     
   18.498023715437629       0.39404252394276845        2.4751797829509724E-002 -0.41879432177228076     
   18.656126482236242       0.39410847865013748        2.4223732095602791E-002 -0.41833221074574267     
   18.814229249034852       0.39365932165212242        2.4060303287270730E-002 -0.41771962493939341     
   18.972332015833466       0.39325957560982133        2.4032524768254286E-002 -0.41729210037807291     
   19.130434782632076       0.39284320137373596        2.3230989518887163E-002 -0.41607419089262149     
   19.288537549430689       0.39240778185514064        2.3053717839387384E-002 -0.41546149969453144     
   19.446640316229303       0.39254235699452272        2.2011626177234695E-002 -0.41455398317175879     
   19.604743083027913       0.39282932335312193        2.2052971987356874E-002 -0.41488229534047799     
   19.762845849826526       0.39314121895094939        2.1808494042043439E-002 -0.41494971299299327     
   19.920948616625139       0.39350501689306860        2.1853443996109334E-002 -0.41535846088917749     
   20.079051383423749       0.39349813805039513        2.2263892109201731E-002 -0.41576203015959456     
   20.237154150222363       0.39333904057268865        2.2828754508202501E-002 -0.41616779508089252     
   20.395256917020976       0.39308386340601120        2.3463418718065097E-002 -0.41654728212407638     
   20.553359683819586       0.39300640150539856        2.4164489369577786E-002 -0.41717089087497478     
   20.711462450618200       0.39327975031882945        2.3762582104493637E-002 -0.41704233242332583     
   20.869565217416813       0.39361584380760589        2.3321840763270152E-002 -0.41693768457087399     
   21.027667984215423       0.39387666796675935        2.3744283760501111E-002 -0.41762095172726310     
   21.185770751014037       0.39416204621776324        2.4370166120456487E-002 -0.41853221233822019     
   21.343873517812650       0.39440119692402409        2.3174968250966748E-002 -0.41757616517499185     
   21.501976284611260       0.39437982637750590        2.2999250166595722E-002 -0.41737907654410644     
   21.660079051409873       0.39415325909021415        2.3446917800227982E-002 -0.41760017689044565     
   21.818181818208483       0.39458551231538264        2.2793676661781750E-002 -0.41737918897716408     
   21.976284585007097       0.39494788754503635        2.3356308368095883E-002 -0.41830419591313289     
   22.134387351805710       0.39501906763469680        2.3230275854672182E-002 -0.41824934348936932     
   22.292490118604320       0.39520790738678868        2.3402870811892629E-002 -0.41861077819868192     
   22.450592885402934       0.39534483218780564        2.2176292038006827E-002 -0.41752112422581322     
   22.608695652201547       0.39577248648396396        2.2872046535822366E-002 -0.41864453301978455     
   22.766798419000157       0.39591547546336775        2.3545430584118215E-002 -0.41946090604748676     
   22.924901185798770       0.39609627572466921        2.3088647814813332E-002 -0.41918492353947912     
   23.083003952597384       0.39603668056958008        2.3043499330745062E-002 -0.41908017990032514     
   23.241106719395994       0.39613817225007092        2.3223895971200031E-002 -0.41936206822127242     
   23.399209486194607       0.39643718316298099        2.2833589937327731E-002 -0.41927077310030436     
   23.557312252993221       0.39668945860884830        2.2408352415757480E-002 -0.41909781102460508     
   23.715415019791831       0.39680529402033327        2.1219857501834440E-002 -0.41802515152216974     
   23.873517786590444       0.39656521638675613        2.2551066109401104E-002 -0.41911628249615590     
   24.031620553389057       0.39588722688148414        2.2049432614142876E-002 -0.41793665949562814     
   24.189723320187667       0.39516780531915069        2.1913122819811684E-002 -0.41708092813896402     
   24.347826086986281       0.39427244403710415        2.2084322271970221E-002 -0.41635676630907381     
   24.505928853784894       0.39340613083620440        2.2865609741149224E-002 -0.41627174057735172     
   24.664031620583504       0.39282532772909096        2.3055877251039265E-002 -0.41588120498012587     
   24.822134387382118       0.39287684358682179        2.2884287852670080E-002 -0.41576113143949078     
   24.980237154180728       0.39346698570635119        2.3325670319159296E-002 -0.41679265602551041     
   25.138339920979341       0.39400381365043802        2.2231131927313835E-002 -0.41623494557775492     
   25.296442687777954       0.39409281913690375        2.2260125277138630E-002 -0.41635294441404280     
   25.454545454576564       0.39390051974368023        2.2472266846275662E-002 -0.41637278658995658     
   25.612648221375178       0.39427642413339475        2.2908017349643470E-002 -0.41718444148304240     
   25.770750988173791       0.39456444179234457        2.3049774862620644E-002 -0.41761421665496423     
   25.928853754972401       0.39484697450993173        2.4129447438796348E-002 -0.41897642194872731     
   26.086956521771015       0.39528170917481431        2.4848803472849991E-002 -0.42013051264766521     
   26.245059288569628       0.39609398656742439        2.4615995828859281E-002 -0.42070998239628160     
   26.403162055368238       0.39678284576411149        2.4216129346642211E-002 -0.42099897511075379     
   26.561264822166851       0.39728027921820741        2.3685268239922348E-002 -0.42096554745813064     
   26.719367588965465       0.39756641667544085        2.3786070965577472E-002 -0.42135248764102046     
   26.877470355764075       0.39753859218389603        2.3237634707593109E-002 -0.42077622689148941     
   27.035573122562688       0.39739156872406045        2.3864404212796050E-002 -0.42125597293685413     
   27.193675889361302       0.39730294329885713        2.2579019681578799E-002 -0.41988196298043234     
   27.351778656159912       0.39671083821931186        2.2976698829871633E-002 -0.41968753704918327     
   27.509881422958525       0.39638289622660033        2.2588177957284048E-002 -0.41897107418388585     
   27.667984189757135       0.39547839924797151        2.3478177112610400E-002 -0.41895657636057976     
   27.826086956555748       0.39537493323018696        2.3215786103050744E-002 -0.41859071933323783     
   27.984189723354362       0.39559842717674754        2.2588524969217955E-002 -0.41818695214596979     
   28.142292490152972       0.39604242221608593        2.1763228264223708E-002 -0.41780565048030854     
   28.300395256951585       0.39659494015612085        2.2479101385313265E-002 -0.41907404154143374     
   28.458498023750199       0.39781723364435673        2.2247746221065207E-002 -0.42006497986542257     
   28.616600790548809       0.39841554250512196        2.2632035167477475E-002 -0.42104757767259970     
   28.774703557347422       0.39913662273281464        2.1957317198538766E-002 -0.42109393993135330     
   28.932806324146036       0.39952264028296669        2.1916867761497160E-002 -0.42143950804446262     
   29.090909090944645       0.39941909649897711        2.1220183383873173E-002 -0.42063927988285099     
   29.249011857743259       0.39971807414825528        2.1512987255681206E-002 -0.42123106140393574     
   29.407114624541872       0.40027246031063290        2.1804376170994559E-002 -0.42207683648162547     
   29.565217391340482       0.40083902136042798        2.1396484421625322E-002 -0.42223550578205171     
   29.723320158139096       0.40112392745350256        2.0643831719732941E-002 -0.42176775917323828     
   29.881422924937709       0.40085574851590583        2.2666910125986969E-002 -0.42352265864189642     
   30.039525691736319       0.40028943894970725        2.2435901839152093E-002 -0.42272534078885476     
   30.197628458534933       0.39952797519095323        2.3815261737141102E-002 -0.42334323692809417     
   30.355731225333543       0.39870917522307464        2.3370100486375420E-002 -0.42207927570944737     
   30.513833992132156       0.39759680919154800        2.3419128455247684E-002 -0.42101593764679629     
   30.671936758930769       0.39615446923118530        2.2724081502888335E-002 -0.41887855073407271     
   30.830039525729379       0.39511883341908277        2.1330288115253757E-002 -0.41644912153433206     
   30.988142292527993       0.39452308375962547        2.0155714097036547E-002 -0.41467879785666140     
   31.146245059326606       0.39391545314905052        2.0150210710071011E-002 -0.41406566385911925     
   31.304347826125216       0.39357542435787191        2.0308349653022296E-002 -0.41388377401089166     
   31.462450592923830       0.39387015130725883        2.0135680932874621E-002 -0.41400583224013315     
   31.620553359722443       0.39407516351779565        2.1298062717817205E-002 -0.41537322623561268     
   31.778656126521053       0.39465798429772747        2.0709926275996993E-002 -0.41536791057372868     
   31.936758893319666       0.39503050125357408        2.0571432978921403E-002 -0.41560193423249542     
   32.094861660118276       0.39549937917104483        2.1402552883523097E-002 -0.41690193205457005     
   32.252964426916890       0.39614829749347114        2.2240353030654574E-002 -0.41838865052412666     
   32.411067193715503       0.39681786394103480        2.2298320237231516E-002 -0.41911618417826690     
   32.569169960514117       0.39747533742704261        2.2403804407123418E-002 -0.41987914183416475     
   32.727272727312730       0.39845924831446350        2.2444386123806843E-002 -0.42090363443827061     
   32.885375494111337       0.39869073879786920        2.2401101414586844E-002 -0.42109184021245666     
   33.043478260909950       0.39913502761079678        2.2181217267994095E-002 -0.42131624487879182     
   33.201581027708563       0.39976591056541444        2.1585791662985368E-002 -0.42135170222840124     
   33.359683794507177       0.40026875177999366        2.2017661658745333E-002 -0.42228641343873630     
   33.517786561305790       0.40062825224988824        2.1182257440093447E-002 -0.42181050968998113     
   33.675889328104404       0.40020907655660348        2.1167044808594805E-002 -0.42137612136519881     
   33.833992094903010       0.39981622673144712        2.1641605992393679E-002 -0.42145783272384446     
   33.992094861701624       0.39925082914141052        2.2394507264275134E-002 -0.42164533640568724     
   34.150197628500237       0.39899048736107112        2.1492935576811336E-002 -0.42048342293788138     
   34.308300395298851       0.39851195457187621        2.1078297484299732E-002 -0.41959025205617645     
   34.466403162097464       0.39819802472776300        2.1901496696702331E-002 -0.42009952142446605     
   34.624505928896077       0.39810480960927269        2.1963653323352855E-002 -0.42006846293262379     
   34.782608695694684       0.39781082921980188        2.1949341212909611E-002 -0.41976017043271169     
   34.940711462493297       0.39775722064799640        2.2183606355592748E-002 -0.41994082700359042     
   35.098814229291911       0.39781828941275116        2.1226286080648731E-002 -0.41904457549340302     
   35.256916996090524       0.39786954108184114        2.1122780616222064E-002 -0.41899232169806133     
   35.415019762889138       0.39823177277128785        2.1845766610315221E-002 -0.42007753938160303     
   35.573122529687744       0.39888721916960468        2.2799714388051510E-002 -0.42168693355765829     
   35.731225296486357       0.39957509599550528        2.3335589643502283E-002 -0.42291068563900858     
   35.889328063284971       0.40005273669220326        2.3329271306710170E-002 -0.42338200799891340     
   36.047430830083584       0.40040682774649677        2.3891306864791143E-002 -0.42429813461128579     
   36.205533596882198       0.40086872318310496        2.3346537016438816E-002 -0.42421526019954214     
   36.363636363680811       0.40130202440631629        2.3954692820286970E-002 -0.42525671722660147     
   36.521739130479418       0.40169579684982676        2.4094416584175240E-002 -0.42579021343400142     
   36.679841897278031       0.40260946781957396        2.3177904456454249E-002 -0.42578737227602703     
   36.837944664076645       0.40344584571951470        2.2851189208535860E-002 -0.42629703492804755     
   36.996047430875258       0.40480821862226873        2.1736809238107668E-002 -0.42654502786037518     
   37.154150197673872       0.40564282633700993        2.1224351833236774E-002 -0.42686717817024500     
   37.312252964472485       0.40627712370167396        2.1195017104196797E-002 -0.42747214080586465     
   37.470355731271091       0.40644292023834078        2.1255632925319186E-002 -0.42769855316366279     
   37.628458498069705       0.40627889811665269        2.0268847902362584E-002 -0.42654774601901557     
   37.786561264868318       0.40581493037736510        1.9686713759991967E-002 -0.42550164413735697     
   37.944664031666932       0.40505536259783259        1.9484397142725551E-002 -0.42453975974055486     
   38.102766798465545       0.40477222057047996        2.0367014900878815E-002 -0.42513923547135823     
   38.260869565264152       0.40493558382987177        2.1223898777520071E-002 -0.42615948260738679     
   38.418972332062765       0.40493217030499162        1.9639338662102431E-002 -0.42457150896709811     
   38.577075098861378       0.40471308934913092        1.9481274050163883E-002 -0.42419436339929628     
   38.735177865659992       0.40500972843290628        2.0507641622161617E-002 -0.42551737005506585     
   38.893280632458605       0.40534595866728451        2.0627937910741984E-002 -0.42597389657802687     
   39.051383399257219       0.40483072345325805        2.0996762795415489E-002 -0.42582748624867484     
   39.209486166055825       0.40466583766403802        2.0976246143086043E-002 -0.42564208380712287     
   39.367588932854439       0.40421212653343291        2.0836162378312043E-002 -0.42504828891174529     
   39.525691699653052       0.40299500158354462        2.1931632060416689E-002 -0.42492663364395949     
   39.683794466451666       0.40202433505219792        2.2436465688427172E-002 -0.42446080074062126     
   39.841897233250279       0.40097406914360256        2.3742120909975413E-002 -0.42471619005357608     
   40.000000000048892       0.40021958549923908        2.4345223339565642E-002 -0.42456480883880215     
   40.158102766847499       0.39932126200114043        2.3366382717418095E-002 -0.42268764471855841     
   40.316205533646112       0.39840139536856395        2.2142330201034472E-002 -0.42054372556960007     
   40.474308300444726       0.39788762495322377        2.1526564935581971E-002 -0.41941418988880635     
   40.632411067243339       0.39766925947213039        1.9835617813553228E-002 -0.41750487728568320     
   40.790513834041953       0.39735199412866790        1.9896517833211270E-002 -0.41724851196187868     
   40.948616600840559       0.39682238429642430        2.0127572613036524E-002 -0.41694995690946002     
   41.106719367639172       0.39624166375403996        2.1823030914743861E-002 -0.41806469466878587     
   41.264822134437786       0.39579074414526216        2.1534958631600164E-002 -0.41732570277686526     
   41.422924901236399       0.39487858367239337        2.0301864964813846E-002 -0.41518044863720943     
   41.581027668035013       0.39422395981268510        2.0423176248896793E-002 -0.41464713606158204     
   41.739130434833626       0.39413895017987322        2.0398849196407092E-002 -0.41453779937627544     
   41.897233201632233       0.39407709845131655        1.9644596433225622E-002 -0.41372169488454003     
   42.055335968430846       0.39382051671205398        1.9353405787600954E-002 -0.41317392249965451     
   42.213438735229460       0.39340763044317167        2.0203992226069705E-002 -0.41361162266924323     
   42.371541502028073       0.39313507462094949        2.0851778843659761E-002 -0.41398685346460629     
   42.529644268826686       0.39287661585496286        2.1263178304896733E-002 -0.41413979415985841     
   42.687747035625300       0.39285619897291346        2.0728871162212819E-002 -0.41358507013512785     
   42.845849802423906       0.39279191509178080        2.0242431598453771E-002 -0.41303434669023265     
   43.003952569222520       0.39241451783546977        1.9378863422933133E-002 -0.41179338125840198     
   43.162055336021133       0.39159045533365994        2.0188664358972572E-002 -0.41177911969263287     
   43.320158102819747       0.39058175029320696        2.0910439755318505E-002 -0.41149219004852627     
   43.478260869618360       0.39001192240533267        2.1256475637684378E-002 -0.41126839804301624     
   43.636363636416966       0.38930537569466572        2.0556764224963213E-002 -0.40986213991962883     
   43.794466403215580       0.38853326361553081        2.0258997390609185E-002 -0.40879226100614058     
   43.952569170014193       0.38755598282364606        1.9226264801163941E-002 -0.40678224762481285     
   44.110671936812807       0.38688083307633803        1.8883378096221783E-002 -0.40576421117256317     
   44.268774703611420       0.38641148164496208        1.8399867036447446E-002 -0.40481134868141011     
   44.426877470410034       0.38595034116575111        1.8163875744040391E-002 -0.40411421690979266     
   44.584980237208640       0.38512264743620878        1.9480688423952317E-002 -0.40460333586015929     
   44.743083004007254       0.38379225182060861        1.9327282402533862E-002 -0.40311953422314040     
   44.901185770805867       0.38232097930330372        2.0011369253888255E-002 -0.40233234855719291     
   45.059288537604480       0.38143177059430972        2.0061192098187724E-002 -0.40149296269249762     
   45.217391304403094       0.38139454373169734        2.0195406686890308E-002 -0.40158995041858947     
   45.375494071201707       0.38150625328306936        1.8501951441645494E-002 -0.40000820472471443     
   45.533596838000314       0.38181030754085654        1.8154615584254064E-002 -0.39996492312511195     
   45.691699604798927       0.38122968085130443        1.6602353841371566E-002 -0.39783203469267636     
   45.849802371597541       0.38028155070280067        1.7839075661411196E-002 -0.39812062636421186     
   46.007905138396154       0.37957390683883391        1.8376163911938342E-002 -0.39795007075077388     
   46.166007905194768       0.37946860710402847        1.8684352056837467E-002 -0.39815295916086635     
   46.324110671993374       0.37960932659257834        1.9673691879609888E-002 -0.39928301847218650     
   46.482213438791987       0.37926759822112588        2.0218930693949158E-002 -0.39948652891507624     
   46.640316205590601       0.37939017293448263        2.0992113601889930E-002 -0.40038228653636904     
   46.798418972389214       0.37910697382357161        2.1786937448645238E-002 -0.40089391127221363     
   46.956521739187828       0.37884483039567080        2.2760722308673813E-002 -0.40160555270434301     
   47.114624505986441       0.37878812577401116        2.2091838847807414E-002 -0.40087996462182013     
   47.272727272785048       0.37884890536909899        2.2480525630126730E-002 -0.40132943099922802     
   47.430830039583661       0.37870104158601425        2.1215926348864718E-002 -0.39991696793487619     
   47.588932806382275       0.37883289705433582        2.0812667947604262E-002 -0.39964556500193732     
   47.747035573180888       0.37913916742530801        2.0419346882900376E-002 -0.39955851430820877     
   47.905138339979501       0.37912740334162143        2.0541914966096798E-002 -0.39966931830772162     
   48.063241106778115       0.37875449340516237        2.0404043337790480E-002 -0.39915853674295210     
   48.221343873576721       0.37817921689799072        2.1607218653513054E-002 -0.39978643555150112     
   48.379446640375335       0.37751524244204160        2.0378986005276361E-002 -0.39789422844731515     
   48.537549407173948       0.37658116428532046        1.8899708399823051E-002 -0.39548087268514159     
   48.695652173972562       0.37522289805979570        1.9470064612876582E-002 -0.39469296267267445     
   48.853754940771175       0.37396141051192527        1.9322692170378155E-002 -0.39328410268230352     
   49.011857707569789       0.37280997158274426        1.9929421699837215E-002 -0.39273939328258056     
   49.169960474368395       0.37171998516509491        1.9513315042618797E-002 -0.39123330020771108     
   49.328063241167008       0.37060707200438647        1.9351564030658401E-002 -0.38995863603504299     
   49.486166007965622       0.36935029695409999        1.8690877440078236E-002 -0.38804117439417751     
   49.644268774764235       0.36815955949492407        1.8573999434182972E-002 -0.38673355892910866     
   49.802371541562849       0.36702664549112091        1.8092295117169560E-002 -0.38511894060829083     
   49.960474308361455       0.36607588560987808        1.8111166261364792E-002 -0.38418705187124252     
   50.118577075160069       0.36573294452582639        1.8539215474311522E-002 -0.38427216000013709     
   50.276679841958682       0.36523250502179533        1.9067992811067282E-002 -0.38430049783286663     
   50.434782608757295       0.36470195476420031        1.9027723193800895E-002 -0.38372967795799973     
   50.592885375555909       0.36454049466568494        1.8335337870209079E-002 -0.38287583253589286     
   50.750988142354522       0.36446205229219192        1.7695753152083507E-002 -0.38215780544427275     
   50.909090909153129       0.36412164058442814        1.7194009476354664E-002 -0.38131565006078361     
   51.067193675951742       0.36340326796362593        1.7403839226649870E-002 -0.38080710719027833     
   51.225296442750356       0.36298016083109208        1.7482438229827035E-002 -0.38046259906091895     
   51.383399209548969       0.36261481451398181        1.7746205484794407E-002 -0.38036101999877564     
   51.541501976347583       0.36220706820248805        1.8264458306916774E-002 -0.38047152650940241     
   51.699604743146196       0.36188916879930055        1.9556488427744795E-002 -0.38144565722704626     
   51.857707509944802       0.36168665135256600        1.9397747274085518E-002 -0.38108439862665311     
   52.015810276743416       0.36121101554098739        1.9605406649646738E-002 -0.38081642219063444     
   52.173913043542029       0.36095717403255451        2.0196871240885289E-002 -0.38115404527343932     
   52.332015810340643       0.36077762088164078        1.9363071606354948E-002 -0.38014069248799581     
   52.490118577139256       0.36061910220975207        1.8976039471847235E-002 -0.37959514168159930     
   52.648221343937863       0.36058111445085117        1.9022771812220063E-002 -0.37960388626306907     
   52.806324110736476       0.36047543808564814        1.8466279045357175E-002 -0.37894171713100255     
   52.964426877535089       0.35968303475709718        1.8676162444520351E-002 -0.37835919720161709     
   53.122529644333703       0.35905183307032873        1.8923593428813910E-002 -0.37797542649914195     
   53.280632411132316       0.35817021237597524        1.9094542983629514E-002 -0.37726475535960552     
   53.438735177930930       0.35750284086652223        1.9655421841238439E-002 -0.37715826270776215     
   53.596837944729536       0.35661719194159613        2.0019058447109654E-002 -0.37663625038870474     
   53.754940711528150       0.35580480243929546        1.8358313965698831E-002 -0.37416311640499395     
   53.913043478326763       0.35528127688051897        1.8425734691066141E-002 -0.37370701157158248     
   54.071146245125377       0.35490295381835646        1.8087084008793108E-002 -0.37299003782715207     
   54.229249011923990       0.35472780857480252        1.8889539558135198E-002 -0.37361734813293540     
   54.387351778722604       0.35436241015587422        1.9227886763430235E-002 -0.37359029691930229     
   54.545454545521210       0.35393546239308415        1.8073075154382102E-002 -0.37200853754746427     
   54.703557312319823       0.35364923370300017        1.7780065912253496E-002 -0.37142929961525029     
   54.861660079118437       0.35313788490313530        1.7738776092646714E-002 -0.37087666099578021     
   55.019762845917050       0.35245404369591410        1.8297695698525296E-002 -0.37075173939444206     
   55.177865612715664       0.35167371708977951        1.7570243988539368E-002 -0.36924396107831797     
   55.335968379514270       0.35096638400619751        1.7475685837602114E-002 -0.36844206984379935     
   55.494071146312884       0.35050115297972900        1.6722064752778671E-002 -0.36722321773250521     
   55.652173913111497       0.34996765471889962        1.7349644338758418E-002 -0.36731729905766208     
   55.810276679910110       0.34918745769574516        1.8062960935961044E-002 -0.36725041863170244     
   55.968379446708724       0.34852615265658604        1.8068362573405404E-002 -0.36659451522998832     
   56.126482213507337       0.34784764165194881        1.7817846876110842E-002 -0.36566548852805764     
   56.284584980305944       0.34721916619234827        1.8447580672733579E-002 -0.36566674686508116     
   56.442687747104557       0.34653674366831688        1.8722752026343825E-002 -0.36525949569466665     
   56.600790513903171       0.34580917185886129        1.9403840371337872E-002 -0.36521301223020142     
   56.758893280701784       0.34492533200923348        1.8418024143105061E-002 -0.36334335615233682     
   56.916996047500398       0.34437100322621172        1.8637045949524721E-002 -0.36300804917573692     
   57.075098814299011       0.34420338445148957        1.6864366962834970E-002 -0.36106775141432346     
   57.233201581097617       0.34428388824996753        1.7737279836679311E-002 -0.36202116808664714     
   57.391304347896231       0.34451164671738799        1.7729899389614275E-002 -0.36224154610700315     
   57.549407114694844       0.34465621131852964        1.7283424223388761E-002 -0.36193963554191977     
   57.707509881493458       0.34439167604667315        1.7140395289762907E-002 -0.36153207133643633     
   57.865612648292071       0.34421848780398101        1.7382415479072530E-002 -0.36160090328305317     
   58.023715415090678       0.34376866534274586        1.7668904147177526E-002 -0.36143756948991862     
   58.181818181889291       0.34309689557421014        1.8534656809060222E-002 -0.36163155238327299     
   58.339920948687904       0.34237921997913423        1.9024418765894939E-002 -0.36140363874502418     
   58.498023715486518       0.34178204674923812        1.9329426309448536E-002 -0.36111147305868696     
   58.656126482285131       0.34102224803340614        2.0028174100875141E-002 -0.36105042213427990     
   58.814229249083745       0.34040537092622192        1.9664095010193859E-002 -0.36006946593641453     
   58.972332015882351       0.33981625816527794        1.9589852137614626E-002 -0.35940611030289477     
   59.130434782680965       0.33902224618626597        1.9555906896277328E-002 -0.35857815308254049     
   59.288537549479578       0.33870315619644081        1.9043531685789258E-002 -0.35774668788222708     
   59.446640316278192       0.33849365367751882        1.8010524200170228E-002 -0.35650417787769345     
   59.604743083076805       0.33842125689687602        1.7434260598383416E-002 -0.35585551749525596     
   59.762845849875418       0.33851108335104957        1.6243701629687107E-002 -0.35475478498073604     
   59.920948616674025       0.33860751400930605        1.5575231646270664E-002 -0.35418274565557650     
   60.079051383472638       0.33845366081296263        1.5547424126423594E-002 -0.35400108493938609     
   60.237154150271252       0.33796070556570179        1.6505563615432924E-002 -0.35446626918113500     
   60.395256917069865       0.33754251674658964        1.6378081815862304E-002 -0.35392059856245434     
   60.553359683868479       0.33709427369227463        1.6286243849272082E-002 -0.35338051754154548     
   60.711462450667085       0.33629776689187901        1.6790764722404664E-002 -0.35308853161428433     
   60.869565217465698       0.33546924293146807        1.6474878424887814E-002 -0.35194412135635389     
   61.027667984264312       0.33464090402219682        1.6180176900018165E-002 -0.35082108092221359     
   61.185770751062925       0.33398479841164463        1.6592419454757808E-002 -0.35057721786640611     
   61.343873517861539       0.33346527551934319        1.7218324105269786E-002 -0.35068359962461354     
   61.501976284660152       0.33312633920449192        1.6770630106036848E-002 -0.34989696931052888     
   61.660079051458759       0.33262758081040600        1.7011904481148536E-002 -0.34963948529155697     
   61.818181818257372       0.33214367901438685        1.6814411724436765E-002 -0.34895809073882345     
   61.976284585055986       0.33170898616382566        1.6997909343554985E-002 -0.34870689550738315     
   62.134387351854599       0.33118863763662865        1.7554227017297416E-002 -0.34874286465392762     
   62.292490118653213       0.33094723261114967        1.7724028202353588E-002 -0.34867126081350386     
   62.450592885451826       0.33114489460043500        1.8235603166941016E-002 -0.34938049776737828     
   62.608695652250432       0.33111524709344720        1.7720593388620372E-002 -0.34883584048206795     
   62.766798419049046       0.33131315080954982        1.8093469878601432E-002 -0.34940662068815248     
   62.924901185847659       0.33143537359381181        1.7695375261962958E-002 -0.34913074885577450     
   63.083003952646273       0.33141015341188507        1.6662512561053062E-002 -0.34807266597293940     
   63.241106719444886       0.33135963499581483        1.6329566194306366E-002 -0.34768920119012042     
   63.399209486243500       0.33100953446623416        1.6781778111352855E-002 -0.34779131257758572     
   63.557312253042106       0.33072303379887924        1.6681349551300184E-002 -0.34740438335017987     
   63.715415019840719       0.33043244330246718        1.7298643202340102E-002 -0.34773108650480933     
   63.873517786639333       0.33023627096186797        1.6930276488988569E-002 -0.34716654745085596     
   64.031620553437946       0.33000724780106416        1.6478252922878214E-002 -0.34648550072394435     
   64.189723320236553       0.32992462122217203        1.6220848499039903E-002 -0.34614546972121601     
   64.347826087035173       0.32996399986563657        1.6290439947670363E-002 -0.34625443981330706     
   64.505928853833780       0.33001409179626079        1.6751325492303369E-002 -0.34676541728856397     
   64.664031620632400       0.33009091018891679        1.6592337119421534E-002 -0.34668324730833716     
   64.822134387431007       0.33011509930934424        1.6808606021475773E-002 -0.34692370533081879     
   64.980237154229613       0.33011526280235998        1.7975860144657435E-002 -0.34809112294701955     
   65.138339921028233       0.33012625532222534        1.7112815765377664E-002 -0.34723907108760227     
   65.296442687826840       0.33020307995571196        1.6869062011271956E-002 -0.34707214196698133     
   65.454545454625460       0.32991185375243426        1.8328507014522211E-002 -0.34824036076695664     
   65.612648221424067       0.32962097846119121        1.8018928938249645E-002 -0.34763990739943990     
   65.770750988222673       0.32927554022258837        1.8463161729913222E-002 -0.34773870195249862     
   65.928853755021294       0.32890852522860736        1.8359683338747840E-002 -0.34726820856735652     
   66.086956521819900       0.32873779355929600        1.8275107897064991E-002 -0.34701290145636099     
   66.245059288618521       0.32871024645997665        1.7540323914166947E-002 -0.34625057037414364     
   66.403162055417127       0.32851627844887765        1.7907689608154607E-002 -0.34642396805703435     
   66.561264822215733       0.32817589893885474        1.8606328379316157E-002 -0.34678222731817110     
   66.719367589014354       0.32791124628830226        1.8689324774396783E-002 -0.34660057106269898     
   66.877470355812960       0.32766375950070387        1.8689196985693806E-002 -0.34635295648639552     
   67.035573122611581       0.32740551644352739        1.9126419006722864E-002 -0.34653193545024913     
   67.193675889410187       0.32712158684806880        1.9836016538596467E-002 -0.34695760338666332     
   67.351778656208808       0.32722020388765793        1.9968644000344857E-002 -0.34718884788800408     
   67.509881423007414       0.32725309248883233        2.0459931816536655E-002 -0.34771302430537310     
   67.667984189806020       0.32707547091394734        2.0189688431764295E-002 -0.34726515934571101     
   67.826086956604641       0.32667974103392672        2.0882988349522208E-002 -0.34756272938344934     
   67.984189723403247       0.32655428613407067        2.1122205653894829E-002 -0.34767649178796683     
   68.142292490201868       0.32648085544980820        2.0636576490927289E-002 -0.34711743194074102     
   68.300395257000474       0.32643744431715715        2.0814021817277196E-002 -0.34725146613443697     
   68.458498023799081       0.32668224030496779        2.0997733157881560E-002 -0.34767997346285157     
   68.616600790597701       0.32705221594772393        1.9729015112059517E-002 -0.34678123105978720     
   68.774703557396307       0.32711360918459348        1.9493452858672950E-002 -0.34660706204326541     
   68.932806324194928       0.32700680698961831        1.9679206206214918E-002 -0.34668601319583081     
   69.090909090993534       0.32720646154528504        1.9622573322833591E-002 -0.34682903486811600     
   69.249011857792155       0.32749112305492623        1.9197547500749253E-002 -0.34668867055567326     
   69.407114624590761       0.32780954131747198        1.9424363240081625E-002 -0.34723390455754938     
   69.565217391389368       0.32787800606399764        1.9146348599280064E-002 -0.34702435466327458     
   69.723320158187988       0.32775447944310332        2.0259765590396835E-002 -0.34801424503350126     
   69.881422924986595       0.32735568281831995        2.0312637109719475E-002 -0.34766831992803987     
   70.039525691785215       0.32705019344244973        2.1391193424132350E-002 -0.34844138686658221     
   70.197628458583821       0.32670459384410150        2.1217415813003637E-002 -0.34792200965710418     
   70.355731225382428       0.32665889155264288        2.1186550169686669E-002 -0.34784544172232712     
   70.513833992181048       0.32675637404273533        2.1251823199265121E-002 -0.34800819724200110     
   70.671936758979655       0.32677082912392996        2.1378203410453517E-002 -0.34814903253438217     
   70.830039525778275       0.32686502862530475        2.0893444854213253E-002 -0.34775847347951733     
   70.988142292576882       0.32706888993958960        2.1186897285217256E-002 -0.34825578722480849     
   71.146245059375488       0.32747322973316018        2.0898304728035201E-002 -0.34837153446119384     
   71.304347826174109       0.32785822686892824        2.1077309852439344E-002 -0.34893553672136834     
   71.462450592972715       0.32838761680243850        2.1270976739947035E-002 -0.34965859354238438     
   71.620553359771336       0.32889259877317317        2.0667109922754730E-002 -0.34955970869592695     
   71.778656126569942       0.32942464573532548        2.0812513214281105E-002 -0.35023715894960439     
   71.936758893368562       0.32948084943375988        2.0151289922604319E-002 -0.34963213935636495     
   72.094861660167169       0.32919524749340751        2.0950054399581333E-002 -0.35014530189299248     
   72.252964426965775       0.32911028229336270        2.0679498383233068E-002 -0.34978978067659700     
   72.411067193764396       0.32904086444507386        2.0906094112563198E-002 -0.34994695855763808     
   72.569169960563002       0.32922556557418592        2.0298538178811741E-002 -0.34952410375299842     
   72.727272727361623       0.32930531770562105        1.9278830185899438E-002 -0.34858414789152048     
   72.885375494160229       0.32908880172550448        1.9533769722647330E-002 -0.34862257144815245     
   73.043478260958835       0.32865093655618249        1.9701387402577451E-002 -0.34835232395876026     
   73.201581027757456       0.32820094662755073        1.9629342272129164E-002 -0.34783028889967765     
   73.359683794556062       0.32746473026457001        1.9866073848855623E-002 -0.34733080411342149     
   73.517786561354683       0.32668603068787794        2.0539276241864402E-002 -0.34722530692974163     
   73.675889328153289       0.32620646715165624        1.9997431994261780E-002 -0.34620389914591887     
   73.833992094951896       0.32575771990962066        2.0672051783046333E-002 -0.34642977169266964     
   73.992094861750516       0.32548469516763190        2.1026965111727969E-002 -0.34651166027935776     
   74.150197628549122       0.32559196612358388        2.1540592674930217E-002 -0.34713255879851124     
   74.308300395347743       0.32578107650230914        2.1034520578903992E-002 -0.34681559708121562     
   74.466403162146349       0.32593479627354505        2.1042293832450959E-002 -0.34697709010599287     
   74.624505928944970       0.32591532650499278        2.0738714130288161E-002 -0.34665404063528321     
   74.782608695743576       0.32611132443188290        2.0926743433831812E-002 -0.34703806786571417     
   74.940711462542183       0.32598010996456522        2.0682272822521754E-002 -0.34666238278708766     
   75.098814229340803       0.32606713347665917        2.1099566427755997E-002 -0.34716669990441434     
   75.256916996139410       0.32600627988627734        2.0915985511021803E-002 -0.34692226539729676     
   75.415019762938030       0.32593416495412258        2.1177500311912806E-002 -0.34711166526603537     
   75.573122529736636       0.32572625567553326        2.0598140235599350E-002 -0.34632439591113390     
   75.731225296535243       0.32546503855710124        2.0421591027792077E-002 -0.34588662958489297     
   75.889328063333863       0.32515503363619086        2.1000264181733647E-002 -0.34615529781792637     
   76.047430830132470       0.32508203899242755        2.0859836435323353E-002 -0.34594187542775079     
   76.205533596931090       0.32510584210088372        2.0864997817476357E-002 -0.34597083991836242     
   76.363636363729697       0.32509420443557469        2.0641457022381113E-002 -0.34573566145795481     
   76.521739130528303       0.32536254902925144        2.0832197119268356E-002 -0.34619474614851592     
   76.679841897326924       0.32538133238631017        2.0165951078378111E-002 -0.34554728346468677     
   76.837944664125530       0.32530693080618411        2.0874760461395615E-002 -0.34618169126757853     
   76.996047430924150       0.32545652611243042        2.1102541455596355E-002 -0.34655906756802607     
   77.154150197722757       0.32569964400277035        2.1099675178740823E-002 -0.34679931918150897     
   77.312252964521377       0.32584513544143584        2.1967885810412809E-002 -0.34781302125184838     
   77.470355731319984       0.32591281888250501        2.2167621498185287E-002 -0.34808044038069169     
   77.628458498118590       0.32601625967043524        2.1341645817090991E-002 -0.34735790548752815     
   77.786561264917211       0.32609021642260050        2.1777153886035346E-002 -0.34786737030863657     
   77.944664031715817       0.32601970834931610        2.1969944794233868E-002 -0.34798965314355323     
   78.102766798514438       0.32638708777323150        2.1107497792851343E-002 -0.34749458556608187     
   78.260869565313044       0.32687816852981300        2.1266248475091776E-002 -0.34814441700490356     
   78.418972332111650       0.32757111699326563        2.1039970678793353E-002 -0.34861108767205812     
   78.577075098910271       0.32823970422669868        2.0514948905732206E-002 -0.34875465313243004     
   78.735177865708877       0.32908032737814769        2.0262706385696338E-002 -0.34934303376384407     
   78.893280632507498       0.32975887294884892        1.9798382388908985E-002 -0.34955725533775828     
   79.051383399306104       0.33055006545540200        2.0031189701707839E-002 -0.35058125515710831     
   79.209486166104710       0.33119753660148005        1.9281261569485949E-002 -0.35047879817096750     
   79.367588932903331       0.33149400549031183        1.9365371252692297E-002 -0.35085937674300521     
   79.525691699701937       0.33162679932503014        1.8757898765993045E-002 -0.35038469809102057     
   79.683794466500558       0.33139141575485553        1.8504898000340643E-002 -0.34989631375519920     
   79.841897233299164       0.33073162612435247        1.8924218592468227E-002 -0.34965584471682010     
   80.000000000097785       0.33036727726246035        1.8830420470819717E-002 -0.34919769773327924     
   80.158102766896391       0.33006362693666830        1.9180773251744804E-002 -0.34924440018841191     
   80.316205533694998       0.32993561087407214        1.9556137207650596E-002 -0.34949174808172306     
   80.474308300493618       0.32989287163363029        1.8053959041201099E-002 -0.34794683067482923     
   80.632411067292225       0.32958788118496096        1.7975296143579574E-002 -0.34756317732854214     
   80.790513834090845       0.32939154037892127        1.8955059234805463E-002 -0.34834659961372838     
   80.948616600889451       0.32903449791783251        1.8382156354303771E-002 -0.34741665427213653     
   81.106719367688058       0.32880021614209815        1.8516587957296268E-002 -0.34731680409939392     
   81.264822134486678       0.32857702304004888        1.9098425587389549E-002 -0.34767544862743710     
   81.422924901285285       0.32851549026711258        1.8578533088659584E-002 -0.34709402335577039     
   81.581027668083905       0.32865295820437251        1.8480649023473055E-002 -0.34713360722784353     
   81.739130434882512       0.32843640226748244        1.8311835485407608E-002 -0.34674823775289260     
   81.897233201681118       0.32834783955016428        1.9175145014714602E-002 -0.34752298456487885     
   82.055335968479739       0.32848079201954383        1.8501559206943689E-002 -0.34698235122648902     
   82.213438735278345       0.32870373431024974        1.9160595919362897E-002 -0.34786433022961394     
   82.371541502076965       0.32910462810516006        1.8817477230051595E-002 -0.34792210533521223     
   82.529644268875572       0.33010388871779395        1.8104047015733801E-002 -0.34820793573352926     
   82.687747035674192       0.33103812389385406        1.8194760117999080E-002 -0.34923288401185226     
   82.845849802472799       0.33191520138743896        1.9283238841472053E-002 -0.35119844022891178     
   83.003952569271405       0.33228430366461226        1.9381138569572794E-002 -0.35166544223418300     
   83.162055336070026       0.33242129306521878        1.9583303045108077E-002 -0.35200459611032481     
   83.320158102868632       0.33270783947926907        1.9081883761578971E-002 -0.35178972324084956     
   83.478260869667253       0.33306581135842461        1.8962119161850279E-002 -0.35202793052027331     
   83.636363636465859       0.33325033762173117        1.8977456540663594E-002 -0.35222779416239630     
   83.794466403264465       0.33320286149620132        1.9265621545230770E-002 -0.35246848304143097     
   83.952569170063086       0.33294241064921243        1.8928505647560233E-002 -0.35187091629677691     
   84.110671936861692       0.33251253007523057        1.8753232573685757E-002 -0.35126576264891468     
   84.268774703660313       0.33193366531056018        1.8544274394754000E-002 -0.35047793970531466     
   84.426877470458919       0.33139171676643026        1.8825915220234243E-002 -0.35021763198666189     
   84.584980237257525       0.33116677369901637        1.8530012766836995E-002 -0.34969678646585151     
   84.743083004056146       0.33126055328230686        1.8835961276951373E-002 -0.35009651455926072     
   84.901185770854752       0.33126742251232383        1.8215174932781127E-002 -0.34948259744510429     
   85.059288537653373       0.33087291393429130        1.8137015331265473E-002 -0.34900992926555457     
   85.217391304451979       0.33023524603878751        1.7999999489797681E-002 -0.34823524552858409     
   85.375494071250600       0.32961753878972339        1.8706384025679854E-002 -0.34832392281540187     
   85.533596838049206       0.32908785986083910        1.8296946467157581E-002 -0.34738480632799951     
   85.691699604847813       0.32871057687338140        1.8300427471997407E-002 -0.34701100434537413     
   85.849802371646433       0.32833838807537874        1.8386979411510705E-002 -0.34672536748689059     
   86.007905138445039       0.32803680656993789        1.8047951935990243E-002 -0.34608475850592541     
   86.166007905243660       0.32793207566953569        1.8701219079175598E-002 -0.34663329474871113     
   86.324110672042266       0.32768944391685112        1.7920460647186866E-002 -0.34560990456403234     
   86.482213438840873       0.32797611048058484        1.7809403083595240E-002 -0.34578551356417608     
   86.640316205639493       0.32800131170634017        1.8606444067726925E-002 -0.34660775577406794     
   86.798418972438100       0.32808263598391718        1.8723048493669049E-002 -0.34680568447758836     
   86.956521739236720       0.32844259744442877        1.7833192348081624E-002 -0.34627578979250651     
   87.114624506035327       0.32879950153441301        1.7506014117292575E-002 -0.34630551565170609     
   87.272727272833933       0.32895545905431439        1.7201375189053889E-002 -0.34615683424337007     
   87.430830039632554       0.32912821753755761        1.7038209145998025E-002 -0.34616642668355613     
   87.588932806431160       0.32934112264329629        1.6849203183221816E-002 -0.34619032582651754     
   87.747035573229780       0.32949478309149544        1.7465852698382446E-002 -0.34696063578987801     
   87.905138340028387       0.32934529376253280        1.7442055192268033E-002 -0.34678734895479946     
   88.063241106827007       0.32931494268867673        1.7473517228513730E-002 -0.34678845991719243     
   88.221343873625614       0.32926399810642554        1.7980544203932389E-002 -0.34724454231035901     
   88.379446640424220       0.32927478354636652        1.7602118009188834E-002 -0.34687690155555484     
   88.537549407222841       0.32925509824336852        1.7033618832115491E-002 -0.34628871707548203     
   88.695652174021447       0.32914703211283919        1.7385518540367528E-002 -0.34653255065320382     
   88.853754940820068       0.32889261024263006        1.7645736766748108E-002 -0.34653834700937869     
   89.011857707618674       0.32886213014209459        1.7482139066885175E-002 -0.34634426920897848     
   89.169960474417280       0.32872335224526422        1.7761674315705338E-002 -0.34648502656096974     
   89.328063241215901       0.32870687973517715        1.7339264694757543E-002 -0.34604614442993337     
   89.486166008014507       0.32848214900914630        1.7441635963365159E-002 -0.34592378497251491     
   89.644268774813128       0.32819813334581488        1.7879041838164002E-002 -0.34607717518398162     
   89.802371541611734       0.32797651738123601        1.7978996934356485E-002 -0.34595551431559490     
   89.960474308410340       0.32788626183961750        1.7892686725256662E-002 -0.34577894856487545     
   90.118577075208961       0.32783475341521234        1.8535835544592427E-002 -0.34637058895980305     
   90.276679842007567       0.32792024865483616        1.9062384984889418E-002 -0.34698263363972542     
   90.434782608806188       0.32836444239196705        1.8966410269088924E-002 -0.34733085266105690     
   90.592885375604794       0.32913433560660815        1.7917498919497617E-002 -0.34705183452610400     
   90.750988142403415       0.33002070856018079        1.8056963005174721E-002 -0.34807767156535629     
   90.909090909202021       0.33126276685132477        1.8005408501557144E-002 -0.34926817535288524     
   91.067193676000628       0.33241661048644860        1.7742184483017183E-002 -0.35015879496946323     
   91.225296442799248       0.33333494484725273        1.7577639462625479E-002 -0.35091258430988126     
   91.383399209597854       0.33385411025162975        1.7066726123388377E-002 -0.35092083637501714     
   91.541501976396475       0.33406049995578591        1.6961047804032962E-002 -0.35102154775981892     
   91.699604743195081       0.33396962473422637        1.6786677727551370E-002 -0.35075630246177913     
   91.857707509993688       0.33397113781216592        1.6317328222266021E-002 -0.35028846603443364     
   92.015810276792308       0.33396521825368536        1.6415851430819018E-002 -0.35038106968450894     
   92.173913043590915       0.33442640110052457        1.7057703956058344E-002 -0.35148410505658295     
   92.332015810389535       0.33480306020069489        1.6584397836350885E-002 -0.35138745803704319     
   92.490118577188142       0.33528944223821588        1.7093284292041586E-002 -0.35238272653025909     
   92.648221343986748       0.33561028188869496        1.7251082445947051E-002 -0.35286136433464260     
   92.806324110785368       0.33587743225682509        1.6920459450409181E-002 -0.35279789170723352     
   92.964426877583975       0.33618121148424990        1.6110362073444108E-002 -0.35229157355769236     
   93.122529644382595       0.33624787344284529        1.7024144770935608E-002 -0.35327201821378235     
   93.280632411181202       0.33642055804692356        1.7584788814126836E-002 -0.35400534686105317     
   93.438735177979822       0.33644342356568535        1.7199910347689598E-002 -0.35364333391337593     
   93.596837944778429       0.33644772196871342        1.7605565711663603E-002 -0.35405328768037569     
   93.754940711577035       0.33624476265256714        1.8105557579174016E-002 -0.35435032023174473     
   93.913043478375656       0.33602850911643700        1.8216001086275423E-002 -0.35424451020271353     
   94.071146245174262       0.33547935607718221        1.8093541269158995E-002 -0.35357289734633990     
   94.229249011972882       0.33523312151534435        1.7746501975294791E-002 -0.35297962349063905     
   94.387351778771489       0.33499863957455001        1.7870902303297926E-002 -0.35286954187784852     
   94.545454545570095       0.33485535454336318        1.8801150023030264E-002 -0.35365650456638897     
   94.703557312368716       0.33478038921314601        1.7930354012760039E-002 -0.35271074322591073     
   94.861660079167322       0.33465187134159491        1.8466527658555814E-002 -0.35311839900015046     
   95.019762845965943       0.33461039648702906        1.8138813356692065E-002 -0.35274920984372138     
   95.177865612764549       0.33467530043900356        1.7763857800484076E-002 -0.35243915823948591     
   95.335968379563170       0.33476736861261730        1.8350533725293793E-002 -0.35311790233791146     
   95.494071146361776       0.33501200865383124        1.8839551365879382E-002 -0.35385156001971158     
   95.652173913160382       0.33510260605252756        1.9117204893910104E-002 -0.35421981094644028     
   95.810276679959003       0.33531358235961012        1.8493776678793455E-002 -0.35380735903840332     
   95.968379446757609       0.33573631605856979        1.8325690565733674E-002 -0.35406200662430354     
   96.126482213556230       0.33600977698953766        1.8217114666110236E-002 -0.35422689165564575     
   96.284584980354836       0.33637838263252012        1.8265983369260354E-002 -0.35464436600177907     
   96.442687747153443       0.33684541313957417        1.8959109449607891E-002 -0.35580452258918266     
   96.600790513952063       0.33746004966569049        1.9511331344571711E-002 -0.35697138101026515     
   96.758893280750669       0.33761459233077790        1.9636824274206353E-002 -0.35725141660498588     
   96.916996047549290       0.33753963883486399        2.0021125334228264E-002 -0.35756076416908511     
   97.075098814347896       0.33741868658043594        2.0006275494523572E-002 -0.35742496207496288     
   97.233201581146503       0.33725185997071966        2.0116462113509360E-002 -0.35736832208422653     
   97.391304347945123       0.33683734854418823        2.0886898381555968E-002 -0.35772424692574462     
   97.549407114743730       0.33647737442092962        2.1120174083656924E-002 -0.35759754850458675     
   97.707509881542350       0.33631198475344193        2.1092134964010838E-002 -0.35740411971745217     
   97.865612648340957       0.33650471424276479        2.1167483474877187E-002 -0.35767219771764203     
   98.023715415139577       0.33673290770432934        2.0723486072818917E-002 -0.35745639377714944     
   98.181818181938183       0.33691825451019847        2.0973585814666906E-002 -0.35789184032486354     
   98.339920948736790       0.33725960246571429        2.1846084682036915E-002 -0.35910568714774815     
   98.498023715535410       0.33752397907573339        2.2231557522499865E-002 -0.35975553659823123     
   98.656126482334017       0.33811233615208997        2.2148344312541202E-002 -0.36026068046462900     
