                    0                    0                    0                    0
  0.15810276679861221        1.5497595442638309E-002   6.3618175781741296E-002  -2.9449371917073287E-002   1.5928799807288403E-008   6.7981230398565584     
  0.31620553359722442        4.4254231902080214E-002   6.6687228598237294E-002  -8.4820756342092268E-002   2.2764266939281893E-008   6.7989330064290190     
  0.47430830039583660        6.9129055059673650E-002   6.8925208297765175E-002 -0.13292579196407933        2.4488783726562530E-008   6.4793586229270597     
  0.63241106719444884        8.9502516977129909E-002   6.9450522761145397E-002 -0.17243080287227075        2.3821375476575063E-008   5.9649234203097032     
  0.79051383399306108       0.10561618699770563        6.8556171066162450E-002 -0.20364251206139239        2.2593672662707386E-008   5.4426821865313961     
  0.94861660079167320       0.11801250915996905        6.6801140530829223E-002 -0.22753000273880447        2.1494268476954220E-008   5.0416267840710605     
   1.1067193675902856       0.12726270473038015        6.4714787013189265E-002 -0.24520984093356782        2.0619541918941357E-008   4.7972366081266742     
   1.2648221343888977       0.13388731801738252        6.2567870082484781E-002 -0.25773001265434836        1.9818963171803780E-008   4.6665979264393922     
   1.4229249011875098       0.13836656081370938        6.0503639284552699E-002 -0.26607187409620181        1.8958502128991290E-008   4.5975690867170309     
   1.5810276679861222       0.14115334664770401        5.8610419444965152E-002 -0.27112905067015558        1.8103039457973796E-008   4.5593627015406897     
   1.7391304347847343       0.14263370354669302        5.6900605320006702E-002 -0.27364399096524816        1.7284840836030318E-008   4.5681868368455794     
   1.8972332015833464       0.14309400166226274        5.5418058187032340E-002 -0.27418172071266073        1.6430671043324128E-008   4.5755998771783526     
   2.0553359683819585       0.14277292577753814        5.4192117269516824E-002 -0.27322349845397309        1.5632932291690440E-008   4.6623321658706995     
   2.2134387351805711       0.14186390079878072        5.3121020674487950E-002 -0.27113908775316065        1.4594104318750259E-008   4.6997005530806923     
   2.3715415019791832       0.14051592506388175        5.2245252318114936E-002 -0.26820394010851029        1.3511037056340755E-008   4.7588510366459102     
   2.5296442687777954       0.13883976298136849        5.1559826322255746E-002 -0.26464139435442158        1.3143690930127499E-008   4.7588868624809137     
   2.6877470355764075       0.13691870267512929        5.1075994067779892E-002 -0.26062826800929478        1.2662784718266767E-008   4.9640535353412156     
   2.8458498023750196       0.13483217297538627        5.0646633433775991E-002 -0.25634423927548677        1.1487631892742432E-008   4.8883808911256290     
   3.0039525691736322       0.13265282338248180        5.0286221191740088E-002 -0.25192143136160328        1.0524649305008138E-008   4.8787599887574205     
   3.1620553359722443       0.13041404872346135        5.0003729220732193E-002 -0.24742293127595733        9.6962281876322167E-009   4.9489967019923125     
   3.3201581027708564       0.12813684568873962        4.9796751033374088E-002 -0.24290692953482768        8.9182958593151076E-009   5.0112932540696482     
   3.4782608695694686       0.12586733696800667        4.9634826248562976E-002 -0.23845041723135052        8.7226063136814813E-009   5.0626573132587058     
   3.6363636363680807       0.12363554591589514        4.9480570236380091E-002 -0.23410599389221476        8.4834824656853657E-009   5.1340227116251684     
   3.7944664031666928       0.12144999528447473        4.9297723946236098E-002 -0.22989957968351277        8.2889224660653893E-009   5.0902227713324599     
   3.9525691699653054       0.11932385556174062        4.9117709158253468E-002 -0.22583746664963245        8.0552340337273284E-009   5.1944211849021027     
   4.1106719367639171       0.11726005769086668        4.8925239728861689E-002 -0.22190999573928927        7.6567984139824731E-009   5.1033081128738278     
   4.2687747035625296       0.11526060403733686        4.8813533245177246E-002 -0.21813756365720174        7.9448804438885267E-009   5.0838590056757198     
   4.4268774703611422       0.11331612994044568        4.8736850669120868E-002 -0.21450901824018523        7.6341862498311705E-009   5.1190934904127987     
   4.5849802371597539       0.11140247766035050        4.8698756974337641E-002 -0.21099290943096299        7.1778174780832189E-009   5.1119176889830280     
   4.7430830039583665       0.10953836424760377        4.8631215840458590E-002 -0.20761046867610838        7.0039599972446985E-009   5.0731506015102736     
   4.9011857707569781       0.10773558448885649        4.8569760596971892E-002 -0.20436831933818311        6.8675555570334891E-009   5.0889893874147383     
   5.0592885375555907       0.10598799946774934        4.8535867131991130E-002 -0.20124520777293520        6.6111741314647599E-009   5.0706226551956011     
   5.2173913043542033       0.10428349151752817        4.8531631451312347E-002 -0.19821181212989286        6.1944532074499671E-009   5.1017891373594120     
   5.3754940711528150       0.10262953999842779        4.8549109132181183E-002 -0.19530189716182950        5.9555962180379422E-009   5.0864613461592736     
   5.5335968379514275       0.10105238361701356        4.8596173371367846E-002 -0.19255933000560721        5.8228246047359115E-009   5.0930185594537942     
   5.6916996047500392        9.9523164509372666E-002   4.8679054799571117E-002 -0.18994288052261318        5.6211009400516537E-009   5.1111517651416456     
   5.8498023715486518        9.8049134344604730E-002   4.8724872107591889E-002 -0.18746424638454212        5.4788921799336523E-009   5.1374256444977977     
   6.0079051383472644        9.6684105749284585E-002   4.8761191987523746E-002 -0.18517166389941764        5.1824646259065793E-009   5.1699866289421168     
   6.1660079051458760        9.5438764684175531E-002   4.8821808947509607E-002 -0.18306963210917848        5.1577939611428891E-009   5.1861986210330393     
   6.3241106719444886        9.4302681757720538E-002   4.8920057168667437E-002 -0.18113359495995474        5.2823550945779192E-009   5.2287961714358282     
   6.4822134387431003        9.3254321969324927E-002   4.8996745371128088E-002 -0.17933258639980743        5.3273885810683207E-009   5.2604244575768613     
   6.6403162055417129        9.2263033939033220E-002   4.9067911381835250E-002 -0.17761398495759248        5.3082280930731567E-009   5.2762865885459522     
   6.7984189723403254        9.1317894154850268E-002   4.9126313299706070E-002 -0.17595332591466484        5.5540257906626864E-009   5.3038472570928592     
   6.9565217391389371        9.0438286862165970E-002   4.9140266102615529E-002 -0.17439667851442719        5.7008072476619267E-009   5.2896775323237106     
   7.1146245059375497        8.9641738997545933E-002   4.9107879291704126E-002 -0.17296522715322218        5.9438284034511531E-009   5.2602275189138528     
   7.2727272727361614        8.8919162351403569E-002   4.9082552455391774E-002 -0.17163852519189163        6.0875116736778146E-009   5.2559788930024585     
   7.4308300395347739        8.8217109607692190E-002   4.9129067875645770E-002 -0.17033727954208203        5.9235103122091032E-009   5.3039736364050851     
   7.5889328063333856        8.7490667978493142E-002   4.9135967035405993E-002 -0.16901343278428674        5.8346607828855521E-009   5.3044206100544242     
   7.7470355731319982        8.6773493796444626E-002   4.9090879160512670E-002 -0.16772077948826114        5.5205133362114598E-009   5.2656599045325985     
   7.9051383399306108        8.6092059097025039E-002   4.9085413430405352E-002 -0.16651612040545338        5.3398367151422031E-009   5.2393449195527939     
   8.0632411067292225        8.5434580538225183E-002   4.9128708066947864E-002 -0.16538180088004306        5.1483638914814974E-009   5.2389727019535455     
   8.2213438735278341        8.4816832069046361E-002   4.9188359575490122E-002 -0.16430149599161920        4.9968243966817173E-009   5.2777161477993024     
   8.3794466403264476        8.4273071476371378E-002   4.9247530015980784E-002 -0.16330957143789543        4.8896397987123590E-009   5.2852536062725539     
   8.5375494071250593        8.3805111821246392E-002   4.9317553310169876E-002 -0.16240018917332466        5.0513760314872810E-009   5.3410876874257980     
   8.6956521739236710        8.3388735771766753E-002   4.9368949399303176E-002 -0.16155294528780351        5.5226550802079760E-009   5.4088922459239308     
   8.8537549407222844        8.3003380112535552E-002   4.9341759248867335E-002 -0.16075883161611193        5.4622661471655788E-009   5.3596006097350459     
   9.0118577075208961        8.2624322412199261E-002   4.9339734507518232E-002 -0.15996712934185939        5.2442395324717259E-009   5.3273727222919343     
   9.1699604743195078        8.2244947291111981E-002   4.9385074996650159E-002 -0.15916625007523350        5.4038108418239475E-009   5.3381621967232098     
   9.3280632411181212        8.1904594961205987E-002   4.9451292752475035E-002 -0.15843145052206914        5.6802624237708054E-009   5.4128003973049728     
   9.4861660079167329        8.1584081683283682E-002   4.9530198475512106E-002 -0.15775505882272159        5.8895649187094842E-009   5.4431458961903649     
   9.6442687747153446        8.1251407274810589E-002   4.9606153737919045E-002 -0.15708850324488882        6.1474300932047702E-009   5.4683067027415655     
   9.8023715415139563        8.0901611205422289E-002   4.9650379602323561E-002 -0.15641633515850739        6.2195318141480485E-009   5.5101195691835514     
   9.9604743083125697        8.0531708761481510E-002   4.9674059344752400E-002 -0.15573560282968640        6.2717002657550108E-009   5.4974532988701528     
   10.118577075111181        8.0174056413388414E-002   4.9681632625224292E-002 -0.15509270286476096        6.2721167957420298E-009   5.5452182012382636     
   10.276679841909793        7.9819171660549623E-002   4.9637530820024360E-002 -0.15446209664941229        6.2586873934160878E-009   5.5445101353592205     
   10.434782608708407        7.9449759207497112E-002   4.9594110174535425E-002 -0.15379611353351696        6.1139045818084905E-009   5.5281872004712387     
   10.592885375507018        7.9060576973131347E-002   4.9576507108478857E-002 -0.15310179288213027        5.8393734102953498E-009   5.5110484659514611     
   10.750988142305630        7.8653769246755448E-002   4.9568015070467805E-002 -0.15238310727507204        5.2789146150793013E-009   5.5333300673073795     
   10.909090909104242        7.8280128277565642E-002   4.9541843792898034E-002 -0.15170889259875631        5.1930262332123362E-009   5.5215919665600319     
   11.067193675902855        7.7993185668097501E-002   4.9499872195550500E-002 -0.15115398775969247        5.4296830633639055E-009   5.4965614278284267     
   11.225296442701467        7.7760512943039234E-002   4.9505242290855497E-002 -0.15068110326150952        5.8168231315254884E-009   5.5417015493022435     
   11.383399209500078        7.7530220156043092E-002   4.9522812610084191E-002 -0.15021319972385758        6.1777583396949888E-009   5.5399815889540571     
   11.541501976298692        7.7302161941118108E-002   4.9550032340144483E-002 -0.14973097935501894        6.4215700668360187E-009   5.5255476259685095     
   11.699604743097304        7.7085656923180007E-002   4.9571120199690115E-002 -0.14925488629423353        6.4782101140211235E-009   5.5353459463035781     
   11.857707509895915        7.6866100651497460E-002   4.9581711485241667E-002 -0.14876610527442491        6.6519578773302215E-009   5.5790500002950649     
   12.015810276694529        7.6622221467996535E-002   4.9576929857105559E-002 -0.14823864281442861        6.9677797368705948E-009   5.6024142624849471     
   12.173913043493140        7.6349674663967346E-002   4.9583513647575940E-002 -0.14766719264428418        7.1520110398621393E-009   5.6342490817178401     
   12.332015810291752        7.6021959005211873E-002   4.9621917849783669E-002 -0.14703190364557911        7.1860037580038949E-009   5.6864707939900079     
   12.490118577090364        7.5665919482019811E-002   4.9582691388327896E-002 -0.14639055939700801        6.8991166077698525E-009   5.6431676685484327     
   12.648221343888977        7.5323787637060491E-002   4.9516193130923480E-002 -0.14579367487079226        6.5811813737533659E-009   5.5878121728280004     
   12.806324110687589        7.4985699908266673E-002   4.9480244579712479E-002 -0.14521435497252971        6.4142870739108303E-009   5.6215720690738369     
   12.964426877486201        7.4660446825216109E-002   4.9444552658091327E-002 -0.14467055463708314        6.3565249184966719E-009   5.6094713283971425     
   13.122529644284814        7.4366746258457767E-002   4.9443949487041963E-002 -0.14418778732928245        6.3643199538349634E-009   5.6095023215967155     
   13.280632411083426        7.4097698340003196E-002   4.9429994600670490E-002 -0.14373850931805338        6.3751207950572530E-009   5.6656909035684144     
   13.438735177882037        7.3868184490073513E-002   4.9397160233031263E-002 -0.14333817558269848        6.1707593291695355E-009   5.6966848757707629     
   13.596837944680651        7.3695454670090491E-002   4.9376417684236361E-002 -0.14303693141208390        6.1905529937990724E-009   5.7040250467548228     
   13.754940711479263        7.3575838720542464E-002   4.9363122332379702E-002 -0.14283214652796639        6.5167996939290332E-009   5.7144081195584411     
   13.913043478277874        7.3452903430468924E-002   4.9432028469429110E-002 -0.14264494671563643        6.4834794287666904E-009   5.7392656631975116     
   14.071146245076486        7.3271421640085127E-002   4.9488400868757783E-002 -0.14239878593830008        6.8260585987886625E-009   5.7657897828155766     
   14.229249011875099        7.3041033938911717E-002   4.9465243632920340E-002 -0.14208566692868083        6.5580870282827456E-009   5.7165781854551119     
   14.387351778673711        7.2787182990164956E-002   4.9483522585949104E-002 -0.14175185640436860        5.9988664628056179E-009   5.6675204968219850     
   14.545454545472323        7.2546154220476042E-002   4.9476161536252304E-002 -0.14146521297105863        5.9222713274361156E-009   5.6236603824168272     
   14.703557312270936        7.2355606195932801E-002   4.9457024158808427E-002 -0.14124862156101220        5.7930469476115079E-009   5.5804936607907507     
   14.861660079069548        7.2210500385454721E-002   4.9486380158972561E-002 -0.14107574562935188        5.8323037150635179E-009   5.6385699542624383     
   15.019762845868160        7.2102574820748278E-002   4.9522122640590416E-002 -0.14093255852440839        5.9741340005931447E-009   5.6860670439903078     
   15.177865612666771        7.2030302535529042E-002   4.9539273755052175E-002 -0.14081021557824430        5.9661919387039953E-009   5.6873244679536823     
   15.335968379465385        7.1998283153937553E-002   4.9562838692437196E-002 -0.14071658918951813        6.0955965304030963E-009   5.6789715213975809     
   15.494071146263996        7.1976241816930894E-002   4.9599019438293618E-002 -0.14062301969599525        6.2645084056950639E-009   5.7052072476676043     
   15.652173913062608        7.1939771407754691E-002   4.9632052415427112E-002 -0.14049676908705705        6.2675776264996297E-009   5.7233499910482317     
   15.810276679861222        7.1903056915906885E-002   4.9627041944472448E-002 -0.14036379232015100        6.4009879375123819E-009   5.6931075634376853     
   15.968379446659833        7.1859987001973658E-002   4.9618790501776512E-002 -0.14022728050640523        6.8057043702744217E-009   5.6793429502158768     
   16.126482213458445        7.1796090662499326E-002   4.9650098009883042E-002 -0.14008309977501168        6.7637689782921257E-009   5.7668784047785264     
   16.284584980257058        7.1743501873884813E-002   4.9710405535010979E-002 -0.13997953211590169        6.5439659494630858E-009   5.7987330653729083     
   16.442687747055668        7.1704819042324092E-002   4.9752610702503239E-002 -0.13990065891754977        6.6947722909141439E-009   5.7925560253675306     
   16.600790513854282        7.1664947386222588E-002   4.9798701586469804E-002 -0.13981797349705033        6.6449057708527880E-009   5.8468408463791297     
   16.758893280652895        7.1620508042100961E-002   4.9809674956611989E-002 -0.13973394681678275        6.4567736530125332E-009   5.8475210572441441     
   16.916996047451505        7.1574516870803212E-002   4.9734278254460890E-002 -0.13964666937805958        6.3019042226875087E-009   5.7735693566044839     
   17.075098814250119        7.1530809776526857E-002   4.9687992583674186E-002 -0.13954445941330956        6.4541089925843054E-009   5.7402724055375609     
   17.233201581048732        7.1475013168100315E-002   4.9675026677733658E-002 -0.13943086901962226        6.6945569085321843E-009   5.7082262680412885     
   17.391304347847342        7.1391647209034279E-002   4.9739589981336194E-002 -0.13931347883939399        6.4286390682980747E-009   5.7165517111322774     
   17.549407114645955        7.1273830439893243E-002   4.9829499642489596E-002 -0.13918781951770981        6.1669423014009848E-009   5.7307292943911268     
   17.707509881444569        7.1159846560439569E-002   4.9832681915134028E-002 -0.13908444038497572        6.0506474881516527E-009   5.7397472388482402     
   17.865612648243179        7.1089239295684739E-002   4.9784827450732018E-002 -0.13903644504674101        6.0128772089346090E-009   5.7098402612795880     
   18.023715415041792        7.1083431967082236E-002   4.9730818180067672E-002 -0.13906750118132999        6.0250499673551314E-009   5.7047813723471874     
   18.181818181840406        7.1119430213718179E-002   4.9731549044577550E-002 -0.13913290659798272        6.1377113966996998E-009   5.6758924941840130     
   18.339920948639016        7.1192009684505994E-002   4.9809781713894982E-002 -0.13922101375626933        6.4138481939215840E-009   5.6962085913135514     
   18.498023715437629        7.1291644053704251E-002   4.9905249689027147E-002 -0.13933023052885801        6.5781120779204728E-009   5.7237043617365275     
   18.656126482236242        7.1406343054922897E-002   4.9967805429557449E-002 -0.13946072792173542        6.7890249664687716E-009   5.7128019038185656     
   18.814229249034852        7.1493007167953662E-002   5.0101380999667884E-002 -0.13956122923884973        6.7269388551747534E-009   5.7940945512312005     
   18.972332015833466        7.1552463658718493E-002   5.0177501234511701E-002 -0.13964558989004944        6.4810593898913121E-009   5.8157205779469914     
   19.130434782632076        7.1636423527054460E-002   5.0182808074798461E-002 -0.13977265842379230        6.2891994477928629E-009   5.7417414372059357     
   19.288537549430689        7.1753681804342370E-002   5.0160650234535017E-002 -0.13995021251383916        6.3635423644055692E-009   5.7595033406788945     
   19.446640316229303        7.1907894982857948E-002   5.0117098215609696E-002 -0.14015912883829024        6.6878789448319620E-009   5.7830558035657313     
   19.604743083027913        7.2061159529800245E-002   5.0127506228140030E-002 -0.14033716157663653        6.8757171688008970E-009   5.7534818692626173     
   19.762845849826526        7.2153952936233931E-002   5.0175659474307348E-002 -0.14042882700099080        7.0351364189190651E-009   5.7377245289002001     
   19.920948616625139        7.2223881276309146E-002   5.0248176941332295E-002 -0.14049946229750471        6.9470007112272657E-009   5.7460759584630026     
   20.079051383423749        7.2308068645453846E-002   5.0359569584493891E-002 -0.14062492045442199        7.0704888700998802E-009   5.7954518760924243     
   20.237154150222363        7.2394846979815158E-002   5.0447647210856199E-002 -0.14079693009442637        6.9550479822957777E-009   5.8064135452479197     
   20.395256917020976        7.2479962517858959E-002   5.0573353795357774E-002 -0.14098280859474907        6.6508863192102296E-009   5.8173278031362816     
   20.553359683819586        7.2575349827547458E-002   5.0730142178156225E-002 -0.14117957250490054        6.4643381999285906E-009   5.9296970748203730     
   20.711462450618200        7.2703237467787368E-002   5.0831320499891135E-002 -0.14141076498512242        6.2893833793706539E-009   5.9395013331366675     
   20.869565217416813        7.2872855958936264E-002   5.0859362845770556E-002 -0.14168012027545440        6.8084879928897901E-009   5.8697241408748484     
   21.027667984215423        7.3029860919461537E-002   5.0908852410300506E-002 -0.14192007902371390        7.3276121391036622E-009   5.8866940107976014     
   21.185770751014037        7.3134123762447115E-002   5.0937621926827201E-002 -0.14205229409563447        7.2351477474337101E-009   5.8890215810614253     
   21.343873517812650        7.3185875465440836E-002   5.0993261919444685E-002 -0.14207765061870467        6.8687378582012858E-009   5.8868478515568290     
   21.501976284611260        7.3203589619847589E-002   5.1099523082953499E-002 -0.14205613849771404        6.1877117090228212E-009   5.8879887847874466     
   21.660079051409873        7.3210089662451669E-002   5.1196359630661194E-002 -0.14204344690429582        6.1246238803312592E-009   5.9074719919124936     
   21.818181818208483        7.3255177387264905E-002   5.1211613770332190E-002 -0.14208846367004768        6.1222413676603749E-009   5.9309227872919905     
   21.976284585007097        7.3340105264769778E-002   5.1242720228187176E-002 -0.14220056981652926        6.6760022428056880E-009   5.9283774407375542     
   22.134387351805710        7.3440322875608366E-002   5.1337426756392912E-002 -0.14235877500837207        6.9336679142303986E-009   5.9500933962584144     
   22.292490118604320        7.3510072470364618E-002   5.1413001827812839E-002 -0.14249250691160503        7.0227940859370602E-009   5.9252108979561573     
   22.450592885402934        7.3527367475619401E-002   5.1466325327511359E-002 -0.14254404429613712        6.9833258946650218E-009   5.9470478509126368     
   22.608695652201547        7.3485182887869302E-002   5.1539073738930685E-002 -0.14249899893621493        7.1217241547600395E-009   6.0765750326858718     
   22.766798419000157        7.3422675753825689E-002   5.1539874127453825E-002 -0.14241804672334799        7.0575750432301856E-009   6.0671902023795017     
   22.924901185798770        7.3374438154353711E-002   5.1549852117411955E-002 -0.14235945864367441        6.8509013990275173E-009   6.0324633767263363     
   23.083003952597384        7.3330755243336959E-002   5.1554048635871139E-002 -0.14230323834764702        6.4777750846103928E-009   6.0492400623054126     
   23.241106719395994        7.3296003452813133E-002   5.1544228378884116E-002 -0.14225286239592189        6.3139954540834876E-009   6.0354285808874844     
   23.399209486194607        7.3269579980027130E-002   5.1526436993123502E-002 -0.14221598183208600        6.6999735688414872E-009   6.0109578756197610     
   23.557312252993221        7.3222384201671417E-002   5.1489929210574548E-002 -0.14213731693934548        7.0177870208320891E-009   5.9612672511497626     
   23.715415019791831        7.3146750933601207E-002   5.1498985592293489E-002 -0.14203716609151718        6.8046879985418082E-009   5.9753865522173610     
   23.873517786590444        7.3037247661037086E-002   5.1584575193363645E-002 -0.14189486882472285        6.6230526514124062E-009   6.0186773014716701     
   24.031620553389057        7.2933706001395426E-002   5.1654376120325585E-002 -0.14174687471430264        6.4650611758347050E-009   6.0657406858078735     
   24.189723320187667        7.2869158127193134E-002   5.1755845712287349E-002 -0.14167772507117860        6.1952408969003326E-009   6.0751285804399586     
   24.347826086986281        7.2852665067071609E-002   5.1852442696368468E-002 -0.14168861817898459        6.2458436482577764E-009   6.1031369287864123     
   24.505928853784894        7.2877546043462457E-002   5.1954029003204227E-002 -0.14173222796735033        6.7045856640016463E-009   6.1552231950848917     
   24.664031620583504        7.2937568811824519E-002   5.2066500137968978E-002 -0.14181129744251275        7.3505238319892344E-009   6.2062449859542657     
   24.822134387382118        7.2971960009418260E-002   5.2212230632430412E-002 -0.14185428405778783        8.0133341869080579E-009   6.2341224082477327     
   24.980237154180728        7.2963630174924424E-002   5.2358376884454480E-002 -0.14185392557114701        8.1031240391587050E-009   6.2984782048565737     
   25.138339920979341        7.2935866528236776E-002   5.2379903038558703E-002 -0.14181193416588364        7.8902723310465590E-009   6.2699784430396335     
   25.296442687777954        7.2927555048400899E-002   5.2346056689095269E-002 -0.14178626423912932        7.3219602025407298E-009   6.2145735749201778     
   25.454545454576564        7.2928451169188196E-002   5.2285833738959737E-002 -0.14179039977534730        7.1504842830133606E-009   6.1837689717538060     
   25.612648221375178        7.2934489861697399E-002   5.2199164373724391E-002 -0.14178986239870450        7.1061665005523906E-009   6.2676732598952976     
   25.770750988173791        7.2965647677381062E-002   5.2078744391351836E-002 -0.14181353505107280        7.4362973382166832E-009   6.2319225143025108     
   25.928853754972401        7.2990947934777103E-002   5.1997230750005202E-002 -0.14183838705526586        7.6019216190940291E-009   6.2095553277510858     
   26.086956521771015        7.2961716366347240E-002   5.1969275880623965E-002 -0.14179510907523299        7.5945971888402617E-009   6.3115227000197907     
   26.245059288569628        7.2942483200246738E-002   5.1859239958914137E-002 -0.14176124858445543        7.1687061964040120E-009   6.2112374646060902     
   26.403162055368238        7.2972404239988936E-002   5.1861037256598859E-002 -0.14179550383642242        7.0343891113310280E-009   6.2459908621205997     
   26.561264822166851        7.3014411933272322E-002   5.1890497631381816E-002 -0.14185376021065052        7.4533808206283885E-009   6.2684529617814952     
   26.719367588965465        7.3054559527384863E-002   5.1947256728572741E-002 -0.14192144398118878        7.6081243645010354E-009   6.2647008154858295     
   26.877470355764075        7.3074236503775550E-002   5.2024974152824942E-002 -0.14197629469903561        7.4977724333043716E-009   6.2934914885406643     
   27.035573122562688        7.3050136203553051E-002   5.2090214351181607E-002 -0.14197173205877756        7.7061634181450393E-009   6.3369748549043790     
   27.193675889361302        7.2989403794521540E-002   5.2134994793351090E-002 -0.14190400918309765        7.7655507517667401E-009   6.5225350791033447     
   27.351778656159912        7.2893855565485943E-002   5.2128037959909779E-002 -0.14179133015100992        7.5505423849988023E-009   6.7102074822630993     
   27.509881422958525        7.2800159292189207E-002   5.2113204260134820E-002 -0.14169283683222669        7.5472722035679795E-009   6.5677506237774583     
   27.667984189757135        7.2704461222093952E-002   5.2044678412986052E-002 -0.14159884728308042        7.8327383099544560E-009   6.5643009575539493     
   27.826086956555748        7.2615955900422913E-002   5.1929858598664350E-002 -0.14150759513385272        8.1446871249608026E-009   6.4602263261704360     
   27.984189723354362        7.2529961963999079E-002   5.1950271457258515E-002 -0.14141921313064154        7.9015468639579306E-009   6.4997885037612306     
   28.142292490152972        7.2443225211129544E-002   5.2028883470779733E-002 -0.14133565641113505        7.9195726862353790E-009   6.5735787128016581     
   28.300395256951585        7.2355541276808183E-002   5.2006969592580173E-002 -0.14124499884381850        7.8972340642933308E-009   6.5508144100598811     
   28.458498023750199        7.2255488433795728E-002   5.1958823195456666E-002 -0.14111526135110339        7.4931724655452657E-009   6.5256790053838731     
   28.616600790548809        7.2145717899398512E-002   5.1959728411147314E-002 -0.14094038235745854        7.3810620905952947E-009   6.4654698082431654     
   28.774703557347422        7.2023907570053489E-002   5.1955751703023439E-002 -0.14075932459977408        7.4384803086911191E-009   6.4402694064983779     
   28.932806324146036        7.1905979042702892E-002   5.1926186152398919E-002 -0.14061484844010858        7.5963199430004118E-009   6.4005076248209187     
   29.090909090944645        7.1816096158379791E-002   5.1892897089153629E-002 -0.14051620348872906        7.3746672721635357E-009   6.3641954007299928     
   29.249011857743259        7.1750140216878519E-002   5.1938546931149132E-002 -0.14044236092733381        7.1105364027407656E-009   6.3856332783982301     
   29.407114624541872        7.1707061421549950E-002   5.1979882909950224E-002 -0.14038662821921938        7.0532331379659608E-009   6.3576535556981719     
   29.565217391340482        7.1665213228039537E-002   5.2025251632759867E-002 -0.14033779692123607        7.4488988498437409E-009   6.3835360897780413     
   29.723320158139096        7.1608823565781077E-002   5.2011362931496594E-002 -0.14027506850239521        7.8311082975915848E-009   6.4432674350478463     
   29.881422924937709        7.1532927755311684E-002   5.1947142206366079E-002 -0.14019235650826001        7.8333229129097450E-009   6.3738676735511630     
   30.039525691736319        7.1464846034764357E-002   5.1854587757679101E-002 -0.14008927347150521        7.8775231055403925E-009   6.3543416286654910     
   30.197628458534933        7.1430399473867728E-002   5.1867138277204315E-002 -0.14001953009868900        7.8272597183430655E-009   6.3817199540581999     
   30.355731225333543        7.1401439071724387E-002   5.1813150800830272E-002 -0.13997871608568019        7.9694184890840808E-009   6.3561756405136425     
   30.513833992132156        7.1394505886600276E-002   5.1723120357298882E-002 -0.13996826027618525        7.7653726817621929E-009   6.2740033228622725     
   30.671936758930769        7.1391721721953474E-002   5.1704268919496227E-002 -0.13996402719126749        7.6987162574931757E-009   6.2678788288289695     
   30.830039525729379        7.1364199026320796E-002   5.1665643371293292E-002 -0.13995960595582763        7.2352686553384106E-009   6.2197512717112469     
   30.988142292527993        7.1307323451856308E-002   5.1660307267173085E-002 -0.13994958731966578        7.0739041375312641E-009   6.2521231903894714     
   31.146245059326606        7.1242022308816683E-002   5.1670590368074573E-002 -0.13992027394167839        6.8542148899764143E-009   6.2524392502095747     
   31.304347826125216        7.1177117444013879E-002   5.1701298969865479E-002 -0.13986562324070778        6.5390786023489846E-009   6.2866434047956625     
   31.462450592923830        7.1138779697688545E-002   5.1731399527289272E-002 -0.13981503671708917        6.0390250156374401E-009   6.3005463972974551     
   31.620553359722443        7.1124044557114782E-002   5.1796453221420041E-002 -0.13979121554008600        5.9481277936608451E-009   6.3615050442889904     
   31.778656126521053        7.1130834497767539E-002   5.1878028941120612E-002 -0.13980920049321793        5.8781739118924160E-009   6.3672825037748906     
   31.936758893319666        7.1146951961586338E-002   5.1925762428933896E-002 -0.13984053663783619        6.1272709158377339E-009   6.4386902274365516     
   32.094861660118276        7.1167550120400214E-002   5.1892270300283101E-002 -0.13987201573406741        5.8358677979417663E-009   6.4256371873822236     
   32.252964426916890        7.1201976855685717E-002   5.1848273924461306E-002 -0.13991373667910215        5.3068318478781520E-009   6.4319017180801010     
   32.411067193715503        7.1251818664561303E-002   5.1841797244654403E-002 -0.13995087767036690        5.6103554709689825E-009   6.3957327266970996     
   32.569169960514117        7.1294695061319996E-002   5.1860970295906542E-002 -0.13998271074312557        6.0492687403550060E-009   6.4199852398054729     
   32.727272727312730        7.1304364471767134E-002   5.1920849364276427E-002 -0.13998043258021908        6.1421755871059254E-009   6.4243944564419495     
   32.885375494111337        7.1305364054093656E-002   5.1960559505537129E-002 -0.13997302926674238        5.9851042062129764E-009   6.4208713589317057     
   33.043478260909950        7.1307115241500421E-002   5.2035424458211299E-002 -0.13999083689586772        5.7464839164253074E-009   6.4206816193097689     
   33.201581027708563        7.1317325107047524E-002   5.2031856724499559E-002 -0.14001712741399952        5.8782781558463247E-009   6.4381985619236071     
   33.359683794507177        7.1361847831604278E-002   5.1906909156530692E-002 -0.14005908019685973        6.0440857838216412E-009   6.3656664761420787     
   33.517786561305790        7.1454031436570156E-002   5.1811573260563119E-002 -0.14012743755906926        6.2056815245494563E-009   6.3884017862879547     
   33.675889328104404        7.1523753303086135E-002   5.1889069824379200E-002 -0.14015978538152879        6.1708000529672849E-009   6.5237693087266937     
   33.833992094903010        7.1570374881745030E-002   5.1897845944194533E-002 -0.14016872806763275        5.7998320657579595E-009   6.4940298689177096     
   33.992094861701624        7.1618254538309431E-002   5.1806848395558991E-002 -0.14021107533888932        5.9574477809903014E-009   6.4095876074255580     
   34.150197628500237        7.1617437366739922E-002   5.1779906622197516E-002 -0.14023379618923340        5.6175854323899679E-009   6.4857606704376636     
   34.308300395298851        7.1538284833444724E-002   5.1749685961453212E-002 -0.14017324200679931        5.2728317319231990E-009   6.6070010694779517     
   34.466403162097464        7.1482477831348673E-002   5.1647890468202916E-002 -0.14013209948094976        5.0653141337100901E-009   6.5387310345656697     
   34.624505928896077        7.1488105599203974E-002   5.1589614555205429E-002 -0.14014656246593415        5.4407975104091884E-009   6.5376249630381897     
   34.782608695694684        7.1512799287046208E-002   5.1544671866683427E-002 -0.14017214428306507        5.8252969110011055E-009   6.5390858727453711     
   34.940711462493297        7.1526325026418480E-002   5.1494104163685092E-002 -0.14017094152311438        5.8589054136496516E-009   6.5311901104956824     
   35.098814229291911        7.1496541764081253E-002   5.1445191993930141E-002 -0.14008879503334953        5.9674617081874648E-009   6.5370015935304977     
   35.256916996090524        7.1413030418929005E-002   5.1379063526207545E-002 -0.13991480522851912        6.3215372890036951E-009   6.5402557067581766     
   35.415019762889138        7.1261183001774253E-002   5.1288099345264897E-002 -0.13963926728694734        6.3805972161598501E-009   6.5285704697603375     
   35.573122529687744        7.1106897496378996E-002   5.1275084721008793E-002 -0.13937287618761784        5.9258358328573620E-009   6.6029523816548830     
   35.731225296486357        7.1009435012912167E-002   5.1232427749605410E-002 -0.13921795697557238        5.9013194158924692E-009   6.5217352769557486     
   35.889328063284971        7.1004329410430736E-002   5.1195807314588816E-002 -0.13919854318773595        5.9474549380257671E-009   6.5137991835770999     
   36.047430830083584        7.1062297366220634E-002   5.1276432969902606E-002 -0.13922705542894886        6.1175774853119639E-009   6.6154140892437070     
   36.205533596882198        7.1167963049407673E-002   5.1304276664090993E-002 -0.13927576159398808        6.3933293244122411E-009   6.4723580593498289     
   36.363636363680811        7.1263653435273119E-002   5.1409113605017071E-002 -0.13933893672705303        6.3156047365687043E-009   6.5453046481945245     
   36.521739130479418        7.1301823818539167E-002   5.1404838158866248E-002 -0.13937464846876421        5.9473289914829093E-009   6.5261921204894859     
   36.679841897278031        7.1319932165552560E-002   5.1405280672789051E-002 -0.13938855144952000        5.8768995460636159E-009   6.5529694924115054     
   36.837944664076645        7.1331886191473570E-002   5.1388769324017106E-002 -0.13937229162631509        5.9382269640682126E-009   6.5772739363130874     
   36.996047430875258        7.1345968884994199E-002   5.1294090741651130E-002 -0.13932665228699531        6.4179145379048286E-009   6.4720943700369746     
   37.154150197673872        7.1377853475305217E-002   5.1214945368239548E-002 -0.13930823318508673        6.6487470013174234E-009   6.4451059950621774     
   37.312252964472485        7.1413799382988100E-002   5.1228043714825679E-002 -0.13929645094397852        6.4969034058871809E-009   6.4214242753572499     
   37.470355731271091        7.1448922114133617E-002   5.1279463356662371E-002 -0.13926084121663918        6.3352175684552242E-009   6.4847439962386986     
   37.628458498069705        7.1496423203906145E-002   5.1318192484714469E-002 -0.13922223526444730        6.4879259501594807E-009   6.5839577060508310     
   37.786561264868318        7.1575300365163547E-002   5.1292718629041681E-002 -0.13922007041211484        7.6920560915031958E-009   6.5596775702621350     
   37.944664031666932        7.1633261327659056E-002   5.1245141900957206E-002 -0.13920268952460071        8.4598117903830498E-009   6.4897003925198851     
   38.102766798465545        7.1623414877216102E-002   5.1182233128909807E-002 -0.13912841496772455        8.4116648222831226E-009   6.4796128135714568     
   38.260869565264152        7.1576249634616326E-002   5.1064455000773792E-002 -0.13903445213371135        8.1812233794973068E-009   6.4671026848247024     
   38.418972332062765        7.1533998006154745E-002   5.0986467816817732E-002 -0.13896212646621442        8.0918108489858094E-009   6.4451401413729066     
   38.577075098861378        7.1457977665139769E-002   5.0991361287152689E-002 -0.13883245707972289        7.8460522550007093E-009   6.6879198883583548     
   38.735177865659992        7.1356153636817701E-002   5.0871787053988149E-002 -0.13866394616369651        7.7248653222172736E-009   6.5452638591433843     
   38.893280632458605        7.1279854465751052E-002   5.0765645669365853E-002 -0.13855871201725251        7.1652026011233097E-009   6.4862957231864966     
   39.051383399257219        7.1201727875981127E-002   5.0759212423532138E-002 -0.13847457506923605        6.5710128474503180E-009   6.5156237386956981     
   39.209486166055825        7.1157009832598497E-002   5.0682336891858921E-002 -0.13843692813016911        6.6304909867475357E-009   6.4715117773663886     
   39.367588932854439        7.1172266050374397E-002   5.0629048328959411E-002 -0.13845502962464296        6.6230408944230728E-009   6.6178597073321406     
   39.525691699653052        7.1221505850751460E-002   5.0576070379852879E-002 -0.13849460711985073        6.6818625927067352E-009   6.7145906593729698     
   39.683794466451666        7.1292140855966912E-002   5.0512174947886679E-002 -0.13856397031180118        6.7016534359289801E-009   6.7234020547124596     
   39.841897233250279        7.1357026968525292E-002   5.0406090268676609E-002 -0.13862965407503125        7.3425517503821858E-009   6.7406318533424248     
   40.000000000048892        7.1416486422029316E-002   5.0287207236144209E-002 -0.13869777519204762        7.1429751263200799E-009   6.6535630945245856     
   40.158102766847499        7.1446676618177038E-002   5.0255141725458231E-002 -0.13873727224028437        7.1909642489094540E-009   6.5993791041278378     
   40.316205533646112        7.1445757281551434E-002   5.0234917587899518E-002 -0.13870118099840348        7.5524527721429318E-009   6.6841917735901148     
   40.474308300444726        7.1408894167488107E-002   5.0165696987516217E-002 -0.13861587574794634        8.4191047750170555E-009   6.6942431780211527     
   40.632411067243339        7.1335944889300076E-002   5.0068205325538608E-002 -0.13849717376786819        8.7197998263987979E-009   6.7232513278589341     
   40.790513834041953        7.1222436528384531E-002   4.9963650398838384E-002 -0.13832600573428477        8.4590292130599188E-009   6.6191650807679530     
   40.948616600840559        7.1068457387154685E-002   4.9883484304061559E-002 -0.13806367375253895        8.0159998359789375E-009   6.5569042613593540     
   41.106719367639172        7.0903981759434936E-002   4.9805642436740703E-002 -0.13772182474099520        7.6146920282681117E-009   6.5440460644983620     
   41.264822134437786        7.0746543822932786E-002   4.9739778672812200E-002 -0.13739473429375731        7.7049859923718436E-009   6.6182910853660131     
   41.422924901236399        7.0628068845768457E-002   4.9667898150243958E-002 -0.13718492592927806        7.5438624263177591E-009   6.5534784974298290     
   41.581027668035013        7.0560400946675081E-002   4.9659418455181001E-002 -0.13705301109323437        7.3260094234865968E-009   6.6048350557600166     
   41.739130434833626        7.0519190908551771E-002   4.9646784429713015E-002 -0.13694340468048416        7.5278676048460348E-009   6.6818765464837790     
   41.897233201632233        7.0503288535424494E-002   4.9554035423755000E-002 -0.13686539983864293        7.7488261184306391E-009   6.5982902227529054     
   42.055335968430846        7.0515217597123467E-002   4.9511009736638328E-002 -0.13681597992685679        8.3146723916232761E-009   6.5947240653870551     
   42.213438735229460        7.0549717292434130E-002   4.9463724398907297E-002 -0.13678523780156576        8.8512175693976964E-009   6.6944238907587623     
   42.371541502028073        7.0578899213783630E-002   4.9382537409270531E-002 -0.13673827076529049        9.0261567726420365E-009   6.6588208019780790     
   42.529644268826686        7.0577976021399008E-002   4.9360274782069294E-002 -0.13663280985065138        8.8652452689588141E-009   6.7479438167325556     
   42.687747035625300        7.0516813717882112E-002   4.9285788477375178E-002 -0.13644207935606939        8.6221626545514579E-009   6.7708353759348867     
   42.845849802423906        7.0429768736413351E-002   4.9148478076062346E-002 -0.13623789717397669        8.7364618455046907E-009   6.6217273875618270     
   43.003952569222520        7.0308121427058889E-002   4.9011200792975905E-002 -0.13600988392542651        9.0023604835551358E-009   6.7165626568786054     
   43.162055336021133        7.0141652915608199E-002   4.8814774869140258E-002 -0.13574908255209139        8.7038281604159149E-009   6.6327563226986701     
   43.320158102819747        6.9971014101349274E-002   4.8615045419254863E-002 -0.13549054967089988        8.5751255619639104E-009   6.6112534790934410     
   43.478260869618360        6.9794708643099446E-002   4.8440030490522923E-002 -0.13519749477474052        8.2157875461941551E-009   6.4854448346795071     
   43.636363636416966        6.9616852716398864E-002   4.8352874745505599E-002 -0.13484100602356977        8.2572049305751166E-009   6.4861527095550962     
   43.794466403215580        6.9437450054875033E-002   4.8331137088823417E-002 -0.13447171656484247        8.3601591172947894E-009   6.5870934269143033     
   43.952569170014193        6.9265913305054813E-002   4.8247170725337823E-002 -0.13414565306840007        7.7645257346587648E-009   6.5409036888161154     
   44.110671936812807        6.9124311925762266E-002   4.8147471965514596E-002 -0.13389126594776227        7.7669455115175092E-009   6.5577905725136212     
   44.268774703611420        6.8980343608376113E-002   4.8047410795257144E-002 -0.13366757549490199        7.8375106332726006E-009   6.5610173323471193     
   44.426877470410034        6.8840051765936647E-002   4.7895504235487496E-002 -0.13345383663982952        8.2628880957289274E-009   6.4382171956293917     
   44.584980237208640        6.8716852617567090E-002   4.7786741740973138E-002 -0.13325125611260372        8.8830219530704965E-009   6.5019241128459422     
   44.743083004007254        6.8542593712370037E-002   4.7758431090676186E-002 -0.13296369231959115        8.4703398438733866E-009   6.6828342711306616     
   44.901185770805867        6.8302432885731068E-002   4.7681127682086065E-002 -0.13259856242793538        7.6090965288219138E-009   6.7773320997063697     
   45.059288537604480        6.8056583427570025E-002   4.7557684547404132E-002 -0.13225896046627966        7.6617266003896764E-009   6.7216774768075478     
   45.217391304403094        6.7846775946070623E-002   4.7449546058059358E-002 -0.13196399558163080        7.1380820388229367E-009   6.7272504773853230     
   45.375494071201707        6.7691782662061759E-002   4.7305481747390660E-002 -0.13169572682217692        7.6975415202438773E-009   6.6737964153141078     
   45.533596838000314        6.7609616306927592E-002   4.7188700210317694E-002 -0.13151887650273986        8.3176466445546348E-009   6.6483960200098879     
   45.691699604798927        6.7562986544108597E-002   4.7129017649397725E-002 -0.13140256509985776        8.0051473665066830E-009   6.5959904152292346     
   45.849802371597541        6.7522426494268678E-002   4.7099052839145436E-002 -0.13129359077531358        8.0833552723428831E-009   6.5274960202280914     
   46.007905138396154        6.7524154423086388E-002   4.7014989395832527E-002 -0.13122338902068476        8.6858305662139780E-009   6.6054097234240601     
   46.166007905194768        6.7512124141813637E-002   4.6950546336691143E-002 -0.13111465501150060        8.7510729344959232E-009   6.6332712328384806     
   46.324110671993374        6.7416884947803790E-002   4.6803786015633543E-002 -0.13086683054983184        8.4992175391527418E-009   6.4998140674842384     
   46.482213438791987        6.7277806696329323E-002   4.6711242336623951E-002 -0.13057190112381889        8.5225784031284542E-009   6.4615199237319789     
   46.640316205590601        6.7114000326803300E-002   4.6587362849085080E-002 -0.13028707174276574        8.6540437869158870E-009   6.4460544990758599     
   46.798418972389214        6.6953218398071931E-002   4.6469653996786063E-002 -0.13003743898475775        7.9654584749756419E-009   6.4237665509921538     
   46.956521739187828        6.6828831090556456E-002   4.6376296002579767E-002 -0.12986683652230771        7.9891482023384931E-009   6.4906755720584730     
   47.114624505986441        6.6749820115201364E-002   4.6282924219182293E-002 -0.12977128342384303        8.3781495759064559E-009   6.4714504735050333     
   47.272727272785048        6.6663354026848060E-002   4.6259545370448858E-002 -0.12965588416723445        8.1306748338659446E-009   6.5128424991007785     
   47.430830039583661        6.6557136094105115E-002   4.6188388184297782E-002 -0.12949572442748072        8.4434026280320318E-009   6.5219823125311631     
   47.588932806382275        6.6461702211985454E-002   4.6104977059818600E-002 -0.12934682726413385        8.8998115794034772E-009   6.6144846017469758     
   47.747035573180888        6.6365441704596975E-002   4.5926796716124853E-002 -0.12918623608929775        9.1083767476931915E-009   6.6745256461382292     
   47.905138339979501        6.6261253179265928E-002   4.5738086611749579E-002 -0.12897825860020062        9.0719845281405770E-009   6.5426425042629335     
   48.063241106778115        6.6175712931946046E-002   4.5570608067441239E-002 -0.12877401649564446        9.6571275816884474E-009   6.4952380764685547     
   48.221343873576721        6.6101526541432767E-002   4.5414610621863929E-002 -0.12858836126963899        9.4696028722636040E-009   6.4034545347459275     
   48.379446640375335        6.6010218807560236E-002   4.5325188748584586E-002 -0.12837394332701643        9.5446706374479483E-009   6.4062044462935228     
   48.537549407173948        6.5874350393773179E-002   4.5310297340661859E-002 -0.12806743092747735        9.2155887216943262E-009   6.6078311644433079     
   48.695652173972562        6.5717970460401412E-002   4.5208691899855512E-002 -0.12772324863823303        9.9745283496183597E-009   6.6748170611473343     
   48.853754940771175        6.5565307237592629E-002   4.4997373056813214E-002 -0.12742941340377517        9.9202705079622477E-009   6.5313573860891365     
   49.011857707569789        6.5413762013420779E-002   4.4736236738119613E-002 -0.12716787322037271        9.8743640206346241E-009   6.3820927151592715     
   49.169960474368395        6.5226030679833097E-002   4.4528952796555894E-002 -0.12687197498556102        1.0089749512267781E-008   6.4402068271336770     
   49.328063241167008        6.4993135615282638E-002   4.4365242208102333E-002 -0.12654862971371617        9.6356423849748692E-009   6.4140462998069712     
   49.486166007965622        6.4769574386259979E-002   4.4178884973984242E-002 -0.12627132873688054        9.2422238530706387E-009   6.4111393129679843     
   49.644268774764235        6.4596478859524742E-002   4.3983747021570853E-002 -0.12607447378393338        8.9108926008997045E-009   6.3029392978287149     
   49.802371541562849        6.4493097030623808E-002   4.3828766583890691E-002 -0.12594221535156491        9.1202560044847206E-009   6.2349381267807491     
   49.960474308361455        6.4419937196953228E-002   4.3742143978015617E-002 -0.12584779618552583        9.6432120556974592E-009   6.2642352566507258     
   50.118577075160069        6.4345518901977913E-002   4.3615339174018539E-002 -0.12577232099342545        1.0304562291035729E-008   6.3110655227896295     
   50.276679841958682        6.4254373726760239E-002   4.3472420004652658E-002 -0.12566271662875933        1.0374774333819064E-008   6.3127110677579701     
   50.434782608757295        6.4152322240506696E-002   4.3318533535109997E-002 -0.12553112354510074        1.0078142873600007E-008   6.2487485717666917     
   50.592885375555909        6.4042359023045420E-002   4.3314899308753513E-002 -0.12539723373161821        1.0036295774852286E-008   6.4033037011844156     
   50.750988142354522        6.3933892167307174E-002   4.3231818040946793E-002 -0.12526111612223129        9.3505094153754988E-009   6.3738970526333922     
   50.909090909153129        6.3866109622993619E-002   4.3072850589346776E-002 -0.12515818572819309        9.0016432090427010E-009   6.2213677850463753     
   51.067193675951742        6.3813569628552461E-002   4.2951399129094604E-002 -0.12507933210563052        9.1986962627097858E-009   6.2457949881482344     
   51.225296442750356        6.3763379122966327E-002   4.2813947797168454E-002 -0.12502498650642657        9.9980956373696497E-009   6.2320930903462877     
   51.383399209548969        6.3748774097918376E-002   4.2675124412630529E-002 -0.12502478569165251        1.0603138584367651E-008   6.2265803847924968     
   51.541501976347583        6.3767884602329530E-002   4.2568355493155602E-002 -0.12507540971053330        1.1110552436944562E-008   6.1960643320957187     
   51.699604743146196        6.3762034508773713E-002   4.2511895881481750E-002 -0.12509217605022815        1.1662407097172375E-008   6.2499824803607389     
   51.857707509944802        6.3712114513120560E-002   4.2417213424887162E-002 -0.12502641992205776        1.1698047326675668E-008   6.2738640153239107     
   52.015810276743416        6.3647511150652203E-002   4.2270444114203796E-002 -0.12492713450916498        1.0950703611085047E-008   6.1759039258658532     
   52.173913043542029        6.3580628342248036E-002   4.2122235475339886E-002 -0.12482934796150549        1.0725806486580362E-008   6.0992246669645036     
   52.332015810340643        6.3501695869600014E-002   4.1959705855129772E-002 -0.12471764884697090        1.1003900743263745E-008   6.0791176361440193     
   52.490118577139256        6.3393531933541566E-002   4.1863822561992649E-002 -0.12457426144817413        1.0710006043041557E-008   6.1330827038829563     
   52.648221343937863        6.3238061035196469E-002   4.1834472065867767E-002 -0.12438893630612019        1.0913457080461815E-008   6.2189815592096647     
   52.806324110736476        6.3074067698487432E-002   4.1807134757941747E-002 -0.12420765891083502        1.0369318087062935E-008   6.2769357673097508     
   52.964426877535089        6.2922164993243920E-002   4.1728315815119738E-002 -0.12404305931453453        1.0441395556834319E-008   6.1416493196161905     
   53.122529644333703        6.2789196553070400E-002   4.1672324530448945E-002 -0.12389709138228441        1.0295598068805740E-008   6.0950181872373586     
   53.280632411132316        6.2702620565294326E-002   4.1652678576124855E-002 -0.12380829279801375        1.0643367680684252E-008   6.1671056718116208     
   53.438735177930930        6.2656930323324533E-002   4.1626090075124321E-002 -0.12375119814775151        1.0796019716528135E-008   6.1338923942506938     
   53.596837944729536        6.2615779425856749E-002   4.1585269055128875E-002 -0.12365980136060273        1.1256676649666452E-008   6.1095360516465664     
   53.754940711528150        6.2597365238444433E-002   4.1483362167350900E-002 -0.12358075285066948        1.1571617777289323E-008   6.1394029904808791     
   53.913043478326763        6.2639328528072649E-002   4.1353670169082743E-002 -0.12357694043594926        1.1830776074211868E-008   6.1250665785785383     
   54.071146245125377        6.2698838718751260E-002   4.1244843950311270E-002 -0.12359912760638081        1.1503801238908058E-008   6.0948505078719775     
   54.229249011923990        6.2749131554713650E-002   4.1157595961191895E-002 -0.12362753858764484        1.1012290104652093E-008   6.0546361664794572     
   54.387351778722604        6.2794567946729621E-002   4.1112418098438804E-002 -0.12367456548036057        1.1095066027303191E-008   6.0433468760411619     
   54.545454545521210        6.2816061919181335E-002   4.1115609407368865E-002 -0.12371831880742157        1.1419117588234586E-008   6.1425423555974579     
   54.703557312319823        6.2825362939479934E-002   4.1121652697199196E-002 -0.12376011063005068        1.1717479463319426E-008   6.2800547847898622     
   54.861660079118437        6.2824193186630600E-002   4.1058718656869442E-002 -0.12378004323059194        1.1667549720760592E-008   6.2637162612776036     
   55.019762845917050        6.2816610894062944E-002   4.0910435789759100E-002 -0.12377490021953365        1.1190622117270564E-008   6.1203513891887180     
   55.177865612715664        6.2828985144049207E-002   4.0771954088839782E-002 -0.12376864915131752        1.0781858885109559E-008   6.0541294619848323     
   55.335968379514270        6.2888835969955037E-002   4.0646649611006953E-002 -0.12380680850077697        1.0992572995001542E-008   6.0524059987940975     
   55.494071146312884        6.2998012225237668E-002   4.0562927717075543E-002 -0.12389976552823342        1.1199679196661514E-008   6.1173441372550412     
   55.652173913111497        6.3106088197431590E-002   4.0508152399261026E-002 -0.12396217976919588        1.1031297550613127E-008   6.1959780192506395     
   55.810276679910110        6.3195530287665377E-002   4.0419320323917478E-002 -0.12398461024943033        1.1377465924456337E-008   6.2007862475694351     
   55.968379446708724        6.3289368680553112E-002   4.0288178348666971E-002 -0.12402642397716773        1.2611941926418579E-008   6.3024471814912442     
   56.126482213507337        6.3367219344010045E-002   4.0178833552887101E-002 -0.12406184605874254        1.2337145404279799E-008   6.1769401224253899     
   56.284584980305944        6.3406834082092883E-002   4.0075033068624921E-002 -0.12405903019306579        1.2315755750045654E-008   6.1515108106144929     
   56.442687747104557        6.3428559748374649E-002   3.9936983700274535E-002 -0.12404237119268918        1.2579996288340651E-008   6.1070187895556050     
   56.600790513903171        6.3414968883923645E-002   3.9822905453231972E-002 -0.12398526406445212        1.2417553752015962E-008   6.1429051473584115     
   56.758893280701784        6.3367041188244197E-002   3.9685483819764271E-002 -0.12388737526674620        1.2447900185273025E-008   6.0784820955963639     
   56.916996047500398        6.3309353069620017E-002   3.9567661878063098E-002 -0.12379362081915293        1.1916595482738306E-008   6.0465672674226516     
   57.075098814299011        6.3248231022700663E-002   3.9460568417760161E-002 -0.12372018322410763        1.1912791110611788E-008   6.0886213726531198     
   57.233201581097617        6.3194909228395671E-002   3.9348038692841994E-002 -0.12367074633489628        1.1876094621032775E-008   6.1297521766069805     
   57.391304347896231        6.3144267212948885E-002   3.9198450834475977E-002 -0.12361330599111650        1.1375631148972631E-008   6.0580020371841696     
   57.549407114694844        6.3100395034197523E-002   3.9046933659783373E-002 -0.12355521791112621        1.1425220586247182E-008   5.9807693676628970     
   57.707509881493458        6.3076849263341811E-002   3.8910900635068087E-002 -0.12353603025236634        1.1650849727595703E-008   5.9628328245765196     
   57.865612648292071        6.3062479330196888E-002   3.8822573369210189E-002 -0.12354382206813722        1.1379065365957190E-008   6.0334765574986191     
   58.023715415090678        6.3032839103462218E-002   3.8755666753038133E-002 -0.12352220148839080        1.0688616327856395E-008   6.0246110636307613     
   58.181818181889291        6.3008256837187915E-002   3.8675470410372739E-002 -0.12349843589994051        1.0550631908116347E-008   5.9951300110173769     
   58.339920948687904        6.2993969323002968E-002   3.8576936194498805E-002 -0.12348722485113264        1.0469996357091171E-008   6.0244353708487965     
   58.498023715486518        6.2990020117437082E-002   3.8483269993314653E-002 -0.12349171077101309        1.0805702100577400E-008   6.0382291893966222     
   58.656126482285131        6.3012550049331220E-002   3.8447779519750230E-002 -0.12353432973469579        1.1061552613058053E-008   6.0502010950064165     
   58.814229249083745        6.3031526432810500E-002   3.8445945545318660E-002 -0.12357543727473734        1.1714306952924104E-008   6.1533395553860677     
   58.972332015882351        6.3046868100308892E-002   3.8402183659386489E-002 -0.12360072955684812        1.1714806948683893E-008   6.1601996011252727     
   59.130434782680965        6.3062775358040987E-002   3.8319752121505700E-002 -0.12361045913700042        1.1756193072412577E-008   6.1464455761051546     
   59.288537549479578        6.3082170239718308E-002   3.8203007061909627E-002 -0.12361657599978951        1.2098368591808609E-008   6.1170948200650921     
   59.446640316278192        6.3103299526813414E-002   3.8120416053751403E-002 -0.12362519189224189        1.1327920147057840E-008   6.1545494007117467     
   59.604743083076805        6.3110617304001512E-002   3.8084204195680434E-002 -0.12361867824198502        1.1428630387970010E-008   6.1828938292690010     
   59.762845849875418        6.3122419045808273E-002   3.8027053482501710E-002 -0.12361151728633923        1.1555404604068393E-008   6.1626182466430492     
   59.920948616674025        6.3128519558204352E-002   3.7983576529386671E-002 -0.12359310844100807        1.1805718493335872E-008   6.1934234018688841     
   60.079051383472638        6.3128261674091413E-002   3.7903803207193838E-002 -0.12356844302212347        1.1741452724857096E-008   6.1088923165583067     
   60.237154150271252        6.3134957386597412E-002   3.7832308066405161E-002 -0.12354989485665022        1.1105482839511448E-008   6.0567966590551299     
   60.395256917069865        6.3146453437597352E-002   3.7779189843300309E-002 -0.12353780365298911        1.0735542477790598E-008   6.0787229722166147     
   60.553359683868479        6.3167248037707915E-002   3.7690476908600702E-002 -0.12354557078075987        1.0686436764456794E-008   6.1722205864656710     
   60.711462450667085        6.3207716385076190E-002   3.7535682630053718E-002 -0.12358293583695318        1.1073127408646585E-008   6.1224797107924260     
   60.869565217465698        6.3270403342557138E-002   3.7423165166276917E-002 -0.12364202515263661        1.1475310466780620E-008   6.1599514109819928     
   61.027667984264312        6.3315641037518564E-002   3.7378687508015089E-002 -0.12366669793842835        1.2146820312289332E-008   6.2047467858002436     
   61.185770751062925        6.3322667965574550E-002   3.7346550394862517E-002 -0.12362752941217153        1.2266758111481201E-008   6.2281745831029189     
   61.343873517861539        6.3306315437598751E-002   3.7261977463272727E-002 -0.12355215843652308        1.2820064919118183E-008   6.2117185032200375     
   61.501976284660152        6.3294933911859586E-002   3.7126815197252770E-002 -0.12348377642803951        1.2577427199270688E-008   6.1208436040595942     
   61.660079051458759        6.3288927671945328E-002   3.7053008637693903E-002 -0.12342209340969457        1.2314291708592033E-008   6.1022500713228540     
   61.818181818257372        6.3280239903933597E-002   3.6994125694933475E-002 -0.12335561477402196        1.2365286497750954E-008   6.1045871837228791     
   61.976284585055986        6.3272779719033667E-002   3.6936056630640479E-002 -0.12329140297112889        1.2268218516131990E-008   6.0966940247865331     
   62.134387351854599        6.3264540792127233E-002   3.6892785440541434E-002 -0.12323643410147733        1.2451126038422140E-008   6.1475577693364043     
   62.292490118653213        6.3256383303939803E-002   3.6837184980025729E-002 -0.12320089086556599        1.2448573010515903E-008   6.1236541294880471     
   62.450592885451826        6.3251915062497097E-002   3.6806219259847277E-002 -0.12318796269263935        1.2830996040541299E-008   6.1142935111858421     
   62.608695652250432        6.3247857854034528E-002   3.6751556223432562E-002 -0.12318570904053495        1.3788585484300328E-008   6.1200692540780732     
   62.766798419049046        6.3227359763104396E-002   3.6703200186684090E-002 -0.12315968460762947        1.4650968165374052E-008   6.1615247313296582     
   62.924901185847659        6.3168769192399596E-002   3.6662335346752235E-002 -0.12308568340320521        1.4361777601731938E-008   6.1612422599176231     
   63.083003952646273        6.3071435003216714E-002   3.6612374051079394E-002 -0.12295340480734712        1.3899119111108598E-008   6.1204526459184221     
   63.241106719444886        6.2949435160220182E-002   3.6562844732570210E-002 -0.12278070778430997        1.3133709013472302E-008   6.0925367529220340     
   63.399209486243500        6.2826655149225558E-002   3.6525018007237071E-002 -0.12260814112629567        1.2109348465879680E-008   6.1236875262335628     
   63.557312253042106        6.2735195446481679E-002   3.6462381881926680E-002 -0.12245652803412753        1.2014552874888041E-008   6.1677444562599106     
   63.715415019840719        6.2673755915594376E-002   3.6368616695356196E-002 -0.12232932439279379        1.2207684790737114E-008   6.1005137270215481     
   63.873517786639333        6.2626167966012100E-002   3.6289788672728598E-002 -0.12223054555414616        1.3084855788482643E-008   6.0637631902728453     
   64.031620553437946        6.2578386361966998E-002   3.6243453880334321E-002 -0.12213414817073998        1.3550691791697321E-008   6.0561647799306861     
   64.189723320236553        6.2500189741041642E-002   3.6221704614183413E-002 -0.12199629211918764        1.3791122233832662E-008   6.1216051366844058     
   64.347826087035173        6.2401610858832890E-002   3.6147377839309894E-002 -0.12182803918301910        1.3425382587236172E-008   6.0977968858674716     
   64.505928853833780        6.2318262065266312E-002   3.6061513632536978E-002 -0.12166954996218354        1.2600469593744612E-008   6.1285617971678619     
   64.664031620632400        6.2255595305267093E-002   3.6027438154162775E-002 -0.12153150049630784        1.2025387473164838E-008   6.1664548719046310     
   64.822134387431007        6.2198091239639479E-002   3.5992894515513678E-002 -0.12139361589614400        1.1886222388989388E-008   6.1712245833359338     
   64.980237154229613        6.2153578477942381E-002   3.5918498648615182E-002 -0.12127890971597592        1.2040677231860499E-008   6.0670321583938129     
   65.138339921028233        6.2107970004418790E-002   3.5850764260782403E-002 -0.12117128814733771        1.2145381716935864E-008   6.0041075994891653     
   65.296442687826840        6.2033342126631121E-002   3.5802178202974086E-002 -0.12102307328778564        1.1781513664888118E-008   6.0487477685428344     
   65.454545454625460        6.1945516847633275E-002   3.5742874042234384E-002 -0.12085406346836594        1.1311927827310504E-008   6.0444576230257825     
   65.612648221424067        6.1873748223615764E-002   3.5677649242086523E-002 -0.12070226866233691        1.0723129766007019E-008   6.0090545007558012     
   65.770750988222673        6.1822097585668916E-002   3.5656037870032652E-002 -0.12059453283321003        1.0979174201738536E-008   6.0153030938458150     
   65.928853755021294        6.1762027033426009E-002   3.5666590982062499E-002 -0.12050431240130172        1.1287908026143482E-008   6.0873118318369484     
   66.086956521819900        6.1688087377206095E-002   3.5623258716245887E-002 -0.12040802731661432        1.1395972796600995E-008   6.0615406921403645     
   66.245059288618521        6.1616305745260960E-002   3.5592847782862855E-002 -0.12032269910358029        1.0656575706580809E-008   6.0757063592134868     
   66.403162055417127        6.1542836613697458E-002   3.5551835559159341E-002 -0.12023248663569139        1.0877252251030507E-008   6.0065387529827161     
   66.561264822215733        6.1488736770151417E-002   3.5467837222478794E-002 -0.12013397700973036        1.1692268878727857E-008   5.9071225749053280     
   66.719367589014354        6.1452349331345586E-002   3.5474458219554326E-002 -0.12003429204526386        1.1669141746712648E-008   5.9923205161401381     
   66.877470355812960        6.1415407131515942E-002   3.5526128473786653E-002 -0.11992676675088640        1.1786144956879047E-008   6.0719035884156467     
   67.035573122611581        6.1387670477137064E-002   3.5592523171563827E-002 -0.11983182144576854        1.1783444554971636E-008   6.1487294243584554     
   67.193675889410187        6.1371818007154119E-002   3.5616365426730447E-002 -0.11976071899914270        1.2570513015926116E-008   6.2014401582779479     
   67.351778656208808        6.1392425891659094E-002   3.5606222924246492E-002 -0.11974733352025202        1.3067064022394568E-008   6.1947742836664528     
   67.509881423007414        6.1452621163884696E-002   3.5603393863652112E-002 -0.11980406604488968        1.2718646020640306E-008   6.2354220798925661     
   67.667984189806020        6.1515857969656008E-002   3.5564005582606459E-002 -0.11986585307507662        1.3044372754392575E-008   6.1112255648706366     
   67.826086956604641        6.1561112417485679E-002   3.5543244385247814E-002 -0.11989948743170903        1.2990944813704392E-008   6.0868602600551753     
   67.984189723403247        6.1584635917654812E-002   3.5515837287616744E-002 -0.11990388152452314        1.2624002886812501E-008   6.1487167535938676     
   68.142292490201868        6.1595501242613086E-002   3.5487349726130345E-002 -0.11988410423663161        1.1944441263857668E-008   6.1684673701000881     
   68.300395257000474        6.1600275015491736E-002   3.5489855710876803E-002 -0.11985449858954997        1.2349520384610353E-008   6.2286051690249256     
   68.458498023799081        6.1611618967216467E-002   3.5486033332077782E-002 -0.11983586918485328        1.3007756376068707E-008   6.2826147846999003     
   68.616600790597701        6.1626505180087235E-002   3.5501749527012703E-002 -0.11982521295511031        1.2617265943969477E-008   6.2931417955244759     
   68.774703557396307        6.1647679554788441E-002   3.5536761229691856E-002 -0.11982688711847363        1.1538155481123984E-008   6.3721086582939579     
   68.932806324194928        6.1693853721300144E-002   3.5501409656717775E-002 -0.11985433209621389        1.1630662669250102E-008   6.3259636943110955     
   69.090909090993534        6.1763291560395221E-002   3.5433412573652651E-002 -0.11990317394753078        1.2255189701435261E-008   6.1959274643672657     
   69.249011857792155        6.1833750775700247E-002   3.5382458762464951E-002 -0.11995059375953793        1.3177732733030058E-008   6.2149199845787670     
   69.407114624590761        6.1893667046860092E-002   3.5349130650109986E-002 -0.11999998899932335        1.3424828878246374E-008   6.2607738351202125     
   69.565217391389368        6.1920560410125031E-002   3.5309614228462974E-002 -0.12003016040613251        1.3448408337576757E-008   6.2585950108868778     
   69.723320158187988        6.1935370304248373E-002   3.5202051696056530E-002 -0.12005169133070458        1.3140206435618235E-008   6.1931575143324853     
   69.881422924986595        6.1966346426544958E-002   3.5107694601502891E-002 -0.12009649695839744        1.2789739864495619E-008   6.1538367224551624     
   70.039525691785215        6.1998356382708418E-002   3.5069907812198320E-002 -0.12014600224938375        1.2631795090134009E-008   6.1607204051782762     
   70.197628458583821        6.1999538674899601E-002   3.5074320184690089E-002 -0.12015647272593132        1.2851190778631686E-008   6.1861401433282266     
   70.355731225382428        6.1961723730084420E-002   3.5020184535777529E-002 -0.12010881718990388        1.2689136889015893E-008   6.1562208507821676     
   70.513833992181048        6.1923181964692355E-002   3.4945075798685318E-002 -0.12005479523444873        1.1961715197547941E-008   6.0902722484856175     
   70.671936758979655        6.1899585623252242E-002   3.4877249006007388E-002 -0.12001304763045351        1.1973523896555242E-008   6.0892248333902579     
   70.830039525778275        6.1893739911583881E-002   3.4837570683117956E-002 -0.11998930084737310        1.1942734378805584E-008   6.1876829208530602     
   70.988142292576882        6.1904581614273681E-002   3.4804370926442986E-002 -0.11999235910611765        1.1499896209302608E-008   6.1669504839973639     
   71.146245059375488        6.1925638179153239E-002   3.4771215699622299E-002 -0.12000361134250632        1.1237951785430030E-008   6.1620237818764210     
   71.304347826174109        6.1975269875557043E-002   3.4730302264255303E-002 -0.12003847270605830        1.1159704150136678E-008   6.1721442477519544     
   71.462450592972715        6.2044157921096285E-002   3.4709486775662907E-002 -0.12008614211396861        1.1178654617852883E-008   6.0994101733112940     
   71.620553359771336        6.2113384246350233E-002   3.4697911611299731E-002 -0.12013232994426754        1.1265678907838403E-008   6.0553212102633536     
   71.778656126569942        6.2184543534772312E-002   3.4715714199602309E-002 -0.12018285552462626        1.1259182836293862E-008   6.0945001439341047     
   71.936758893368562        6.2254511763066012E-002   3.4714778689077928E-002 -0.12023908774009223        1.1642546730665650E-008   6.0895815707461134     
   72.094861660167169        6.2331377244736537E-002   3.4717696679426771E-002 -0.12030460684558378        1.2192259159822871E-008   6.0737116466992669     
   72.252964426965775        6.2387268862869320E-002   3.4749373566266999E-002 -0.12034063577325363        1.2601407739796863E-008   6.0852538375768459     
   72.411067193764396        6.2412680357670079E-002   3.4760570570477593E-002 -0.12034674995162277        1.2345550562711423E-008   6.0854713599237007     
   72.569169960563002        6.2432902764181911E-002   3.4746034672708384E-002 -0.12036001342343092        1.1502809546661744E-008   6.0996752403031822     
   72.727272727361623        6.2455542670813637E-002   3.4753891134445249E-002 -0.12037089361349496        1.0677284118217508E-008   6.1258546049283984     
   72.885375494160229        6.2473468812356860E-002   3.4756408597079298E-002 -0.12037126927345521        1.0976987277332831E-008   6.1596862331911542     
   73.043478260958835        6.2496060281564236E-002   3.4717775251856840E-002 -0.12038228866512485        1.1734566183906741E-008   6.1451954059207994     
   73.201581027757456        6.2513751541059995E-002   3.4679501348010580E-002 -0.12038827079102563        1.2115773678462634E-008   6.1705463485666447     
   73.359683794556062        6.2503388711890595E-002   3.4626595821602484E-002 -0.12037194838662874        1.1283154145389035E-008   6.1534933257928568     
   73.517786561354683        6.2477571641437329E-002   3.4583538236783659E-002 -0.12034656193672771        9.8560398096027912E-009   6.1441157858908566     
   73.675889328153289        6.2449376467459378E-002   3.4514058623997979E-002 -0.12030282094895894        9.5626010460877802E-009   6.0553285466275559     
   73.833992094951896        6.2441078939313395E-002   3.4472213624634665E-002 -0.12027196204387437        9.5028943581541771E-009   6.0446605845823562     
   73.992094861750516        6.2443922221632690E-002   3.4451314913583879E-002 -0.12027144841941567        9.7041857594246999E-009   6.0727993672561986     
   74.150197628549122        6.2449833637878295E-002   3.4397072578454854E-002 -0.12029254458575195        9.7423988700984998E-009   6.0225320988554305     
   74.308300395347743        6.2459099465419471E-002   3.4359521998553140E-002 -0.12032848478434059        9.8385409361053192E-009   6.0109029754931118     
   74.466403162146349        6.2439425743437381E-002   3.4367006224007762E-002 -0.12033013783994234        9.6484342637584373E-009   6.1475661314029608     
   74.624505928944970        6.2393503826759032E-002   3.4326753932613703E-002 -0.12029208963272928        9.3171152370682648E-009   6.1293047991948200     
   74.782608695743576        6.2369172757475236E-002   3.4245005425346489E-002 -0.12026889245496447        9.0154708573823077E-009   6.0689986617442893     
   74.940711462542183        6.2369436091256107E-002   3.4217756123742220E-002 -0.12026797608427783        8.9305321698474705E-009   6.0418912614666285     
   75.098814229340803        6.2372094676897860E-002   3.4233712188619626E-002 -0.12026647186499981        9.2766361671618122E-009   6.0898013326685838     
   75.256916996139410        6.2369431930418877E-002   3.4217021690555849E-002 -0.12023603831931731        9.6510104498942920E-009   6.1363200531677213     
   75.415019762938030        6.2357197748576031E-002   3.4201701302341340E-002 -0.12018651504337174        9.8070998641785798E-009   6.1836601621390068     
   75.573122529736636        6.2332150351896751E-002   3.4186857936759144E-002 -0.12014023603373850        1.0363779726462744E-008   6.2336788949854851     
   75.731225296535243        6.2303503338436657E-002   3.4173365975511898E-002 -0.12010703454661770        1.0878251861133894E-008   6.1250250919234110     
   75.889328063333863        6.2262663336205920E-002   3.4157569910104567E-002 -0.12006676944986225        1.1222822464934802E-008   6.1709742578954163     
   76.047430830132470        6.2188885886413352E-002   3.4123678620257468E-002 -0.11997481618425612        1.1042149517428530E-008   6.2163613125613928     
   76.205533596931090        6.2107817887743749E-002   3.4061323752248220E-002 -0.11986526925281321        1.0115551484188820E-008   6.1926956837150087     
   76.363636363729697        6.2024468601226256E-002   3.4023479276783855E-002 -0.11975596320328960        1.0523016134101472E-008   6.1790026055911582     
   76.521739130528303        6.1931974264882929E-002   3.4014189154938236E-002 -0.11964634059990993        1.0602380368562218E-008   6.1462054191660123     
   76.679841897326924        6.1798085520821507E-002   3.4033741749464788E-002 -0.11948877031708696        1.0559844892378992E-008   6.2631769608813421     
   76.837944664125530        6.1643980560750079E-002   3.3994463923599720E-002 -0.11928798081752616        1.0386589872956303E-008   6.2018160873357404     
   76.996047430924150        6.1508263119376745E-002   3.3996154369037676E-002 -0.11908437704377339        1.0451715890385718E-008   6.2655648473323344     
   77.154150197722757        6.1377675167534416E-002   3.4007727403940147E-002 -0.11887347322290300        1.0132882557406164E-008   6.3253175856951707     
   77.312252964521377        6.1247248693220180E-002   3.3995205353497086E-002 -0.11864908326705700        1.0666017390997793E-008   6.2446292465117965     
   77.470355731319984        6.1109712881612606E-002   3.3986381205974324E-002 -0.11841294479890166        9.8174050303859086E-009   6.3426923907849710     
   77.628458498118590        6.0970852163108859E-002   3.3963735097931089E-002 -0.11819993512267908        9.2993608516214075E-009   6.2475868067535840     
   77.786561264917211        6.0837550038774620E-002   3.3932671576316707E-002 -0.11801902982386023        1.0530280570346481E-008   6.2799348026246768     
   77.944664031715817        6.0708690986219109E-002   3.3867283769007640E-002 -0.11785867742209633        1.1217392888146987E-008   6.2286508166073080     
   78.102766798514438        6.0598118217050058E-002   3.3840304655006613E-002 -0.11772673526861679        1.1443028830664910E-008   6.1328497343393176     
   78.260869565313044        6.0485997189637597E-002   3.3886660040721002E-002 -0.11757269233280013        1.1864110989409096E-008   6.2680548852584312     
   78.418972332111650        6.0373635150068175E-002   3.3904744883016195E-002 -0.11740606949234830        1.1822806673511277E-008   6.3009796189632441     
   78.577075098910271        6.0287972461684457E-002   3.3874478008731529E-002 -0.11729326010332780        1.1697273814434249E-008   6.2136821893734870     
   78.735177865708877        6.0240050925580588E-002   3.3877315072580634E-002 -0.11725443184018147        1.0615456636080627E-008   6.2409015107465571     
   78.893280632507498        6.0215583682557229E-002   3.3902896746965401E-002 -0.11726516105639631        9.7454150977293104E-009   6.3328004753092157     
   79.051383399306104        6.0238154745742518E-002   3.3890172312346180E-002 -0.11734235198256801        1.0473125381511364E-008   6.2481266468424108     
   79.209486166104710        6.0320919483878695E-002   3.3884136701892935E-002 -0.11749988053222515        1.1378964459903053E-008   6.3340040714682848     
   79.367588932903331        6.0421220456089400E-002   3.3909892306248184E-002 -0.11768568009153343        1.2818068372787759E-008   6.3847383831643674     
   79.525691699701937        6.0517501112250432E-002   3.3914559889628777E-002 -0.11786919841890109        1.3256810744782132E-008   6.3535469704340457     
   79.683794466500558        6.0606719434699308E-002   3.3937314997248641E-002 -0.11803916712277826        1.3244895834360171E-008   6.3113489508281484     
   79.841897233299164        6.0679812859728524E-002   3.3969154256540908E-002 -0.11817676937301613        1.3153196066724853E-008   6.2770666878790200     
   80.000000000097785        6.0731509994658782E-002   3.4021685980494216E-002 -0.11827534284812746        1.3541773539015296E-008   6.4017991566590586     
   80.158102766896391        6.0771216693984831E-002   3.4081216142173396E-002 -0.11834173454561911        1.3400301466158178E-008   6.3982257586483051     
   80.316205533694998        6.0791568779791291E-002   3.4180207581638936E-002 -0.11838233489763392        1.3830864220094017E-008   6.5409382146314723     
   80.474308300493618        6.0773029778427884E-002   3.4256116560800277E-002 -0.11837668017317599        1.4100630605795275E-008   6.5761195591694790     
   80.632411067292225        6.0738941452658027E-002   3.4315893378619615E-002 -0.11834850655675921        1.3909898464496784E-008   6.6133536640890282     
   80.790513834090845        6.0712236523809117E-002   3.4338978656207012E-002 -0.11833700552729381        1.4154871053732834E-008   6.6459885347908862     
   80.948616600889451        6.0708509429823011E-002   3.4342532452672943E-002 -0.11835447560690611        1.3417801690911199E-008   6.5629408646664009     
   81.106719367688058        6.0731295542554783E-002   3.4351766636864102E-002 -0.11839973367038834        1.3670146855257642E-008   6.5456037656818991     
   81.264822134486678        6.0763906039069553E-002   3.4365851768267709E-002 -0.11845988867190624        1.4758174161918512E-008   6.4717505945796754     
   81.422924901285285        6.0785535007734495E-002   3.4406588978911690E-002 -0.11851593508360583        1.5109470238036905E-008   6.5406823651885704     
   81.581027668083905        6.0797147346028889E-002   3.4444979714657931E-002 -0.11856583456502906        1.5101548355238584E-008   6.4913178182874960     
   81.739130434882512        6.0818889896225740E-002   3.4478054916912901E-002 -0.11862099230952704        1.4506439234378910E-008   6.4810446424256458     
   81.897233201681118        6.0857764382810993E-002   3.4525917063418912E-002 -0.11870085075007863        1.4010787865795752E-008   6.4392859865079757     
   82.055335968479739        6.0905628170514099E-002   3.4604936250489486E-002 -0.11880852962305813        1.3970560285450802E-008   6.4257820161940220     
   82.213438735278345        6.0959635538160320E-002   3.4644285033588823E-002 -0.11893690669091984        1.4085644484120806E-008   6.3944052391485329     
   82.371541502076965        6.1041657374476789E-002   3.4657935275263896E-002 -0.11908644044886943        1.4859686608278390E-008   6.3241905295138778     
   82.529644268875572        6.1140097185625290E-002   3.4695225675694850E-002 -0.11924459488143578        1.5380322798217224E-008   6.3429025126481760     
   82.687747035674192        6.1234642836280398E-002   3.4754310006370553E-002 -0.11940417705129688        1.5593412174622375E-008   6.3562461031426585     
   82.845849802472799        6.1320868151579930E-002   3.4781203497520743E-002 -0.11955658125228552        1.5751026706805139E-008   6.2545552569455882     
   83.003952569271405        6.1379238575526365E-002   3.4824625943004915E-002 -0.11966375737437426        1.6161876954971867E-008   6.2493974675357178     
   83.162055336070026        6.1392960049457941E-002   3.4853150107176878E-002 -0.11969779644505617        1.6147998489846151E-008   6.2589230109077203     
   83.320158102868632        6.1379267590630053E-002   3.4854572452997751E-002 -0.11969170894542039        1.5534037609669372E-008   6.1405619856697706     
   83.478260869667253        6.1362910278041118E-002   3.4877513139297468E-002 -0.11969313480353817        1.4754165185111684E-008   6.0753636043508523     
   83.636363636465859        6.1336731351179404E-002   3.4951696633496503E-002 -0.11969598749894986        1.4202967413187062E-008   6.1200220491892114     
   83.794466403264465        6.1294182852031150E-002   3.5005664141247846E-002 -0.11968162967689729        1.3967313829939151E-008   6.1286733085041218     
   83.952569170063086        6.1256818900411250E-002   3.5036940406094091E-002 -0.11966872070788870        1.3779273152406941E-008   6.0904596046516515     
   84.110671936861692        6.1231961413970033E-002   3.5110299765563117E-002 -0.11967314564556039        1.3479661843896450E-008   6.1808156990898846     
   84.268774703660313        6.1225940450548952E-002   3.5143919442398683E-002 -0.11970260287869433        1.2867739149912825E-008   6.1539746749084010     
   84.426877470458919        6.1261882106973226E-002   3.5124591498676146E-002 -0.11977439370277135        1.3113515823647587E-008   6.0520647551535571     
   84.584980237257525        6.1339251623396311E-002   3.5111633679994134E-002 -0.11989153635920158        1.3318407351730337E-008   6.0235088864001209     
   84.743083004056146        6.1424758009770375E-002   3.5133233721896112E-002 -0.12001248982915741        1.3273301867548053E-008   6.1071590421366491     
   84.901185770854752        6.1489987837115304E-002   3.5149419511554716E-002 -0.12010991182566447        1.2881038006702795E-008   6.1142638696992826     
   85.059288537653373        6.1521377304457781E-002   3.5143648877417541E-002 -0.12017042398046016        1.2727182556526574E-008   6.1012817695851176     
   85.217391304451979        6.1526358938368331E-002   3.5109074892744306E-002 -0.12019458261390328        1.2632045732983800E-008   6.0571735869321888     
   85.375494071250600        6.1513403186807029E-002   3.5064869769863151E-002 -0.12018619698480104        1.2921032659989470E-008   5.9912671916795217     
   85.533596838049206        6.1484595485500733E-002   3.5041788745256423E-002 -0.12014895676931651        1.2680329868688614E-008   5.9985513214970485     
   85.691699604847813        6.1435260889204042E-002   3.5070095026816107E-002 -0.12007467951818461        1.1812720246066940E-008   6.0901550915225879     
   85.849802371646433        6.1380719018612924E-002   3.5067207573878087E-002 -0.11999206570313914        1.1080711221009371E-008   6.0990793352297938     
   86.007905138445039        6.1361776175250300E-002   3.5030303216960199E-002 -0.11996439776592413        1.0836121767606851E-008   6.0480940766837685     
   86.166007905243660        6.1389808960823453E-002   3.4994008611482830E-002 -0.12000147275181333        1.1189498337897680E-008   6.0065151459704937     
   86.324110672042266        6.1456607639911995E-002   3.4960681324456164E-002 -0.12009440217476158        1.1663019879167120E-008   6.0189286454072262     
   86.482213438840873        6.1548541579330873E-002   3.4950891300528808E-002 -0.12023404545553534        1.2110305140962861E-008   5.9804178997760378     
   86.640316205639493        6.1635145037641170E-002   3.4983379553735712E-002 -0.12037201895104038        1.2379393255275741E-008   5.9978638587143021     
   86.798418972438100        6.1717128155835209E-002   3.4999420888058186E-002 -0.12050554494410477        1.2924209644890380E-008   5.9976719704669739     
   86.956521739236720        6.1815238029597062E-002   3.5007933818399499E-002 -0.12066416899355158        1.3023786099205436E-008   6.0045524013751113     
   87.114624506035327        6.1908812861907719E-002   3.5017589260989211E-002 -0.12081307046355752        1.2978224288498609E-008   5.9817873225427736     
   87.272727272833933        6.1990732399482627E-002   3.5007048191771820E-002 -0.12093719260049876        1.2790131793128663E-008   5.9541678451860589     
   87.430830039632554        6.2065716553591117E-002   3.4993374498744144E-002 -0.12104729120587948        1.3112204583019530E-008   5.9521719861959257     
   87.588932806431160        6.2115079255492554E-002   3.4999156497163571E-002 -0.12112842000765250        1.3037634303135952E-008   5.9779620929115644     
   87.747035573229780        6.2130790901636104E-002   3.5038130731577022E-002 -0.12116810018248581        1.2921866883958363E-008   5.9970066644588114     
   87.905138340028387        6.2127759576094614E-002   3.5065707954585565E-002 -0.12116779887496340        1.2433818139463987E-008   6.0068177549402124     
   88.063241106827007        6.2120547815726533E-002   3.5075979351869083E-002 -0.12114496803338115        1.2174824158148795E-008   6.0187055395209015     
   88.221343873625614        6.2122687573662468E-002   3.5068906893768473E-002 -0.12113576557554308        1.1367314786735930E-008   6.0405765748595925     
   88.379446640424220        6.2150468194641907E-002   3.5033722508800116E-002 -0.12117805247500095        1.1253323814491120E-008   5.9825696343252908     
   88.537549407222841        6.2195590634718974E-002   3.5009113842449154E-002 -0.12125458048108514        1.1377721738697508E-008   5.8957067794112783     
   88.695652174021447        6.2243591240380543E-002   3.5029613233829152E-002 -0.12133428017025376        1.1622726968657400E-008   5.9019290612810034     
   88.853754940820068        6.2314346064053720E-002   3.5070406282886997E-002 -0.12144284632614438        1.1796272191204927E-008   5.9292904170140348     
   89.011857707618674        6.2397091436309338E-002   3.5096581958687055E-002 -0.12157719960185345        1.1757524641264420E-008   5.9130152663833764     
   89.169960474417280        6.2478161636098248E-002   3.5128554304945631E-002 -0.12172154892486137        1.1220318919327834E-008   5.9200032810447265     
   89.328063241215901        6.2566870969392230E-002   3.5162358163690698E-002 -0.12188795406874520        1.0943392834040539E-008   5.9233343862016614     
   89.486166008014507        6.2664383089735903E-002   3.5188001778076926E-002 -0.12207226483709643        1.0797666746591686E-008   5.9344669198176900     
   89.644268774813128        6.2759764882105176E-002   3.5226729495511373E-002 -0.12224728687014094        1.0908315035404623E-008   5.9273298837488708     
   89.802371541611734        6.2848828536486601E-002   3.5269983601711977E-002 -0.12240158669600654        1.1769513906309612E-008   5.9386686126055839     
   89.960474308410340        6.2917399963021939E-002   3.5318736718869551E-002 -0.12253134471565402        1.2539147776465656E-008   5.9663744653919526     
   90.118577075208961        6.2958397496186841E-002   3.5357710000803552E-002 -0.12262869040908281        1.2601770892512714E-008   5.9614799548154869     
   90.276679842007567        6.2982581306456911E-002   3.5373417846620257E-002 -0.12269231231163677        1.2531696145821066E-008   5.9298558739752938     
   90.434782608806188        6.3010713463553233E-002   3.5390055461428982E-002 -0.12274806757489395        1.2291050031653894E-008   5.9660317138769310     
   90.592885375604794        6.3052812574466779E-002   3.5420895126124834E-002 -0.12281918950769177        1.1627767886813645E-008   5.9782381713711379     
   90.750988142403415        6.3109598015840665E-002   3.5425601425730729E-002 -0.12291341253664713        1.1443913191471479E-008   5.9686461558497603     
   90.909090909202021        6.3194360587615822E-002   3.5402026449727585E-002 -0.12305736130260114        1.1679017432242459E-008   5.9419923082313373     
   91.067193676000628        6.3301039175235913E-002   3.5406981381961501E-002 -0.12323211335021785        1.2057604975518363E-008   5.9238065723821043     
   91.225296442799248        6.3381399707831201E-002   3.5446781337812899E-002 -0.12337818036356317        1.2899105914150743E-008   5.9619902216830010     
   91.383399209597854        6.3414862322186807E-002   3.5477444447800217E-002 -0.12347050209965069        1.3549221550919557E-008   5.9871603334591663     
   91.541501976396475        6.3421186575927449E-002   3.5459775410206479E-002 -0.12352422600976187        1.3710664629098507E-008   5.9666784969654056     
   91.699604743195081        6.3420029380754181E-002   3.5456068935990695E-002 -0.12355345646064764        1.3210498744062540E-008   5.9257329927218434     
   91.857707509993688        6.3412396702115167E-002   3.5487868789789094E-002 -0.12356437712877530        1.2884844961871109E-008   5.9046591795989150     
   92.015810276792308        6.3395621805256680E-002   3.5531636977707344E-002 -0.12356361851944067        1.2694225327922358E-008   5.8886779506851052     
   92.173913043590915        6.3380552873577883E-002   3.5584940241806716E-002 -0.12355420774995941        1.2467250860201848E-008   5.8881855105836856     
   92.332015810389535        6.3373089242141731E-002   3.5629795273946267E-002 -0.12354478238878562        1.2387010444364909E-008   5.8968079939326206     
   92.490118577188142        6.3373253523552261E-002   3.5686048038171013E-002 -0.12354515133895558        1.1891474437526944E-008   5.9354146904729790     
   92.648221343986748        6.3389141435844593E-002   3.5769055121013048E-002 -0.12356727129435095        1.1284644781127523E-008   5.9675271930525415     
   92.806324110785368        6.3425596115387034E-002   3.5831214215222590E-002 -0.12362133615926832        1.1260400405687502E-008   5.9569623746159461     
   92.964426877583975        6.3491962791660458E-002   3.5873160992824241E-002 -0.12371591552598693        1.1173291517678584E-008   5.9487139145519814     
   93.122529644382595        6.3599801783449580E-002   3.5941525996734627E-002 -0.12387038044449372        1.1734334051043099E-008   6.0293097258875186     
   93.280632411181202        6.3737684006506451E-002   3.5983862118071822E-002 -0.12407289058494954        1.2525899118382339E-008   6.0571646532336771     
   93.438735177979822        6.3879332882608414E-002   3.6032351078297886E-002 -0.12426974610544854        1.2426627315665472E-008   6.0028977345616052     
   93.596837944778429        6.4034815175142215E-002   3.6067593823349037E-002 -0.12446508102132658        1.2550052661910288E-008   5.9444060199797271     
   93.754940711577035        6.4196671718111567E-002   3.6115625655700347E-002 -0.12466037120505187        1.2900036457158159E-008   5.9321304811484339     
   93.913043478375656        6.4325106267854093E-002   3.6155294746809667E-002 -0.12480942305300846        1.3368950598599702E-008   5.9830332500604628     
   94.071146245174262        6.4415499846714921E-002   3.6167364016108670E-002 -0.12490215019225991        1.3168000853867139E-008   5.9753427097686025     
   94.229249011972882        6.4473602534575514E-002   3.6188030965222627E-002 -0.12493904987668222        1.3119190166040763E-008   5.9500811384229078     
   94.387351778771489        6.4504240822802858E-002   3.6235952383353989E-002 -0.12493733862852299        1.2887762800835136E-008   6.0057413593060893     
   94.545454545570095        6.4496510286087397E-002   3.6275971124284108E-002 -0.12489629461416941        1.2577138497373396E-008   6.0488658501977692     
   94.703557312368716        6.4473576986246978E-002   3.6268655118432434E-002 -0.12483907403695324        1.2306916425245586E-008   5.9762438918788510     
   94.861660079167322        6.4436340672117204E-002   3.6274588874210124E-002 -0.12475651629135226        1.2259787611208389E-008   5.9551370400734722     
   95.019762845965943        6.4363050755457021E-002   3.6326382805739466E-002 -0.12463652485603743        1.2505421256652739E-008   6.0271072511072488     
   95.177865612764549        6.4260815194698104E-002   3.6349403942251203E-002 -0.12450975211286205        1.2310104545093259E-008   6.0819930482557281     
   95.335968379563170        6.4154954192889260E-002   3.6333985553861414E-002 -0.12439695718520574        1.2425973021542041E-008   6.0743457510435821     
   95.494071146361776        6.4074405358280240E-002   3.6317350608092443E-002 -0.12431706951150515        1.2329664222056965E-008   6.0359528179472814     
   95.652173913160382        6.4011215643396235E-002   3.6317107661136695E-002 -0.12425951584816880        1.2159217133280349E-008   5.9842685911982390     
   95.810276679959003        6.3963020645956908E-002   3.6344643430700742E-002 -0.12421653509448077        1.1987392917723277E-008   5.9990347768331533     
   95.968379446757609        6.3932272920647029E-002   3.6386365767767784E-002 -0.12419268099143149        1.1838622918563931E-008   6.0266386478523017     
   96.126482213556230        6.3915192353359240E-002   3.6421917598257372E-002 -0.12418625845815995        1.1532041036960007E-008   6.0228737066427254     
   96.284584980354836        6.3905560630801578E-002   3.6483295799206429E-002 -0.12416322552885251        1.1138316830475519E-008   6.0383350087696934     
   96.442687747153443        6.3889519606519340E-002   3.6574192952504504E-002 -0.12410843093246320        1.1412514720656626E-008   6.1599690164488141     
   96.600790513952063        6.3867847636855046E-002   3.6609458192800967E-002 -0.12404543707482156        1.1080350378862197E-008   6.2489025916905137     
   96.758893280750669        6.3855497976449613E-002   3.6593118483527358E-002 -0.12398804744722136        1.0608852682249252E-008   6.1398047651364784     
   96.916996047549290        6.3865741810203588E-002   3.6583486300048478E-002 -0.12394559587175449        1.0444870312707637E-008   6.0951156611844981     
   97.075098814347896        6.3880762766887672E-002   3.6625047670799701E-002 -0.12392378867131998        1.1121663216764788E-008   6.1743550039545552     
   97.233201581146503        6.3890076668039447E-002   3.6688152596592978E-002 -0.12391460035503787        1.1519841339033448E-008   6.2337937394835343     
   97.391304347945123        6.3866208521520279E-002   3.6768045605403671E-002 -0.12386417565968080        1.1900468018350057E-008   6.3719295786099392     
   97.549407114743730        6.3816154365000141E-002   3.6802368768812772E-002 -0.12377685483665821        1.1682281138676832E-008   6.3154143702578036     
   97.707509881542350        6.3762730837920029E-002   3.6819166613479455E-002 -0.12368492728680792        1.1684076141183493E-008   6.2397431943965840     
   97.865612648340957        6.3717163957718925E-002   3.6822379212854375E-002 -0.12358876890153449        1.1576914186399984E-008   6.1821485705722292     
   98.023715415139577        6.3663591018339780E-002   3.6864259723890992E-002 -0.12348142464365858        1.1290938189376326E-008   6.1934323465040748     
   98.181818181938183        6.3593415050725230E-002   3.6954021570181142E-002 -0.12336437521499274        1.1093951054761968E-008   6.2949303623217290     
   98.339920948736790        6.3522219528912224E-002   3.7013878663516166E-002 -0.12325616982842372        1.1089102625507589E-008   6.3505988342076067     
   98.498023715535410        6.3459008481843396E-002   3.7009675529624177E-002 -0.12316935821994292        1.1006715242316634E-008   6.2852992649061310     
   98.656126482334017        6.3409723426977885E-002   3.6984126802639669E-002 -0.12310716398537387        1.1498065120616577E-008   6.2167177469402208     
